148.988 29.6294 383.501 -168.752 0.000106136 130.092 
148.991 29.6281 383.503 11.247 0.000193857 -49.907 
148.996 29.6257 383.506 -168.754 0.000106136 130.094 
149.003 29.6225 383.511 11.2441 9.3853e-05 -49.904 
149.011 29.6182 383.517 -168.758 0.00020614 130.097 
149.022 29.6133 383.525 0 6.15665e-06 -38.6607 
149.034 29.6071 383.533 -168.764 0.000306142 130.103 
149.049 29.6003 383.544 -168.768 0.000206138 130.106 
149.06 29.5914 383.56 11.2284 0.000493858 -49.891 
149.078 29.5826 383.573 11.2238 0.00059386 -49.887 
149.098 29.5728 383.587 11.2187 0.000193857 -49.882 
149.119 29.562 383.602 -168.787 0.000606141 130.123 
149.144 29.5504 383.619 0 6.09716e-06 -38.6649 
149.163 29.5368 383.642 11.2006 9.38569e-05 -49.866 
149.191 29.5233 383.662 -168.806 0.000406141 130.14 
149.221 29.5089 383.683 -168.814 0.000306142 130.146 
149.247 29.4924 383.71 11.1781 0.000293859 -49.847 
149.281 29.4764 383.734 11.1697 0.000293858 -49.839 
149.316 29.4591 383.759 -168.839 0.000106136 130.168 
149.347 29.4399 383.79 -168.849 0.000106143 130.177 
149.387 29.421 383.818 11.1415 0.000393859 -49.815 
149.422 29.3997 383.852 11.1311 0.000393861 -49.806 
149.465 29.3788 383.882 -168.88 0.00010615 130.204 
149.51 29.357 383.914 -168.891 0.00010614 130.214 
149.551 29.3332 383.952 11.0972 0.000293859 -49.776 
149.599 29.3092 383.987 -168.915 0.00070614 130.235 
149.644 29.2836 384.028 -168.928 0.000306142 130.246 
149.697 29.2581 384.065 -168.941 0.00040614 130.257 
149.746 29.2305 384.109 0 6.15665e-06 -38.6857 
149.802 29.203 384.149 -168.969 0.000106143 130.282 
149.855 29.1736 384.195 11.0165 0.000293858 -49.706 
149.909 29.1431 384.243 11.0014 0.000193857 -49.693 
149.97 29.1129 384.287 -169.014 0.000406141 130.321 
150.029 29.0807 384.337 10.9698 0.000393859 -49.665 
150.094 29.0485 384.384 -169.047 0.000206143 130.349 
150.156 29.0144 384.437 -169.064 0.00040614 130.364 
150.22 28.9792 384.492 -169.081 0.000106143 130.379 
150.291 28.9445 384.543 -169.099 0.000306139 130.395 
150.359 28.9075 384.6 0 6.03709e-06 -38.7063 
150.429 28.8698 384.659 10.8639 0.000793859 -49.573 
150.506 28.8319 384.714 0 6.21557e-06 -38.7114 
150.578 28.7921 384.776 -169.175 0.000206142 130.461 
150.653 28.7515 384.839 0 6.15665e-06 -38.7163 
150.731 28.7099 384.903 10.784 0.000693858 -49.503 
150.815 28.6683 384.964 -169.237 0.000106143 130.515 
150.895 28.6248 385.031 -169.259 0.000406141 130.534 
150.977 28.5804 385.099 -169.281 0.000206138 130.553 
151.063 28.5351 385.169 10.6969 0.000393859 -49.427 
151.154 28.4897 385.236 -169.326 0.000406141 130.593 
151.242 28.4425 385.309 10.6506 0.000193861 -49.387 
151.332 28.3943 385.383 10.6268 0.000293857 -49.366 
151.423 28.3452 385.458 0 6.09716e-06 -38.7424 
151.517 28.2951 385.535 0 6.03709e-06 -38.7461 
151.618 28.2449 385.609 -169.447 0.00040614 130.698 
151.715 28.1929 385.688 -169.473 0.000306139 130.72 
151.814 28.1402 385.77 10.5011 0.000193857 -49.257 
151.915 28.0861 385.852 10.4746 0.000293858 -49.234 
152.018 28.0314 385.936 10.4477 0.000793859 -49.21 
152.123 27.9757 386.022 10.4204 0.000793859 -49.187 
152.233 27.9199 386.104 -169.607 0.000706142 130.837 
152.343 27.8625 386.193 10.3645 0.000193856 -49.138 
152.452 27.8035 386.282 -169.664 0.000306139 130.887 
152.563 27.7441 386.374 -169.693 0.000406142 130.912 
152.677 27.6836 386.466 10.2773 9.38608e-05 -49.062 
152.792 27.6221 386.56 0 6.15665e-06 -38.7886 
152.915 27.5605 386.651 -169.783 0.000606141 130.99 
153.033 27.4972 386.748 -169.814 0.000706142 131.017 
153.154 27.4329 386.847 -169.845 0.000406141 131.044 
153.278 27.3678 386.947 10.1235 0.000493861 -48.929 
153.401 27.3014 387.048 -169.909 0.000206143 131.099 
153.528 27.2345 387.151 10.0591 0.000593859 -48.873 
153.661 27.1673 387.251 -169.974 0.000106136 131.155 
153.79 27.0981 387.357 -170.007 0.000306142 131.184 
153.922 27.0281 387.464 0 6.03709e-06 -38.8276 
154.054 26.957 387.573 -170.075 0.00020614 131.243 
154.189 26.8851 387.683 0 6.15665e-06 -38.8361 
154.332 26.8132 387.791 -170.144 0.000306142 131.303 
154.47 26.7393 387.904 -170.179 0.000106143 131.333 
154.61 26.6644 388.019 -170.215 0.000406141 131.364 
154.753 26.5888 388.135 9.74907 0.000793859 -48.605 
154.901 26.5128 388.248 -170.287 0.000506141 131.427 
155.046 26.4351 388.367 -170.324 0.00040614 131.459 
155.194 26.3565 388.488 9.63857 0.000293858 -48.509 
155.347 26.2777 388.606 -170.399 0.00060614 131.523 
155.498 26.1972 388.73 0 6.21557e-06 -38.881 
155.65 26.1156 388.855 0 6.15665e-06 -38.8864 
155.81 26.0339 388.978 -170.514 0.000406143 131.623 
155.965 25.9504 389.106 -170.553 0.000306142 131.657 
156.123 25.866 389.236 9.40717 0.000193854 -48.309 
156.288 25.7816 389.363 9.36728 0.000193857 -48.275 
156.447 25.695 389.496 -170.673 0.000306142 131.76 
156.615 25.6086 389.626 -170.714 0.000306141 131.795 
156.78 25.5203 389.762 9.2454 0.000193857 -48.17 
156.95 25.4317 389.895 -170.796 0.00080614 131.866 
157.119 25.3416 390.034 9.16232 0.000593858 -48.098 
157.292 25.2511 390.171 -170.88 0.000506139 131.938 
157.463 25.1589 390.313 -170.922 0.000106136 131.974 
157.641 25.0666 390.453 -170.965 0.00020614 132.011 
157.82 24.9732 390.594 -171.008 0.00080614 132.048 
157.996 24.8782 390.741 8.94837 9.38646e-05 -47.914 
158.178 24.7828 390.885 -171.095 0.000606141 132.124 
158.362 24.6866 391.031 -171.14 0.00070614 132.161 
158.544 24.5887 391.182 8.81581 0.000593859 -47.8 
158.731 24.4905 391.331 8.77094 0.000393861 -47.762 
158.92 24.3912 391.482 -171.274 0.000306144 132.277 
159.11 24.291 391.634 -171.32 0.000506141 132.316 
159.303 24.1899 391.788 -171.366 0.000206143 132.356 
159.497 24.0878 391.944 -171.412 0.000506142 132.395 
159.693 23.9847 392.101 -171.458 0.00020614 132.435 
159.89 23.8806 392.259 -171.505 0.000506141 132.475 
160.089 23.7756 392.42 -171.552 0.000306143 132.516 
160.29 23.6696 392.581 8.40003 0.000493859 -47.444 
160.49 23.5624 392.745 -171.648 0.000306142 132.597 
160.695 23.4545 392.91 8.30408 0.000293859 -47.362 
160.905 23.3462 393.073 -171.744 0.000506141 132.68 
161.112 23.2363 393.241 8.20688 0.000193857 -47.278 
161.32 23.1253 393.411 8.15782 0.000293858 -47.237 
161.535 23.0141 393.579 0 6.15665e-06 -39.0856 
161.746 22.9011 393.752 8.05879 9.38608e-05 -47.152 
161.964 22.788 393.923 -171.991 0.000306139 132.891 
162.178 22.673 394.1 -172.041 0.000206136 132.934 
162.398 22.5578 394.274 -172.092 0.000506143 132.977 
162.616 22.441 394.454 7.85716 0.00059386 -46.98 
162.84 22.3238 394.632 7.80602 9.38569e-05 -46.936 
163.066 22.2057 394.811 7.7546 0.000193861 -46.893 
163.293 22.0865 394.992 -172.297 0.000206142 133.151 
163.517 21.9657 395.179 7.65092 0.000893859 -46.804 
163.746 21.8445 395.364 7.59866 0.000393859 -46.76 
163.977 21.7224 395.55 7.54613 0.000493859 -46.715 
164.215 21.5998 395.733 -172.507 0.00090614 133.33 
164.451 21.4759 395.923 7.44025 9.38569e-05 -46.625 
164.685 21.3506 396.115 -172.613 0.00040614 133.42 
164.922 21.2245 396.307 -172.667 0.000306142 133.466 
165.167 21.0981 396.498 -172.721 0.000806141 133.511 
165.408 20.9701 396.694 7.22531 0.000293859 -46.443 
165.649 20.841 396.893 7.17093 0.000793859 -46.397 
165.897 20.7115 397.089 -172.884 0.00020614 133.65 
166.146 20.581 397.286 -172.939 0.000606141 133.696 
166.392 20.449 397.49 7.00629 0.00039386 -46.257 
166.644 20.3165 397.691 0 6.15665e-06 -39.2591 
166.899 20.183 397.894 0 6.15665e-06 -39.2677 
167.153 20.0485 398.098 -173.161 0.000406142 133.884 
167.41 19.9131 398.305 -173.217 0.000406141 133.931 
167.668 19.7767 398.513 6.72704 0.000193854 -46.021 
167.927 19.6392 398.723 6.67049 0.000193859 -45.974 
168.193 19.5014 398.931 -173.386 0.00020614 134.074 
168.455 19.3619 399.145 -173.443 0.000106143 134.122 
168.719 19.2215 399.36 6.49947 0.000393859 -45.83 
168.988 19.0805 399.574 -173.558 0.00050614 134.219 
169.26 18.9388 399.789 6.38436 9.38685e-05 -45.733 
169.527 18.7952 400.01 6.32649 0.000193856 -45.684 
169.8 18.6513 400.228 -173.732 0.000106143 134.365 
170.075 18.5065 400.449 0 6.15665e-06 -39.3759 
170.353 18.3606 400.672 6.1516 0.00059386 -45.537 
170.63 18.2137 400.896 6.0929 0.000793859 -45.488 
170.914 18.0663 401.118 -173.966 0.000506142 134.562 
171.194 17.9173 401.346 -174.025 0.000306141 134.611 
171.475 17.7674 401.576 5.9156 0.000393861 -45.339 
171.763 17.617 401.804 -174.144 0.00040614 134.71 
172.052 17.4656 402.033 -174.204 0.000606141 134.76 
172.338 17.3127 402.268 5.73658 0.000693859 -45.19 
172.629 17.1593 402.502 5.67654 0.000493859 -45.139 
172.921 17.0048 402.737 -174.384 0.000206143 134.911 
173.216 16.8495 402.974 5.55591 0.000593858 -45.039 
173.517 16.6936 403.21 0 6.21557e-06 -39.4927 
173.813 16.536 403.451 -174.565 0.000106143 135.062 
174.11 16.3776 403.693 5.37367 0.000393859 -44.887 
174.415 16.2187 403.934 5.31259 0.000293859 -44.836 
174.72 16.0586 404.177 -174.749 0.00020614 135.215 
175.021 15.8972 404.426 5.18993 0.000793859 -44.734 
175.328 15.7351 404.673 5.12836 0.00039386 -44.683 
175.642 15.5725 404.917 -174.933 0.00050614 135.368 
175.952 15.4086 405.168 5.00476 0.000193859 -44.58 
176.263 15.2435 405.421 4.94273 0.000293859 -44.529 
176.579 15.0778 405.671 -175.119 0.000906141 135.523 
176.893 14.9108 405.928 4.81823 0.000293857 -44.426 
177.213 14.7432 406.182 4.75577 9.38646e-05 -44.374 
177.532 14.5745 406.439 -175.307 0.00050614 135.677 
177.854 14.4048 406.697 -175.37 0.000606141 135.729 
178.177 14.2342 406.958 -175.432 0.00020614 135.781 
178.5 14.0625 407.22 -175.495 0.00020614 135.833 
178.83 13.8903 407.481 -175.559 0.000606141 135.885 
179.156 13.7166 407.748 4.37816 0.000493859 -44.063 
179.488 13.5423 408.012 4.31478 0.000193857 -44.011 
179.82 13.367 408.279 -175.749 0.00060614 136.042 
180.155 13.1907 408.548 4.18765 0.000193861 -43.906 
180.49 13.0134 408.819 4.12391 0.000493858 -43.854 
180.826 12.835 409.091 4.06006 0.000493858 -43.801 
181.168 12.6561 409.363 -176.004 0.000106136 136.251 
181.512 12.4761 409.636 0 6.15665e-06 -39.764 
181.85 12.2948 409.915 3.86785 0.000593858 -43.644 
182.196 12.1128 410.192 3.80357 0.000793859 -43.591 
182.547 11.9301 410.468 -176.261 0.000406141 136.461 
182.893 11.7461 410.749 -176.325 0.000106143 136.514 
183.242 11.5612 411.032 3.61014 0.00079386 -43.434 
183.596 11.3755 411.314 3.54547 0.000293862 -43.381 
183.95 11.1887 411.598 -176.519 0.000606141 136.672 
184.307 11.0011 411.884 3.41587 9.38646e-05 -43.275 
184.663 10.8123 412.172 3.35094 0.000393857 -43.223 
185.02 10.6226 412.462 3.28593 0.000193857 -43.17 
185.383 10.4327 412.75 -176.779 0.000106143 136.883 
185.746 10.2427 413.039 -176.844 0.000306138 136.935 
186.102 10.0524 413.331 3.09187 0.00059386 -43.012 
186.463 9.86242 413.62 3.02767 0.000493858 -42.96 
186.823 9.67231 413.91 2.9637 0.00059386 -42.909 
187.183 9.48221 414.2 2.89998 0.000693859 -42.857 
187.547 9.29231 414.487 0 6.15665e-06 -39.9695 
187.905 9.10215 414.778 2.77325 0.000293859 -42.755 
188.268 8.91216 415.066 -177.29 0.000206143 137.296 
188.624 8.7219 415.358 2.64745 0.000293859 -42.654 
188.985 8.53184 415.647 0 6.15665e-06 -40.0181 
189.345 8.34179 415.937 -177.477 0.000306142 137.447 
189.706 8.15176 416.227 2.46051 0.000493859 -42.503 
190.065 7.9616 416.517 2.39865 0.000493858 -42.454 
190.429 7.77169 416.804 -177.663 0.00050614 137.596 
190.787 7.58154 417.095 2.27563 0.000693858 -42.355 
191.15 7.39154 417.384 0 6.15665e-06 -40.0915 
191.511 7.20149 417.673 -177.846 0.000706142 137.742 
191.867 7.01128 417.965 2.09279 0.000793859 -42.209 
192.227 6.82118 418.254 2.03229 0.000393858 -42.161 
192.592 6.63126 418.541 -178.028 0.000906141 137.887 
192.952 6.44115 418.832 -178.088 0.000106146 137.935 
193.309 6.25098 419.122 -178.148 0.000206143 137.983 
193.673 6.06101 419.411 -178.208 0.000206143 138.03 
194.029 5.87081 419.702 -178.267 0.000106136 138.077 
194.392 5.68081 419.991 1.67391 0.000193859 -41.876 
194.752 5.49073 420.28 -178.385 0.00040614 138.171 
195.113 5.30065 420.57 1.55618 9.38608e-05 -41.783 
195.471 5.11054 420.86 -178.502 0.000306139 138.264 
195.831 4.92044 421.15 1.43931 0.00039386 -41.69 
196.195 4.73046 421.438 1.38119 0.000193859 -41.644 
196.552 4.54032 421.729 1.32329 0.000193857 -41.599 
196.915 4.3503 422.018 1.26559 0.000193857 -41.553 
197.275 4.16023 422.307 -178.792 0.00060614 138.492 
197.637 3.97019 422.597 -178.849 0.000306139 138.537 
197.996 3.78008 422.886 -178.906 0.000806142 138.582 
198.356 3.59 423.176 -178.963 0.00020614 138.626 
198.715 3.3999 423.467 0.9802 0.000393858 -41.329 
199.078 3.20986 423.754 -179.076 0.00070614 138.715 
199.436 3.01974 424.046 0.867474 0.000193856 -41.241 
199.799 2.82971 424.334 0.811414 0.000293859 -41.197 
200.159 2.63963 424.623 -179.244 0.000506142 138.847 
200.515 2.4495 424.916 0.699893 0.000793859 -41.11 
200.88 2.25948 425.203 -179.356 0.000806142 138.933 
201.24 2.06939 425.493 -179.411 0.000206142 138.976 
201.599 1.8793 425.783 0.534096 0.000493861 -40.981 
201.956 1.6892 426.074 0.479223 0.000393859 -40.938 
202.319 1.49915 426.362 0.424545 0.000393858 -40.896 
202.681 1.30909 426.651 -179.63 0.000506142 139.146 
203.037 1.11899 426.943 0.315768 0.000693859 -40.812 
203.397 0.92891 427.232 0.261667 9.3853e-05 -40.77 
203.758 0.738841 427.522 0.207758 0.000593859 -40.728 
204.122 0.548777 427.809 -179.846 0.000706141 139.313 
204.481 0.358701 428.1 0 6.15665e-06 -40.5445 
204.838 0.168622 428.391 0 6.15665e-06 -40.5568 
205.202 -0.0214507 428.679 0 6.09716e-06 -40.569 
205.564 -0.211527 428.968 179.941 0.000806141 139.477 
205.92 -0.401596 429.26 -0.111741 0.00059386 -40.482 
206.28 -0.59167 429.549 -0.16434 9.3853e-05 -40.442 
206.641 -0.781745 429.839 -0.216755 0.000693859 -40.401 
207.006 -0.971839 430.126 179.731 0.000506142 139.639 
207.364 -1.1619 430.417 179.679 0.00060614 139.678 
207.723 -1.35197 430.707 -0.372906 0.000393857 -40.282 
208.085 -1.54206 430.996 179.575 0.000406141 139.757 
208.441 -1.7321 431.287 0 6.15665e-06 -40.6791 
208.804 -1.92219 431.576 -0.527434 0.000493858 -40.164 
209.164 -2.11227 431.866 -0.578587 9.38608e-05 -40.125 
209.524 -2.30234 432.155 179.37 0.00010614 139.913 
209.885 -2.49241 432.445 -0.680364 0.000793858 -40.048 
210.249 -2.68254 432.733 179.269 0.000106143 139.99 
210.607 -2.87258 433.024 -0.781439 9.38608e-05 -39.971 
210.964 -3.06261 433.314 -0.831716 0.00049386 -39.933 
211.326 -3.25271 433.603 0 6.15665e-06 -40.7778 
211.688 -3.44281 433.892 179.068 0.000306143 140.142 
212.049 -3.6329 434.182 179.018 0.000506142 140.18 
212.409 -3.82299 434.471 178.969 0.00050614 140.217 
212.769 -4.01305 434.761 178.919 0.000306141 140.254 
213.128 -4.20308 435.051 0 6.09716e-06 -40.8388 
213.486 -4.3931 435.342 -1.17886 0.000393861 -39.672 
213.85 -4.58325 435.63 0 6.09716e-06 -40.8628 
214.213 -4.77338 435.919 178.723 0.000306141 140.401 
214.569 -4.96338 436.21 -1.32512 0.000593858 -39.562 
214.93 -5.15345 436.499 178.626 0.000306144 140.474 
215.291 -5.34355 436.789 178.578 0.00010614 140.51 
215.651 -5.53361 437.079 -1.46989 0.000293857 -39.454 
216.009 -5.72363 437.369 178.482 0.000206142 140.581 
216.374 -5.91383 437.657 178.434 0.000506139 140.617 
216.732 -6.10386 437.947 -1.6132 0.000393861 -39.348 
217.095 -6.294 438.236 178.339 0.00060614 140.687 
217.452 -6.48398 438.527 -1.70794 0.00059386 -39.277 
217.813 -6.67408 438.816 178.245 0.00010614 140.757 
218.175 -6.86419 439.106 -1.80204 0.000393858 -39.208 
218.534 -7.05423 439.395 -1.84885 9.38569e-05 -39.173 
218.893 -7.24427 439.685 178.104 0.000106143 140.861 
219.253 -7.43432 439.975 -1.94201 0.000893859 -39.105 
219.617 -7.62453 440.264 0 6.09716e-06 -41.0594 
219.974 -7.81448 440.554 -2.03455 0.000293859 -39.037 
220.337 -8.00464 440.843 177.919 0.00020614 140.997 
220.699 -8.19479 441.132 177.874 0.000606143 141.031 
221.054 -8.38466 441.423 -2.17221 0.000193856 -38.936 
221.415 -8.57474 441.713 -2.21779 0.000193859 -38.902 
221.775 -8.7648 442.003 -2.26322 0.000293857 -38.869 
222.14 -8.95508 442.291 177.692 0.000406141 141.164 
222.499 -9.14508 442.581 -2.35363 9.3853e-05 -38.803 
222.857 -9.3351 442.871 -2.39862 0.00069386 -38.77 
223.219 -9.52524 443.16 177.557 0.00050614 141.262 
223.576 -9.71517 443.451 -2.48814 0.00049386 -38.705 
223.938 -9.90534 443.74 -2.53268 0.00059386 -38.673 
224.299 -10.0954 444.029 177.423 0.000106136 141.359 
224.66 -10.2855 444.319 -2.62132 0.000393861 -38.609 
225.019 -10.4755 444.609 0 6.03709e-06 -41.2424 
225.379 -10.6656 444.898 -2.70938 0.000893859 -38.545 
225.743 -10.8558 445.187 177.247 0.000206136 141.486 
226.1 -11.0458 445.477 0 6.09716e-06 -41.2789 
226.463 -11.236 445.766 177.16 0.00070614 141.549 
226.82 -11.4259 446.057 -2.88379 0.000793858 -38.42 
227.182 -11.616 446.346 -2.92704 0.00049386 -38.389 
227.543 -11.8061 446.636 -2.97014 0.00039386 -38.358 
227.903 -11.9962 446.925 -3.01311 0.000393859 -38.327 
228.263 -12.1862 447.215 -3.05594 0.00059386 -38.297 
228.621 -12.3762 447.505 176.901 0.000106143 141.734 
228.985 -12.5665 447.794 176.859 0.000506141 141.764 
229.343 -12.7564 448.084 -3.1836 0.000193852 -38.206 
229.707 -12.9467 448.373 -3.22588 9.38608e-05 -38.176 
230.062 -13.1365 448.663 -3.26802 0.000193859 -38.146 
230.425 -13.3267 448.953 -3.31003 0.000393859 -38.116 
230.785 -13.5167 449.242 176.648 0.000206138 141.914 
231.146 -13.7069 449.532 -3.39364 0.000393859 -38.057 
231.505 -13.8969 449.822 -3.43525 0.000193861 -38.028 
231.864 -14.0868 450.112 -3.47672 9.38646e-05 -37.998 
232.228 -14.2772 450.4 176.482 0.000806141 142.031 
232.587 -14.4671 450.691 -3.55927 0.00049386 -37.94 
232.95 -14.6574 450.98 0 6.09716e-06 -41.5113 
233.306 -14.8472 451.27 -3.64129 0.000693859 -37.883 
233.668 -15.0374 451.559 -3.68211 0.000493858 -37.854 
234.028 -15.2274 451.849 176.277 0.000506142 142.174 
234.389 -15.4175 452.138 176.237 0.000306142 142.203 
234.749 -15.6076 452.428 -3.80378 9.38608e-05 -37.769 
235.108 -15.7976 452.718 -3.84409 0.000593859 -37.741 
235.472 -15.9879 453.007 176.116 0.000606142 142.287 
235.831 -16.1779 453.297 -3.92431 0.000293859 -37.685 
236.193 -16.3681 453.586 176.036 0.000606141 142.342 
236.551 -16.558 453.876 -4.00403 0.00059386 -37.63 
236.912 -16.7481 454.166 -4.0437 9.38569e-05 -37.603 
237.273 -16.9382 454.455 175.917 0.000306138 142.425 
237.634 -17.1283 454.745 175.877 0.00050614 142.452 
237.994 -17.3184 455.034 175.838 0.00050614 142.479 
238.353 -17.5084 455.324 175.799 0.000306139 142.506 
238.712 -17.6983 455.614 -4.24021 9.38569e-05 -37.467 
239.076 -17.8887 455.903 175.721 0.000406141 142.559 
239.434 -18.0786 456.193 -4.31796 0.000293858 -37.414 
239.796 -18.2688 456.482 175.643 0.00080614 142.612 
240.153 -18.4586 456.773 -4.39522 0.000293862 -37.361 
240.515 -18.6488 457.062 -4.43368 0.000593858 -37.335 
240.875 -18.8389 457.352 0 6.27393e-06 -41.781 
241.235 -19.0289 457.641 175.49 0.000306138 142.717 
241.596 -19.219 457.931 -4.54832 0.000493859 -37.257 
241.954 -19.409 458.221 -4.5863 0.000493858 -37.231 
242.319 -19.5993 458.509 175.376 0.000306139 142.794 
242.676 -19.7892 458.799 -4.66191 9.38646e-05 -37.18 
243.04 -19.9795 459.089 175.3 0.000406141 142.845 
243.396 -20.1693 459.379 -4.73706 0.000393861 -37.13 
243.759 -20.3596 459.668 -4.77446 0.000293858 -37.104 
244.119 -20.5496 459.958 175.188 0.00060614 142.921 
244.48 -20.7398 460.247 175.151 0.000306142 142.945 
244.841 -20.9299 460.537 -4.88597 9.3853e-05 -37.03 
245.2 -21.1199 460.827 175.077 0.000206142 142.995 
245.558 -21.3097 461.116 175.04 0.000306141 143.02 
245.917 -21.4997 461.406 -4.99647 0.000693859 -36.956 
246.281 -21.6901 461.696 174.967 0.000106143 143.068 
246.637 -21.8798 461.986 -5.06958 0.000293858 -36.907 
247 -22.0701 462.275 174.894 0.000106133 143.117 
247.362 -22.2603 462.564 174.858 0.000306141 143.141 
247.723 -22.4505 462.854 174.822 0.000406141 143.165 
248.084 -22.6406 463.143 174.786 0.00020614 143.189 
248.445 -22.8307 463.433 -5.25042 9.38608e-05 -36.788 
248.803 -23.0206 463.723 174.714 0.000406142 143.236 
249.163 -23.2106 464.013 -5.32199 0.000293859 -36.741 
249.52 -23.4004 464.303 -5.35762 0.000193859 -36.717 
249.885 -23.5909 464.592 -5.39314 0.000293858 -36.694 
250.242 -23.7806 464.882 -5.42855 0.000493858 -36.671 
250.604 -23.9709 465.171 0 6.21557e-06 -42.1119 
250.966 -24.1611 465.461 174.501 0.000406141 143.375 
251.327 -24.3513 465.75 174.466 0.00060614 143.398 
251.688 -24.5414 466.04 174.431 0.000606141 143.421 
252.048 -24.7315 466.329 174.396 0.000406141 143.444 
252.408 -24.9215 466.619 0 6.15665e-06 -42.1728 
252.766 -25.1113 466.909 174.327 0.000406141 143.489 
253.125 -25.3013 467.199 -5.70808 0.000293862 -36.489 
253.488 -25.4916 467.488 174.257 0.00070614 143.533 
253.846 -25.6815 467.778 -5.77693 0.000393857 -36.445 
254.208 -25.8717 468.067 174.189 0.000306137 143.577 
254.57 -26.062 468.357 174.155 0.000806141 143.599 
254.925 -26.2515 468.647 174.121 0.000106136 143.621 
255.287 -26.4418 468.936 -5.91341 0.000793858 -36.357 
255.646 -26.6317 469.226 174.053 0.000106136 143.664 
256.006 -26.8217 469.516 -5.98104 9.3853e-05 -36.314 
256.372 -27.0124 469.805 173.985 0.000506141 143.707 
256.731 -27.2023 470.094 -6.04829 0.000193861 -36.271 
257.088 -27.392 470.384 0 6.09716e-06 -42.3318 
257.453 -27.5825 470.674 0 6.09716e-06 -42.3441 
257.809 -27.7722 470.963 -6.14842 0.000193857 -36.208 
258.171 -27.9624 471.253 173.818 0.000506141 143.813 
258.534 -28.1528 471.542 -6.21468 9.38608e-05 -36.166 
258.895 -28.3429 471.832 173.752 0.000206142 143.855 
259.255 -28.533 472.122 173.719 0.000206138 143.875 
259.616 -28.7231 472.411 173.687 0.00010615 143.896 
259.975 -28.9131 472.701 -6.34606 0.000193859 -36.084 
260.333 -29.1029 472.991 173.621 0.000306142 143.937 
260.692 -29.2928 473.28 -6.41118 0.00039386 -36.043 
261.055 -29.4832 473.57 173.556 0.000806141 143.977 
261.413 -29.673 473.86 -6.47593 0.000293858 -36.003 
261.775 -29.8633 474.149 173.492 0.000506142 144.017 
262.139 -30.0537 474.439 173.46 0.000106143 144.037 
262.494 -30.2432 474.728 -6.57235 0.00059386 -35.943 
262.855 -30.4333 475.018 -6.6043 0.000393857 -35.923 
263.215 -30.6235 475.308 -6.63617 0.000393858 -35.904 
263.576 -30.8135 475.597 -6.66794 0.000493859 -35.884 
263.934 -31.0033 475.887 173.3 0.000106136 144.135 
264.299 -31.194 476.177 173.269 0.00060614 144.155 
264.658 -31.3839 476.466 -6.76272 0.000193859 -35.826 
265.015 -31.5736 476.756 -6.79413 9.3853e-05 -35.807 
265.379 -31.7641 477.045 -6.82545 0.000193857 -35.788 
265.735 -31.9537 477.335 -6.85668 0.000493858 -35.769 
266.097 -32.144 477.624 0 6.15665e-06 -42.6378 
266.459 -32.3342 477.914 173.081 0.000406141 144.269 
266.82 -32.5243 478.204 173.05 0.000506141 144.288 
267.181 -32.7145 478.493 173.019 0.000506141 144.306 
267.541 -32.9046 478.783 172.988 0.000306141 144.325 
267.901 -33.0945 479.073 -7.04223 9.3853e-05 -35.657 
268.259 -33.2843 479.363 172.927 0.000306141 144.362 
268.624 -33.4751 479.652 172.897 0.000506141 144.38 
268.981 -33.6647 479.941 172.866 0.000506141 144.398 
269.34 -33.8545 480.231 -7.1642 0.000593858 -35.584 
269.702 -34.0449 480.521 0 5.97642e-06 -42.7605 
270.064 -34.2352 480.81 172.775 0.000506142 144.452 
270.42 -34.4247 481.1 -7.25478 0.000193857 -35.53 
270.781 -34.6149 481.39 -7.2848 9.38569e-05 -35.512 
271.142 -34.805 481.679 -7.31474 9.38569e-05 -35.494 
271.503 -34.9952 481.969 -7.3446 0.000393858 -35.477 
271.862 -35.185 482.259 172.625 0.000199996 144.542 
272.221 -35.375 482.548 -7.40307 0.000499999 -35.4429 
272.586 -35.5656 482.838 172.565 0.000700001 144.577 
272.945 -35.7555 483.127 -7.46682 0.000299999 -35.4036 
273.308 -35.946 483.417 172.505 0.0005 144.613 
273.665 -36.1356 483.707 172.47 0.000200002 144.636 
274.028 -36.3259 483.996 172.445 0.0006 144.647 
274.383 -36.5154 484.286 -7.60317 0.000100008 -35.3162 
274.745 -36.7057 484.576 0 0 -42.9316 
275.107 -36.8959 484.865 -7.61006 9.99936e-05 -35.3338 
275.468 -37.0861 485.155 -7.65972 0.000400002 -35.2964 
275.827 -37.276 485.444 172.269 9.99973e-05 144.763 
276.187 -37.4661 485.734 -7.71781 0.000500001 -35.2628 
276.546 -37.656 486.024 -7.74057 0.000299998 -35.2522 
276.91 -37.8466 486.313 172.21 0.0006 144.785 
277.269 -38.0365 486.603 -7.81892 0.000599999 -35.1984 
277.633 -38.227 486.893 172.111 9.99936e-05 144.859 
277.99 -38.4166 487.182 -7.85771 0.0005 -35.1841 
278.351 -38.6068 487.472 172.097 0.0008 144.849 
278.708 -38.7963 487.761 -7.8958 0.000199998 -35.1704 
279.07 -38.9867 488.051 -7.97312 0.000299999 -35.1054 
279.431 -39.1769 488.34 -7.97037 0.000599999 -35.1203 
279.791 -39.3669 488.63 0 0 -43.103 
280.151 -39.5569 488.919 171.94 0.000299999 144.945 
280.511 -39.747 489.209 -8.05037 0.0005 -35.0771 
280.87 -39.9368 489.499 -8.07758 0.000499999 -35.0621 
281.235 -40.1276 489.789 171.906 0.000299999 144.942 
281.593 -40.3173 490.078 -8.06703 9.99973e-05 -35.0972 
281.957 -40.5079 490.368 171.803 0.000399999 145.02 
282.314 -40.6975 490.657 -8.22475 0.000400001 -34.9639 
282.676 -40.8878 490.947 171.757 0.000700001 145.042 
283.033 -41.0774 491.236 -8.23473 0.000400001 -34.9784 
283.394 -41.2676 491.526 171.691 0.000400001 145.084 
283.756 -41.4579 491.816 -8.21413 0.000100008 -35.0235 
284.116 -41.648 492.106 171.627 0.0003 145.123 
284.476 -41.838 492.395 171.654 0.0005 145.084 
284.836 -42.028 492.685 171.628 0.000499999 145.098 
285.195 -42.2179 492.974 171.616 0.000300002 145.097 
285.554 -42.4077 493.264 0 1.20742e-06 -43.2988 
285.919 -42.5985 493.553 171.497 0.000400001 145.192 
286.277 -42.7882 493.843 -8.54013 0.000299999 -34.7831 
286.64 -42.9786 494.133 171.459 0.0009 145.205 
286.997 -43.1683 494.422 -8.49203 0.000199998 -34.8557 
287.359 -43.3587 494.712 171.398 0.0006 145.242 
287.722 -43.5491 495.002 171.328 0.000199996 145.299 
288.077 -43.7384 495.291 -8.60013 0.0004 -34.7844 
288.438 -43.9286 495.581 -8.59193 0.000199998 -34.8048 
288.799 -44.1187 495.871 -8.82364 0.000100001 -34.5854 
289.159 -44.3087 496.16 -8.66492 0.000300002 -34.7563 
289.519 -44.4988 496.449 -8.71399 0.0006 -34.7194 
289.884 -44.6894 496.74 171.251 0.001 145.304 
290.243 -44.8794 497.029 171.26 0.000300002 145.282 
290.602 -45.0692 497.319 -8.84613 0.0005 -34.624 
290.965 -45.2597 497.609 171.128 0.000499999 145.39 
291.322 -45.4493 497.898 171.08 0.000300002 145.425 
291.686 -45.64 498.188 0 nan nan 
292.042 -45.8294 498.477 -8.95117 0.000500001 -34.568 
292.404 -46.0197 498.767 -8.86111 0.000200002 -34.6703 
292.766 -46.21 499.057 -8.80083 0.000100005 -34.7428 
293.126 -46.4 499.346 170.984 0.0008 145.461 
293.487 -46.5902 499.636 170.951 0.0006 145.481 
293.848 -46.7803 499.925 170.866 0.000199996 145.554 
294.207 -46.9702 500.215 170.904 0.0007 145.504 
294.567 -47.1603 500.504 -8.91334 0.000100001 -34.6914 
294.925 -47.35 500.794 0 0 -43.6171 
295.283 -47.5397 501.083 -8.95793 0.000100001 -34.6713 
295.648 -47.7306 501.373 -9.23453 0.000300002 -34.407 
296.006 -47.9202 501.662 -9.1716 0.0008 -34.4822 
296.367 -48.1105 501.952 170.747 0.000599999 145.587 
296.724 -48.3 502.242 -9.04634 9.99936e-05 -34.6319 
297.087 -48.4904 502.531 -9.06828 9.99936e-05 -34.6222 
297.449 -48.6808 502.821 -9.19242 0.000200002 -34.5104 
297.81 -48.8709 503.111 170.639 0.0005 145.646 
298.171 -49.0612 503.401 170.446 9.99973e-05 145.826 
298.531 -49.2512 503.69 170.685 0.0004 145.576 
298.891 -49.4412 503.98 170.643 0.000600002 145.605 
299.251 -49.6313 504.27 -9.48959 0.0003 -34.2744 
299.61 -49.8211 504.559 -9.48529 0.000499999 -34.2909 
299.969 -50.0109 504.848 -9.49326 0.0008 -34.2952 
300.332 -50.2015 505.139 170.539 0.0008 145.661 
