-1.58678 -149.209 482.173 89.3907 0.000806141 -99.9111 
-1.58412 -149.203 482.175 -90.6083 0.000393859 80.0892 
-1.5802 -149.201 482.175 89.3932 0.000306139 -99.9103 
-1.57439 -149.194 482.176 -90.6046 9.38685e-05 80.0904 
-1.567 -149.185 482.178 89.3982 0.000306139 -99.9086 
-1.55807 -149.178 482.179 -90.5984 0.000293859 80.0925 
-1.54731 -149.169 482.18 -90.5943 9.38646e-05 80.0938 
-1.5349 -149.153 482.183 0 5.97642e-06 -10.4943 
-1.52094 -149.137 482.186 0 6.09716e-06 -10.4872 
-1.50542 -149.12 482.188 -90.5784 0.000193859 80.099 
-1.48807 -149.104 482.19 -90.5718 0.00049386 80.1012 
-1.46916 -149.087 482.192 89.4354 0.00010614 -99.8965 
-1.44864 -149.063 482.197 -90.5568 0.000393859 80.106 
-1.42661 -149.045 482.198 0 6.15665e-06 -10.4396 
-1.4027 -149.02 482.202 89.4607 0.000206138 -99.8883 
-1.37724 -148.995 482.205 89.4704 0.00040614 -99.8851 
-1.35017 -148.964 482.211 -90.5193 0.000693859 80.1182 
-1.32133 -148.938 482.214 89.4917 0.000206143 -99.8782 
-1.29116 -148.906 482.219 0 6.09716e-06 -10.3713 
-1.25891 -148.873 482.224 -90.4845 0.000393859 80.1295 
-1.22537 -148.839 482.228 89.5283 0.00010615 -99.8664 
-1.18998 -148.799 482.236 -90.4582 0.000493859 80.1379 
-1.1531 -148.766 482.24 -90.4441 0.000193861 80.1424 
-1.11436 -148.724 482.246 -90.4293 9.38608e-05 80.1472 
-1.07409 -148.683 482.252 -90.4139 9.3853e-05 80.1521 
-1.03228 -148.642 482.258 -90.3979 0.000193857 80.1572 
-0.988668 -148.599 482.264 89.6188 0.000606141 -99.8375 
-0.943488 -148.55 482.272 89.6361 0.000306143 -99.8321 
-0.896783 -148.501 482.279 -90.346 0.000193859 80.1736 
-0.848287 -148.451 482.287 89.6726 0.000206143 -99.8205 
-0.798277 -148.403 482.294 -90.3082 0.000493858 80.1855 
-0.746472 -148.351 482.301 89.7117 0.000606141 -99.8083 
-0.693129 -148.295 482.31 -90.2678 0.000293859 80.1981 
-0.63801 -148.237 482.319 -90.2466 0.00039386 80.2047 
-0.581381 -148.179 482.328 -90.2248 0.000593859 80.2115 
-0.522981 -148.12 482.336 0 6.03709e-06 -9.9839 
-0.463078 -148.061 482.344 89.8208 0.000606141 -99.7745 
-0.401398 -147.996 482.354 0 6.15665e-06 -9.9226 
-0.338236 -147.937 482.362 89.869 0.00020614 -99.7597 
-0.273305 -147.87 482.372 89.8941 0.000406139 -99.752 
-0.206876 -147.798 482.384 -90.0802 0.00059386 80.2558 
-0.138712 -147.729 482.393 89.9462 0.000306143 -99.7362 
-0.0688073 -147.663 482.402 89.9733 0.000106143 -99.7281 
0.00257986 -147.588 482.414 -89.999 0.000193861 80.2802 
0.0756967 -147.513 482.425 90.0294 0.000306143 -99.7113 
0.15054 -147.437 482.436 90.0585 0.00070614 -99.7027 
0.22684 -147.356 482.449 0 6.03709e-06 -9.6057 
0.304868 -147.28 482.459 90.1186 0.000106143 -99.6849 
0.384594 -147.196 482.472 90.1497 0.000106133 -99.6758 
0.46577 -147.113 482.485 0 6.27393e-06 -9.4852 
0.548907 -147.03 482.497 -89.7861 0.000193863 80.3429 
0.633483 -146.945 482.509 90.247 0.000406141 -99.6476 
0.719726 -146.854 482.523 -89.7192 9.3853e-05 80.3621 
0.807399 -146.763 482.537 -89.6848 0.00069386 80.372 
0.897038 -146.677 482.548 90.3504 0.000506142 -99.6181 
0.988282 -146.579 482.564 -89.6137 0.00039386 80.3921 
1.08098 -146.486 482.578 -89.5772 0.000393858 80.4023 
1.1756 -146.392 482.591 90.4601 0.000506141 -99.5873 
1.27157 -146.292 482.606 90.498 0.000206142 -99.5767 
1.36945 -146.192 482.621 -89.4633 0.000193861 80.4339 
1.46871 -146.09 482.636 90.576 0.000306139 -99.5553 
1.56989 -145.99 482.651 -89.3839 0.00039386 80.4556 
1.67242 -145.887 482.665 90.6568 0.000806141 -99.5334 
1.77679 -145.779 482.682 -89.3017 0.000193859 80.4778 
1.88277 -145.67 482.699 -89.2595 0.000193863 80.489 
1.99036 -145.56 482.715 -89.2166 0.000393859 80.5004 
2.09954 -145.449 482.731 90.827 0.000206142 -99.4881 
2.21033 -145.338 482.747 90.8713 0.00080614 -99.4766 
2.32289 -145.221 482.765 90.9164 0.00020614 -99.4649 
2.43704 -145.103 482.783 -89.0378 0.00059386 80.5469 
2.553 -144.985 482.801 -88.9912 0.000393857 80.5588 
2.67028 -144.866 482.818 -88.944 0.000393858 80.5707 
2.78936 -144.745 482.835 91.104 0.00040614 -99.4172 
2.91029 -144.626 482.852 91.1528 0.000106136 -99.4051 
3.03263 -144.499 482.871 -88.7977 0.000293858 80.6072 
3.15649 -144.371 482.891 91.2525 0.000206142 -99.3805 
3.28217 -144.244 482.91 -88.6965 0.000493859 80.6318 
3.40958 -144.114 482.928 91.3553 0.000706142 -99.3557 
3.5384 -143.979 482.949 -88.5922 0.000293859 80.6568 
3.66909 -143.849 482.967 91.4611 0.000606142 -99.3306 
3.80144 -143.714 482.988 -88.4848 0.000593858 80.682 
3.93522 -143.576 483.009 0 6.15665e-06 -7.7353 
4.07077 -143.439 483.029 -88.3744 0.000493858 80.7075 
4.20802 -143.301 483.049 -88.318 0.000193861 80.7203 
4.34679 -143.155 483.071 0 6.21557e-06 -7.5277 
4.48724 -143.017 483.091 91.7971 0.000106136 -99.254 
4.62942 -142.87 483.113 0 6.15665e-06 -7.3852 
4.77305 -142.724 483.134 -88.0846 0.000193857 80.7719 
4.91833 -142.576 483.156 91.9757 0.000506141 -99.2151 
5.06558 -142.429 483.177 0 6.03709e-06 -7.1652 
5.21395 -142.273 483.201 92.0988 0.00040614 -99.1891 
5.36427 -142.119 483.225 -87.8384 0.00039386 80.8239 
5.51642 -141.969 483.245 92.2252 0.000706141 -99.163 
5.66998 -141.812 483.268 92.2896 0.000606141 -99.15 
5.82519 -141.65 483.294 -87.6451 0.000593859 80.8631 
5.98195 -141.491 483.317 92.4209 0.000106136 -99.1239 
6.14081 -141.333 483.339 92.4879 0.000606143 -99.1108 
6.30078 -141.168 483.365 0 6.15665e-06 -6.5422 
6.46252 -141.001 483.389 92.6242 0.000206136 -99.0848 
6.62609 -140.835 483.414 92.6937 0.000306142 -99.0718 
6.79122 -140.668 483.438 92.764 0.000206142 -99.0588 
6.95763 -140.495 483.466 -87.1649 0.000993859 80.9541 
7.12629 -140.326 483.49 -87.0928 0.000293862 80.967 
7.29619 -140.151 483.516 -87.0199 0.000793858 80.9798 
7.46809 -139.98 483.54 93.0539 0.000506141 -99.0074 
7.64144 -139.803 483.566 93.1286 0.000806141 -98.9947 
7.81597 -139.619 483.595 -86.7959 0.000193861 81.018 
7.99279 -139.442 483.621 -86.7194 0.000193857 81.0306 
8.17102 -139.262 483.646 93.3579 0.000606141 -98.9568 
8.35085 -139.077 483.675 93.4362 0.000206138 -98.9444 
8.53238 -138.891 483.703 -86.4846 0.000293859 81.068 
8.71526 -138.703 483.731 0 6.09716e-06 -5.3243 
8.90038 -138.516 483.758 -86.3235 0.00079386 81.0925 
9.08674 -138.326 483.786 93.7584 0.000306142 -98.8954 
9.27508 -138.137 483.813 93.8413 0.00020614 -98.8834 
9.46456 -137.941 483.843 0 6.03709e-06 -4.9464 
9.65606 -137.75 483.87 94.0098 0.000606141 -98.8598 
9.84925 -137.552 483.9 0 6.09716e-06 -4.7525 
10.0437 -137.353 483.929 94.1822 0.000406141 -98.8366 
10.2402 -137.154 483.958 94.2699 0.000506139 -98.8253 
10.4378 -136.948 483.991 -85.6415 0.000393859 81.186 
10.6375 -136.746 484.02 94.4481 0.000506141 -98.803 
10.8387 -136.539 484.051 -85.4613 0.00079386 81.208 
11.0417 -136.337 484.08 -85.3698 0.000193859 81.2187 
11.2461 -136.126 484.111 94.7228 0.000206142 -98.7707 
11.4524 -135.917 484.142 -85.1836 0.000493858 81.2397 
11.6603 -135.705 484.174 -85.089 0.000293857 81.2499 
11.8697 -135.492 484.204 95.0066 0.00070614 -98.74 
12.0805 -135.274 484.238 -84.8968 0.000493859 81.2698 
12.2935 -135.06 484.269 95.2009 0.000306143 -98.7206 
12.5077 -134.839 484.302 -84.7004 0.000193859 81.2888 
12.7235 -134.618 484.336 -84.6007 0.00069386 81.298 
12.9416 -134.401 484.366 95.5001 0.00050614 -98.693 
13.1604 -134.171 484.402 -84.398 0.000293859 81.3157 
13.3815 -133.947 484.435 -84.295 0.000293857 81.3242 
13.6043 -133.723 484.468 -84.191 0.000493858 81.3325 
13.8287 -133.496 484.5 95.9141 0.000206142 -98.6596 
14.0542 -133.263 484.536 -83.9797 0.000193861 81.3482 
14.2821 -133.035 484.568 96.1276 0.000206142 -98.6444 
14.511 -132.799 484.604 96.236 0.000506142 -98.6372 
14.7419 -132.563 484.639 96.3456 0.00060614 -98.6304 
14.9742 -132.326 484.674 96.4562 0.000606141 -98.6238 
15.2084 -132.088 484.709 96.568 0.000406141 -98.6175 
15.4445 -131.85 484.744 96.681 0.000206138 -98.6116 
15.6814 -131.604 484.782 -83.2049 0.000293858 81.3941 
15.9206 -131.363 484.816 96.9103 0.000206136 -98.6006 
16.161 -131.115 484.854 -82.9733 0.00049386 81.4043 
16.4037 -130.871 484.888 97.1443 0.000606141 -98.591 
16.6474 -130.621 484.926 97.2631 0.000606141 -98.5868 
16.893 -130.37 484.963 97.3831 0.000506139 -98.5829 
17.1401 -130.118 485.001 97.5042 0.000306141 -98.5794 
17.3891 -129.866 485.038 -82.3734 9.38569e-05 81.4238 
17.6397 -129.611 485.075 97.7502 0.000406141 -98.5735 
17.8914 -129.35 485.116 -82.1249 0.000293858 81.4289 
18.1454 -129.093 485.153 0 6.15665e-06 -0.568097 
18.4015 -128.836 485.19 0 6.03709e-06 -0.439197 
18.6579 -128.571 485.23 0 6.21557e-06 -0.309597 
18.9164 -128.305 485.271 -81.6131 9.38569e-05 81.434 
19.1774 -128.044 485.307 98.518 0.000606141 -98.5658 
19.4393 -127.776 485.348 98.6504 0.00020614 -98.566 
19.7029 -127.507 485.388 -81.2159 0.000393857 81.4333 
19.9681 -127.236 485.428 0 6.15665e-06 0.351203 
20.2351 -126.964 485.468 99.0554 0.000206142 -98.5696 
20.5039 -126.692 485.508 99.1931 0.000306142 -98.5718 
20.7735 -126.412 485.551 -80.6679 0.000693859 81.4255 
21.0455 -126.136 485.591 99.4724 0.000106143 -98.5777 
21.3195 -125.86 485.631 -80.3859 9.3853e-05 81.4185 
21.594 -125.576 485.675 -80.2429 0.00039386 81.4143 
21.8714 -125.297 485.715 99.9016 0.00010614 -98.5905 
22.1495 -125.011 485.758 -79.9526 0.000493859 81.4041 
22.43 -124.728 485.798 100.195 0.00080614 -98.6019 
22.7116 -124.44 485.842 100.343 0.00010614 -98.6084 
22.9946 -124.15 485.885 100.493 0.000206145 -98.6155 
23.2794 -123.858 485.929 100.645 0.000206143 -98.6232 
23.5662 -123.567 485.972 -79.2024 0.000893859 81.3685 
23.8541 -123.271 486.016 0 6.03709e-06 2.3114 
24.1441 -122.976 486.06 -78.8923 0.000293859 81.35 
24.4359 -122.68 486.103 -78.735 0.000693859 81.3398 
24.7292 -122.381 486.147 -78.5762 9.38646e-05 81.3289 
25.0243 -122.082 486.191 -78.416 0.000593858 81.3174 
25.3211 -121.78 486.236 -78.2542 0.000193861 81.3052 
25.6193 -121.478 486.28 101.909 0.000106143 -98.7077 
25.9183 -121.168 486.327 -77.9262 0.000693859 81.2787 
26.2202 -120.863 486.372 -77.7598 0.000493858 81.2644 
26.5235 -120.555 486.417 102.408 0.00060614 -98.7506 
26.8275 -120.241 486.465 -77.4225 0.000293857 81.2336 
27.1344 -119.931 486.51 -77.2515 0.000393858 81.2171 
27.4428 -119.619 486.555 102.921 0.000506141 -98.8001 
27.752 -119.301 486.603 -76.9047 0.00059386 81.1818 
28.0637 -118.986 486.649 103.271 0.00020614 -98.8369 
28.3759 -118.664 486.698 0 6.15665e-06 4.592 
28.6912 -118.346 486.743 103.628 0.000706142 -98.8769 
29.0069 -118.022 486.793 -76.1918 0.000593861 81.1019 
29.3255 -117.7 486.839 0 6.03709e-06 5.0705 
29.6444 -117.372 486.889 -75.8254 0.000293858 81.057 
29.9661 -117.048 486.935 104.36 0.00020614 -98.9667 
30.2883 -116.716 486.986 -75.4524 0.000193857 81.0088 
30.6136 -116.388 487.033 104.737 0.00040614 -99.0166 
30.9388 -116.053 487.084 -75.0726 9.38608e-05 80.9571 
31.2674 -115.722 487.131 105.12 0.00040614 -99.0701 
31.5952 -115.384 487.183 0 6.15665e-06 6.2155 
31.9244 -115.052 487.231 -74.4918 0.000293861 80.873 
32.2527 -114.716 487.281 105.703 0.000606141 -99.1565 
32.5813 -114.381 487.33 105.9 0.00050614 -99.1869 
32.9095 -114.045 487.38 106.096 0.000606142 -99.218 
33.2376 -113.709 487.431 -73.7062 9.38608e-05 80.7502 
33.5671 -113.377 487.479 106.492 0.000306142 -99.2824 
33.8946 -113.039 487.531 -73.3087 0.000193861 80.6842 
34.2238 -112.706 487.58 -73.1088 0.00049386 80.65 
34.552 -112.37 487.629 107.092 0.000306141 -99.3849 
34.8803 -112.035 487.679 107.293 0.000306142 -99.4206 
35.2086 -111.699 487.73 -72.5047 0.00059386 80.5429 
35.5379 -111.366 487.777 107.698 0.000706143 -99.4943 
35.8659 -111.03 487.829 -72.098 0.000893859 80.4677 
36.1946 -110.696 487.878 -71.8936 0.000193861 80.429 
36.5234 -110.362 487.927 -71.6884 0.00039386 80.3895 
36.8518 -110.026 487.977 -71.4824 0.000493858 80.3492 
37.1797 -109.689 488.027 -71.2757 0.000293859 80.3082 
37.5095 -109.358 488.074 0 6.15665e-06 9.1982 
37.8369 -109.02 488.126 -70.86 0.00049386 80.2239 
38.1657 -108.686 488.175 109.349 0.00020614 -99.8194 
38.4946 -108.352 488.224 109.559 0.000106146 -99.8634 
38.823 -108.016 488.274 109.769 0.000206138 -99.9082 
39.1512 -107.681 488.324 -70.0195 0.000493859 80.0462 
39.4809 -107.349 488.372 110.193 0.000106136 -100 
39.8082 -107.011 488.423 -69.5948 0.000193856 79.953 
40.1374 -106.678 488.472 -69.3813 0.000293862 79.905 
40.4661 -106.344 488.521 -69.1671 0.000193861 79.857 
40.7943 -106.008 488.571 111.048 0.000206143 -100.193 
41.1224 -105.672 488.622 -68.7364 0.000193857 79.757 
41.4521 -105.34 488.669 111.48 0.000606142 -100.293 
41.7795 -105.002 488.721 -68.3028 0.000393859 79.655 
42.1085 -104.669 488.77 -68.0849 9.38646e-05 79.603 
42.4371 -104.333 488.819 112.134 0.000406142 -100.45 
42.7654 -103.998 488.869 112.353 0.000206143 -100.504 
43.0937 -103.663 488.92 -67.4268 0.00079386 79.442 
43.423 -103.33 488.967 112.794 0.000406141 -100.613 
43.7501 -102.991 489.019 -66.9845 9.3853e-05 79.331 
44.0792 -102.658 489.068 -66.7623 0.000293859 79.275 
44.4079 -102.323 489.118 -66.5393 0.000293861 79.217 
44.7357 -101.987 489.168 0 6.15665e-06 12.8433 
45.0656 -101.655 489.215 113.909 0.000506139 -100.899 
45.3935 -101.319 489.267 -65.8663 0.000593859 79.041 
45.7221 -100.984 489.315 114.359 0.000506142 -101.019 
46.0513 -100.651 489.364 -65.4142 0.000193859 78.921 
46.3794 -100.314 489.414 114.813 0.000506142 -101.141 
46.7078 -99.9794 489.465 -64.9592 0.00049386 78.797 
47.0371 -99.6464 489.512 115.269 0.000706142 -101.266 
47.3648 -99.3096 489.564 -64.5016 0.000793859 78.671 
47.6934 -98.9749 489.613 115.728 0.000106136 -101.393 
48.0219 -98.6399 489.662 115.959 0.000206136 -101.458 
48.3504 -98.3047 489.713 -63.8101 0.000393857 78.477 
48.6804 -97.9728 489.76 116.422 0.00040614 -101.589 
49.0078 -97.6359 489.811 -63.3459 0.000493859 78.344 
49.337 -97.3021 489.86 -63.1127 0.000193859 78.276 
49.6653 -96.9668 489.909 117.121 0.000506141 -101.792 
49.9935 -96.6313 489.959 117.355 0.000606141 -101.86 
50.3215 -96.2955 490.01 -62.4096 9.38608e-05 78.07 
50.6514 -95.9629 490.057 117.826 0.000606141 -102 
50.9783 -95.6253 490.11 -61.9377 0.000393859 77.93 
51.3071 -95.2908 490.159 0 6.21557e-06 16.1582 
51.6357 -94.956 490.208 -61.4633 0.000293858 77.787 
51.9634 -94.6196 490.259 -61.2252 0.000293857 77.714 
52.2935 -94.2876 490.306 119.014 0.000106143 -102.359 
52.6228 -93.954 490.355 119.253 0.000906141 -102.432 
52.9493 -93.6154 490.407 0 6.03709e-06 16.9867 
53.2781 -93.2812 490.457 -60.2669 0.000593859 77.419 
53.6089 -92.9499 490.503 119.974 0.000206145 -102.656 
53.9359 -92.6124 490.554 120.216 0.000406141 -102.732 
54.2661 -92.2806 490.603 0 6.03709e-06 17.6489 
54.5919 -91.9411 490.655 -59.2994 9.38646e-05 77.114 
54.9211 -91.6072 490.705 -59.0561 0.000793859 77.037 
55.2513 -91.2749 490.751 121.188 0.000906141 -103.041 
55.5792 -90.939 490.802 0 6.21557e-06 18.312 
55.906 -90.6016 490.854 -58.3232 0.000593858 76.801 
56.2355 -90.2682 490.903 -58.0778 0.00079386 76.721 
56.564 -89.9331 490.952 -57.8319 0.00049386 76.641 
56.8922 -89.5977 491.002 -57.5855 0.000893859 76.56 
57.2222 -89.2652 491.05 122.661 0.000106136 -103.521 
57.5491 -88.9278 491.101 -57.0913 0.000493858 76.398 
57.8778 -88.5932 491.15 123.157 0.000406141 -103.685 
58.2071 -88.2593 491.2 -56.5951 0.000393858 76.233 
58.5352 -87.924 491.25 -56.3464 0.000793859 76.15 
58.8653 -87.5913 491.297 123.903 0.000306142 -103.934 
59.1921 -87.2538 491.349 -55.8474 0.000193857 75.982 
59.5216 -86.9203 491.398 -55.5973 0.000393857 75.898 
59.8498 -86.5852 491.447 -55.3468 9.38569e-05 75.813 
60.1779 -86.2495 491.498 -55.0958 0.000293861 75.728 
60.5079 -85.9166 491.545 125.156 0.000806141 -104.358 
60.8353 -85.5801 491.597 -54.5926 0.00059386 75.556 
61.1637 -85.2451 491.645 125.66 0.000406141 -104.531 
61.4928 -84.9108 491.695 -54.0878 0.000193861 75.383 
61.8205 -84.575 491.746 -53.8349 0.000293859 75.295 
62.151 -84.2429 491.793 0 6.15665e-06 21.6264 
62.4773 -83.9049 491.845 -53.3279 0.000193861 75.12 
62.8064 -83.5706 491.894 -53.0738 9.38608e-05 75.031 
63.135 -83.236 491.944 -52.8195 0.00039386 74.943 
63.4625 -82.8996 491.994 -52.5647 0.000393859 74.854 
63.7928 -82.5671 492.042 127.69 0.000206142 -105.236 
64.1227 -82.2341 492.09 127.946 0.000106129 -105.325 
64.4481 -81.8951 492.143 -51.7987 0.000393859 74.585 
64.7765 -81.5599 492.193 -51.5427 0.00059386 74.495 
65.1076 -81.2284 492.24 -51.2865 0.000193857 74.404 
65.4342 -80.8911 492.291 -51.03 0.000393859 74.313 
65.7638 -80.5574 492.34 -50.7732 0.000193861 74.222 
66.0919 -80.2221 492.389 129.484 0.00050614 -105.869 
66.4207 -79.8874 492.439 -50.2589 0.000293857 74.039 
66.748 -79.5512 492.49 -50.0014 0.000693858 73.947 
67.0774 -79.2174 492.538 130.256 0.00040614 -106.145 
67.4074 -78.8841 492.587 -49.4857 9.3853e-05 73.763 
67.736 -78.5493 492.636 -49.2276 9.38569e-05 73.671 
68.0632 -78.2128 492.687 131.031 0.000406141 -106.422 
68.3909 -77.877 492.738 -48.7107 0.000693859 73.485 
68.7207 -77.5436 492.786 -48.452 0.000193863 73.392 
69.0491 -77.2085 492.835 131.807 0.00060614 -106.701 
69.378 -76.8741 492.885 0 6.03709e-06 25.2719 
69.7056 -76.538 492.935 -47.6749 0.000193861 73.112 
70.0362 -76.2054 492.983 132.584 0.000106143 -106.981 
70.3617 -75.8673 493.035 -47.1562 9.38646e-05 72.925 
70.6904 -75.5327 493.084 133.103 0.000106143 -107.169 
71.0186 -75.1975 493.135 -46.6371 9.38608e-05 72.737 
71.35 -74.8657 493.182 0 6.03709e-06 26.2656 
71.6763 -74.5285 493.233 -46.1176 0.000293861 72.549 
72.0058 -74.1945 493.282 -45.8577 0.000193857 72.455 
72.3337 -73.8591 493.332 134.402 0.000406141 -107.639 
72.6623 -73.5241 493.382 -45.3378 0.000493859 72.267 
72.993 -73.1915 493.429 134.922 0.00010614 -107.828 
73.3185 -72.8534 493.481 135.182 0.000106143 -107.922 
73.6482 -72.5198 493.53 -44.5577 0.000393858 71.984 
73.9765 -72.1846 493.58 -44.2976 0.000393859 71.889 
74.308 -71.8527 493.627 135.962 0.000106143 -108.205 
74.6341 -71.5155 493.679 0 6.27393e-06 27.9234 
74.9636 -71.1816 493.727 136.482 0.00040614 -108.394 
