-171.149 -44.4533 475.704 14.56 0.000506141 -104.061 
-171.141 -44.4514 475.705 14.56 0.000206143 -104.061 
-171.139 -44.454 475.704 14.561 0.000806142 -104.061 
-171.131 -44.455 475.704 14.562 0.00020614 -104.061 
-171.115 -44.4542 475.706 -165.437 0.000493859 75.939 
-171.103 -44.4575 475.705 14.565 0.000506142 -104.061 
-171.087 -44.4596 475.706 -165.433 0.000593859 75.94 
-171.068 -44.4609 475.707 14.569 0.000106146 -104.06 
-171.049 -44.4656 475.707 -165.428 0.000293862 75.94 
-171.024 -44.4654 475.709 -165.426 0.000893859 75.94 
-171.001 -44.4724 475.708 14.578 0.000306141 -104.059 
-170.974 -44.4747 475.708 14.581 0.000306143 -104.059 
-170.938 -44.4782 475.71 14.585 0.000206143 -104.059 
-170.909 -44.4836 475.71 -165.411 9.38569e-05 75.942 
-170.872 -44.4866 475.711 14.593 0.000406141 -104.058 
-170.834 -44.4926 475.712 14.598 0.00070614 -104.057 
-170.79 -44.4971 475.714 -165.397 9.38608e-05 75.943 
-170.752 -44.5031 475.714 -165.392 9.38646e-05 75.944 
-170.706 -44.5102 475.715 -165.386 0.000193861 75.944 
-170.658 -44.5168 475.716 14.62 0.000406141 -104.055 
-170.605 -44.5219 475.718 -165.374 9.38491e-05 75.946 
-170.551 -44.527 475.72 -165.368 0.000793858 75.946 
-170.501 -44.5362 475.719 14.639 0.000306139 -104.053 
-170.44 -44.5423 475.722 -165.354 0.000693859 75.948 
-170.381 -44.5526 475.723 14.654 0.00010614 -104.052 
-170.318 -44.5582 475.725 -165.339 0.000293861 75.949 
-170.253 -44.5665 475.726 14.669 0.000106143 -104.05 
-170.186 -44.5777 475.727 14.678 0.000406141 -104.049 
-170.115 -44.5844 475.73 -165.314 0.000493858 75.951 
-170.041 -44.5936 475.732 -165.305 0.00059386 75.952 
-169.966 -44.6024 475.734 14.704 0.00010614 -104.047 
-169.891 -44.6146 475.735 -165.286 0.000393861 75.954 
-169.808 -44.6244 475.738 0 6.15665e-06 -89.321 
-169.726 -44.6345 475.74 -165.266 0.000793858 75.956 
-169.641 -44.6439 475.742 14.744 0.000206142 -104.043 
-169.557 -44.6565 475.743 0 6.03709e-06 -89.287 
-169.466 -44.6672 475.746 -165.234 0.000393859 75.959 
-169.372 -44.6805 475.749 14.778 0.00010614 -104.04 
-169.278 -44.6936 475.751 14.79 0.000406138 -104.039 
-169.184 -44.7068 475.752 14.802 0.00040614 -104.038 
-169.083 -44.7179 475.755 14.814 0.000406141 -104.037 
-168.981 -44.732 475.758 14.827 0.000106136 -104.036 
-168.878 -44.7456 475.76 14.84 0.00060614 -104.035 
-168.769 -44.7577 475.763 -165.147 9.38608e-05 75.966 
-168.659 -44.7726 475.767 -165.133 0.000893859 75.967 
-168.546 -44.7867 475.769 14.881 0.000106143 -104.032 
-168.434 -44.8011 475.771 -165.105 0.000193861 75.969 
-168.32 -44.818 475.773 14.91 0.000406141 -104.03 
-168.2 -44.8333 475.776 -165.075 0.000193859 75.971 
-168.079 -44.8481 475.779 0 6.09716e-06 -89.088 
-167.95 -44.8639 475.784 0 6.15665e-06 -89.07 
-167.828 -44.8815 475.785 -165.028 0.000193859 75.975 
-167.697 -44.8967 475.789 14.988 0.000406141 -104.024 
-167.567 -44.9151 475.792 -164.995 9.3853e-05 75.977 
-167.435 -44.9331 475.795 15.022 0.000106143 -104.022 
-167.297 -44.9491 475.799 15.039 0.000106146 -104.021 
-167.157 -44.9678 475.802 -164.943 9.38608e-05 75.98 
-167.016 -44.9861 475.805 15.075 0.000506139 -104.019 
-166.869 -45.0028 475.811 0 6.09716e-06 -88.925 
-166.727 -45.0238 475.813 15.112 0.000206136 -104.017 
-166.577 -45.0428 475.816 15.131 0.000206143 -104.016 
-166.428 -45.0616 475.82 0 6.15665e-06 -88.865 
-166.271 -45.0813 475.825 -164.83 0.00039386 75.986 
-166.119 -45.1025 475.827 0 6.15665e-06 -88.823 
-165.96 -45.1216 475.831 15.21 0.00020614 -104.012 
-165.795 -45.1419 475.837 -164.769 0.000893859 75.989 
-165.634 -45.1632 475.84 -164.748 9.38608e-05 75.99 
-165.466 -45.1858 475.845 -164.726 0.000493859 75.991 
-165.297 -45.2078 475.849 -164.704 0.000193857 75.992 
-165.128 -45.2297 475.852 -164.682 9.3853e-05 75.993 
-164.957 -45.251 475.855 15.34 0.00080614 -104.006 
-164.78 -45.2735 475.86 15.363 0.00050614 -104.005 
-164.603 -45.2959 475.865 0 6.15665e-06 -88.619 
-164.423 -45.3206 475.869 15.41 0.000206142 -104.004 
-164.237 -45.3432 475.874 15.434 0.000206143 -104.003 
-164.049 -45.3684 475.88 0 6.27393e-06 -88.544 
-163.862 -45.3907 475.884 -164.517 0.000393862 75.998 
-163.673 -45.4152 475.888 -164.492 9.38646e-05 75.998 
-163.483 -45.4425 475.892 0 6.21557e-06 -88.467 
-163.286 -45.4675 475.897 -164.44 9.38608e-05 75.999 
-163.089 -45.4924 475.902 -164.414 0.000393861 76 
-162.89 -45.5196 475.906 0 6.09716e-06 -88.387 
-162.684 -45.5445 475.913 15.64 0.00020614 -103.999 
-162.479 -45.5697 475.918 -164.333 0.000893859 76.001 
-162.27 -45.5967 475.923 -164.305 0.000193859 76.001 
-162.062 -45.6239 475.928 -164.277 0.00069386 76.001 
-161.852 -45.653 475.932 15.752 0.000506141 -103.999 
-161.635 -45.6802 475.938 15.781 0.000506139 -103.999 
-161.418 -45.7071 475.943 15.81 0.000206138 -103.999 
-161.199 -45.7363 475.948 15.84 0.000706141 -103.999 
-160.973 -45.7664 475.954 -164.129 9.38608e-05 76.001 
-160.753 -45.7948 475.958 15.901 0.000906141 -104 
-160.526 -45.824 475.964 15.932 0.00070614 -104 
-160.291 -45.8538 475.971 15.964 0.000106146 -104.001 
-160.062 -45.8849 475.976 15.996 0.000306141 -104.001 
-159.826 -45.9138 475.982 16.028 0.000306142 -104.002 
-159.588 -45.9452 475.988 0 6.15665e-06 -87.941 
-159.35 -45.9759 475.994 16.094 0.000406141 -104.003 
-159.111 -46.0064 475.999 16.127 0.000606141 -104.004 
-158.865 -46.0373 476.005 16.161 0.00050614 -104.005 
-158.617 -46.0706 476.011 16.196 0.000106143 -104.006 
-158.369 -46.1033 476.017 16.231 0.000506142 -104.008 
-158.114 -46.134 476.025 -163.734 0.00039386 75.991 
-157.863 -46.1684 476.029 16.302 0.00040614 -104.01 
-157.607 -46.2009 476.036 -163.662 9.38608e-05 75.988 
-157.348 -46.2354 476.042 16.375 0.000206143 -104.014 
-157.082 -46.2674 476.05 16.412 0.000206143 -104.016 
-156.822 -46.304 476.055 -163.55 9.38608e-05 75.982 
-156.554 -46.3377 476.062 16.488 0.000206143 -104.02 
-156.286 -46.3711 476.068 16.526 0.000406141 -104.022 
-156.011 -46.4052 476.077 -163.435 0.000793859 75.976 
-155.74 -46.4429 476.082 -163.395 0.000293858 75.973 
-155.462 -46.4781 476.089 -163.355 9.38608e-05 75.971 
-155.183 -46.513 476.096 -163.315 0.000193857 75.968 
-154.903 -46.5498 476.103 16.726 0.00050614 -104.035 
-154.616 -46.5872 476.111 -163.232 0.000193857 75.962 
-154.334 -46.6255 476.116 16.81 0.000806142 -104.042 
-154.045 -46.6616 476.123 16.852 0.00050614 -104.045 
-153.755 -46.6996 476.13 16.895 0.000906141 -104.049 
-153.459 -46.7355 476.138 -163.062 9.38608e-05 75.947 
-153.16 -46.7733 476.147 -163.018 0.000293858 75.943 
-152.867 -46.8149 476.152 17.027 0.00010614 -104.061 
-152.567 -46.854 476.159 17.072 0.00020614 -104.065 
-152.259 -46.8905 476.168 0 6.03709e-06 -86.953 
-151.957 -46.9309 476.174 17.163 0.00050614 -104.074 
-151.646 -46.9713 476.182 17.21 0.000606141 -104.079 
-151.336 -47.0113 476.19 17.257 0.000406141 -104.085 
-151.023 -47.053 476.197 17.305 0.00090614 -104.09 
-150.705 -47.0924 476.206 0 6.21557e-06 -86.743 
-150.39 -47.1353 476.212 17.402 0.00070614 -104.101 
-150.07 -47.1759 476.22 17.451 0.000206143 -104.107 
-149.742 -47.2164 476.23 -162.499 0.000793858 75.886 
-149.418 -47.2577 476.237 -162.449 9.38569e-05 75.88 
-149.094 -47.301 476.244 17.602 0.000306139 -104.127 
-148.761 -47.3443 476.253 17.654 0.000306139 -104.134 
-148.429 -47.3869 476.261 0 6.21557e-06 -86.435 
-148.095 -47.4311 476.269 17.759 0.000206136 -104.149 
-147.753 -47.4725 476.279 17.812 0.000206138 -104.157 
-147.417 -47.5177 476.285 17.866 0.000706142 -104.165 
-147.074 -47.5631 476.294 -162.079 9.38608e-05 75.827 
-146.728 -47.607 476.302 17.976 0.00060614 -104.182 
-146.376 -47.6509 476.313 0 6.15665e-06 -86.158 
-146.03 -47.6961 476.32 18.088 0.00010614 -104.2 
-145.676 -47.7409 476.329 -161.855 0.000293857 75.791 
-145.32 -47.7872 476.338 -161.797 9.38608e-05 75.781 
-144.964 -47.8327 476.347 -161.739 0.000193857 75.771 
-144.605 -47.8797 476.355 18.32 0.000206145 -104.24 
-144.241 -47.9267 476.365 -161.62 0.00069386 75.75 
-143.878 -47.9764 476.372 18.441 0.000906141 -104.261 
-143.512 -48.024 476.381 18.502 0.000106143 -104.273 
-143.137 -48.0681 476.392 -161.437 9.38569e-05 75.715 
-142.766 -48.1183 476.4 18.626 0.000306139 -104.297 
-142.39 -48.1659 476.411 -161.311 0.000693859 75.691 
-142.017 -48.2167 476.418 -161.247 0.000193859 75.678 
-141.638 -48.2643 476.427 0 6.09716e-06 -85.519 
-141.256 -48.3131 476.436 18.882 0.000706141 -104.349 
-140.868 -48.3618 476.448 -161.052 9.38608e-05 75.637 
-140.483 -48.4134 476.455 19.015 0.000706142 -104.378 
-140.093 -48.4624 476.466 19.082 0.000106143 -104.393 
-139.701 -48.5125 476.476 0 6.15665e-06 -85.258 
-139.307 -48.5637 476.485 19.219 0.000506141 -104.424 
-138.912 -48.6165 476.494 19.289 0.000506142 -104.44 
-138.51 -48.6684 476.505 0 6.03709e-06 -85.096 
-138.108 -48.7194 476.516 -160.569 0.000893859 75.527 
-137.707 -48.7728 476.523 19.503 0.00080614 -104.491 
-137.295 -48.8239 476.536 -160.424 9.38569e-05 75.491 
-136.889 -48.876 476.545 -160.351 0.000393859 75.473 
-136.48 -48.9314 476.554 -160.276 0.000193859 75.454 
-136.064 -48.9833 476.565 -160.201 0.000493859 75.434 
-135.646 -49.0362 476.576 -160.125 0.000293859 75.414 
-135.227 -49.0905 476.586 -160.048 0.000593861 75.394 
-134.807 -49.1456 476.596 -159.97 0.000293858 75.373 
-134.384 -49.2014 476.605 20.109 0.000406142 -104.648 
-133.956 -49.2543 476.617 -159.812 0.000393859 75.33 
-133.53 -49.3123 476.626 20.269 0.000306142 -104.693 
-133.098 -49.3666 476.637 20.35 0.000506141 -104.716 
-132.666 -49.4222 476.647 20.432 0.000206145 -104.74 
-132.23 -49.4808 476.657 20.516 0.000306142 -104.764 
-131.788 -49.5358 476.67 -159.4 9.38608e-05 75.211 
-131.35 -49.5939 476.679 0 6.09716e-06 -84.13 
-130.905 -49.6505 476.691 -159.229 0.000393861 75.159 
-130.459 -49.7078 476.703 -159.142 0.000393861 75.132 
-130.01 -49.7655 476.713 0 6.09716e-06 -83.949 
-129.56 -49.8244 476.724 -158.965 9.38452e-05 75.077 
-129.109 -49.8837 476.734 21.125 0.000306144 -104.952 
-128.65 -49.9414 476.747 21.216 0.000106136 -104.982 
-128.191 -50 476.759 -158.692 0.00069386 74.988 
-127.734 -50.0611 476.768 -158.599 9.38491e-05 74.957 
-127.271 -50.1206 476.779 0 6.15665e-06 -83.579 
-126.806 -50.1803 476.79 21.59 0.000506141 -105.107 
-126.334 -50.2388 476.804 -158.314 0.000593859 74.86 
-125.866 -50.3019 476.814 -158.216 0.000293858 74.826 
-125.39 -50.3609 476.827 -158.118 0.00059386 74.792 
-124.918 -50.4244 476.837 21.982 0.00060614 -105.244 
-124.439 -50.4865 476.849 22.083 0.000106136 -105.28 
-123.959 -50.5488 476.861 0 6.09716e-06 -83.132 
-123.476 -50.6111 476.873 22.288 0.000306142 -105.355 
-122.993 -50.6741 476.883 -157.608 9.38608e-05 74.606 
-122.502 -50.7344 476.898 0 6.09716e-06 -82.936 
-122.014 -50.7996 476.908 22.604 0.000406141 -105.474 
-121.521 -50.8631 476.922 -157.288 0.000593858 74.485 
-121.032 -50.9267 476.932 0 6.15665e-06 -82.737 
-120.537 -50.9886 476.947 -157.071 0.000693859 74.4 
-120.045 -51.0526 476.958 23.039 0.000306139 -105.643 
-119.555 -51.1156 476.97 -156.851 9.3853e-05 74.312 
-119.064 -51.1785 476.982 23.26 0.000306142 -105.732 
-118.572 -51.2418 476.994 23.372 0.000306139 -105.778 
-118.079 -51.3056 477.007 0 6.09716e-06 -82.339 
-117.592 -51.37 477.016 23.598 0.00040614 -105.871 
-117.099 -51.4345 477.03 -156.287 0.000593859 74.081 
-116.61 -51.4991 477.04 23.828 0.000206142 -105.968 
-116.116 -51.5597 477.054 -156.057 0.000393861 73.983 
-115.626 -51.625 477.065 -155.94 0.000293859 73.933 
-115.135 -51.688 477.077 24.177 0.00050614 -106.118 
-114.644 -51.7519 477.089 0 6.15665e-06 -81.875 
-114.152 -51.8154 477.101 24.414 0.000106143 -106.223 
-113.661 -51.8773 477.113 -155.467 9.38569e-05 73.724 
-113.168 -51.9414 477.126 -155.346 0.00059386 73.67 
-112.679 -52.0054 477.136 24.775 0.00060614 -106.385 
-112.186 -52.068 477.15 -155.103 0.000493859 73.559 
-111.697 -52.1325 477.161 25.02 0.000106143 -106.497 
-111.202 -52.1949 477.175 -154.856 0.000693859 73.445 
-110.71 -52.259 477.187 25.269 0.000306142 -106.613 
-110.22 -52.3221 477.199 -154.606 9.38491e-05 73.328 
-109.728 -52.3846 477.211 25.52 0.000206142 -106.732 
-109.236 -52.4473 477.223 25.647 0.00020614 -106.793 
-108.747 -52.5142 477.233 25.776 0.000806141 -106.855 
-108.255 -52.5752 477.246 25.904 0.000206143 -106.917 
-107.766 -52.6404 477.257 26.034 0.000306142 -106.981 
-107.271 -52.7026 477.271 0 6.15665e-06 -80.88 
-106.781 -52.7673 477.282 26.297 0.000406141 -107.111 
-106.29 -52.83 477.294 26.429 0.000606141 -107.177 
-105.799 -52.8946 477.306 26.563 0.000406141 -107.244 
-105.308 -52.9574 477.318 -153.303 9.38608e-05 72.688 
-104.815 -53.0193 477.331 26.832 0.000106143 -107.381 
-104.321 -53.0831 477.344 0 6.15665e-06 -80.482 
-103.833 -53.148 477.354 -152.894 0.000393859 72.478 
-103.343 -53.2115 477.365 27.244 0.000906141 -107.594 
-102.849 -53.273 477.38 -152.617 9.3853e-05 72.333 
-102.359 -53.3369 477.391 -152.477 0.000393858 72.259 
-101.866 -53.4016 477.403 0 6.21557e-06 -80.15 
-101.374 -53.4644 477.416 27.807 0.000206143 -107.891 
-100.882 -53.527 477.429 0 6.09716e-06 -80.018 
-100.394 -53.5918 477.438 28.094 0.000506139 -108.046 
-99.9008 -53.6539 477.452 -151.761 0.000193857 71.875 
-99.411 -53.72 477.463 -151.614 0.000293859 71.795 
-98.9206 -53.7833 477.474 28.533 0.000406141 -108.286 
-98.4297 -53.8463 477.485 28.681 0.00070614 -108.368 
-97.9376 -53.9107 477.497 28.831 0.00080614 -108.451 
-97.4461 -53.973 477.51 28.981 0.000706141 -108.535 
-96.9533 -54.0367 477.523 29.133 0.000206136 -108.62 
-96.4611 -54.0983 477.537 -150.715 0.000493859 71.293 
-95.9709 -54.1629 477.547 29.439 0.000406141 -108.794 
-95.4816 -54.2279 477.558 29.594 0.000206143 -108.883 
-94.9862 -54.2891 477.573 -150.25 0.000393857 71.028 
-94.4949 -54.3524 477.585 -150.093 0.000193859 70.937 
-94.0034 -54.4152 477.598 -149.935 0.000293859 70.845 
-93.515 -54.4817 477.606 30.225 0.000306142 -109.248 
-93.0228 -54.5434 477.62 -149.615 0.000293858 70.658 
-92.5325 -54.6081 477.63 30.547 0.000906141 -109.438 
-92.0387 -54.6703 477.645 -149.29 0.000193857 70.466 
-91.5478 -54.7338 477.656 30.874 0.000406141 -109.632 
-91.0578 -54.7975 477.668 -148.961 0.000193857 70.269 
-90.5653 -54.8613 477.68 -148.794 9.38608e-05 70.169 
-90.0735 -54.9229 477.693 -148.627 0.000193854 70.067 
-89.5848 -54.988 477.703 31.542 0.00050614 -110.035 
-89.0904 -55.0513 477.717 -148.287 9.38608e-05 69.861 
-88.6011 -55.115 477.728 31.884 0.000106136 -110.244 
-88.1105 -55.1795 477.739 32.057 0.000106146 -110.351 
-87.6196 -55.2433 477.751 -147.769 0.000193857 69.541 
-87.1272 -55.3054 477.764 32.406 0.000306143 -110.568 
-86.6349 -55.3691 477.777 -147.417 0.000393858 69.322 
-86.1452 -55.4338 477.786 32.761 0.00070614 -110.789 
-85.6523 -55.4958 477.801 -147.06 0.00039386 69.098 
-85.1611 -55.5603 477.812 33.121 0.000306141 -111.017 
-84.6719 -55.6233 477.823 -146.698 0.000193856 68.868 
-84.1793 -55.6875 477.836 33.486 0.000106136 -111.249 
-83.6873 -55.7492 477.849 33.67 0.000206136 -111.367 
-83.1942 -55.8115 477.862 33.856 0.000106143 -111.487 
-82.7052 -55.8778 477.872 -145.956 0.000193859 68.392 
-82.2147 -55.9423 477.883 34.233 0.000306142 -111.731 
-81.7199 -56.003 477.898 -145.577 0.000293857 68.145 
-81.2289 -56.0654 477.91 -145.386 9.38569e-05 68.02 
-80.7408 -56.1309 477.919 34.807 0.00100614 -112.107 
-80.2486 -56.1949 477.932 -144.998 0.000193859 67.765 
-79.755 -56.2568 477.947 -144.802 0.000393859 67.636 
-79.2653 -56.3205 477.957 35.395 0.00020614 -112.496 
-78.7742 -56.3843 477.968 35.594 0.000606141 -112.628 
-78.2832 -56.4493 477.98 -144.205 9.3853e-05 67.238 
-77.7908 -56.5121 477.993 35.997 0.00010615 -112.898 
-77.2983 -56.5738 478.006 36.2 0.00020614 -113.035 
-76.8096 -56.6393 478.016 36.405 0.000106143 -113.174 
-76.3146 -56.7011 478.031 -143.388 9.3853e-05 66.686 
-75.8246 -56.7653 478.042 -143.18 0.000393859 66.544 
-75.3331 -56.8274 478.054 37.029 0.000306139 -113.599 
-74.8407 -56.8916 478.067 -142.759 0.000193857 66.256 
-74.3529 -56.9561 478.076 37.453 0.000206142 -113.89 
-73.8591 -57.019 478.091 -142.332 0.000393859 65.961 
-73.369 -57.0833 478.101 -142.116 9.38608e-05 65.812 
-72.8786 -57.1462 478.113 38.101 0.00010614 -114.34 
-72.3861 -57.2102 478.125 38.321 0.000306142 -114.493 
-71.8946 -57.2737 478.138 -141.458 0.00059386 65.353 
-71.4055 -57.3377 478.147 38.764 0.000506141 -114.803 
-70.9117 -57.4006 478.162 -141.011 0.00049386 65.039 
-70.4202 -57.464 478.173 39.215 0.00050614 -115.121 
-69.9298 -57.5269 478.185 39.442 0.000506142 -115.282 
-69.4372 -57.5906 478.198 39.672 0.00050614 -115.446 
-68.9456 -57.6536 478.211 -140.097 0.000493858 64.39 
-68.4553 -57.7183 478.221 40.136 0.000406141 -115.777 
-67.9624 -57.7792 478.236 -139.63 0.000593859 64.055 
-67.471 -57.8439 478.248 -139.393 0.00059386 63.885 
-66.9794 -57.9069 478.26 -139.155 0.000493859 63.713 
-66.4901 -57.9724 478.269 41.085 0.00050614 -116.461 
-65.9984 -58.0341 478.283 -138.674 0.000293863 63.364 
-65.508 -58.0994 478.293 -138.43 0.000193857 63.187 
-65.0174 -58.1629 478.305 41.815 0.000106146 -116.992 
-64.5258 -58.2258 478.317 42.062 0.000406141 -117.173 
-64.034 -58.289 478.33 -137.689 0.000193857 62.644 
-63.5412 -58.3514 478.344 -137.438 0.000693859 62.46 
-63.0506 -58.4162 478.354 -137.185 9.38569e-05 62.273 
-62.5599 -58.4791 478.365 43.069 0.000606141 -117.915 
-62.0681 -58.5433 478.377 43.326 0.000506143 -118.105 
-61.5763 -58.6055 478.39 43.584 0.000406143 -118.297 
-61.0833 -58.669 478.405 -136.155 0.000393859 61.509 
-60.5935 -58.7336 478.415 -135.893 0.000193861 61.313 
-60.1026 -58.7973 478.426 44.371 0.000306141 -118.885 
-59.6116 -58.8611 478.438 -135.363 9.38646e-05 60.916 
-59.1196 -58.9238 478.451 -135.095 0.000293854 60.714 
-58.6264 -58.9856 478.465 -134.825 0.000293859 60.51 
-58.1362 -59.0505 478.475 -134.553 9.38608e-05 60.305 
-57.645 -59.1143 478.487 45.721 0.00040614 -119.903 
-57.1546 -59.1771 478.499 0 6.09716e-06 -74.116 
-56.6622 -59.2397 478.512 -133.726 9.38569e-05 59.676 
-56.1726 -59.3055 478.521 46.554 0.00010614 -120.537 
-55.679 -59.3668 478.537 -133.164 0.000493861 59.247 
-55.1882 -59.4312 478.549 -132.88 0.000693859 59.03 
-54.6963 -59.4943 478.561 -132.594 0.000693858 58.81 
-54.2063 -59.5594 478.569 47.694 0.000606141 -121.412 
-53.7132 -59.621 478.584 47.984 0.00020614 -121.635 
-53.2228 -59.6857 478.595 48.276 0.000206136 -121.861 
-52.7314 -59.7489 478.607 48.57 0.000506142 -122.089 
-52.2398 -59.8119 478.62 48.866 0.00020614 -122.318 
-51.748 -59.8745 478.634 -130.836 0.000793859 57.45 
-51.2579 -59.939 478.644 -130.536 0.000393859 57.216 
-50.7667 -60.0021 478.655 49.766 0.000506139 -123.02 
-50.2752 -60.0667 478.668 -129.929 0.000293857 56.742 
-49.7837 -60.1289 478.681 -129.623 0.000693859 56.502 
-49.2926 -60.1938 478.69 50.686 0.00040614 -123.74 
-48.7997 -60.254 478.706 -129.004 9.3853e-05 56.015 
-48.3082 -60.318 478.718 -128.691 9.3853e-05 55.769 
-47.8192 -60.3847 478.726 51.624 0.00040614 -124.48 
-47.3263 -60.4465 478.74 51.941 0.00040614 -124.73 
-46.8367 -60.5122 478.75 -127.74 0.000193859 55.017 
-46.345 -60.5751 478.761 52.581 0.000806141 -125.238 
-45.854 -60.6386 478.774 52.904 0.000406141 -125.495 
-45.3617 -60.7003 478.788 53.229 0.000406143 -125.754 
-44.869 -60.7634 478.803 -126.443 0.00089386 53.985 
-44.3787 -60.8272 478.814 -126.114 0.000693859 53.722 
-43.8861 -60.89 478.826 54.218 0.000106143 -126.543 
-43.3976 -60.9559 478.834 54.551 0.000506139 -126.81 
-42.9052 -61.0184 478.848 -125.113 0.00049386 52.92 
-42.4139 -61.0825 478.859 55.225 0.000206143 -127.351 
-41.9223 -61.1459 478.871 55.565 0.000506142 -127.625 
-41.4303 -61.2084 478.884 55.907 0.000506141 -127.9 
-40.9388 -61.2715 478.898 -123.749 0.000793859 51.822 
-40.4482 -61.336 478.909 -123.403 0.000393857 51.542 
-39.9572 -61.3996 478.92 -123.055 0.000393859 51.26 
-39.4658 -61.4625 478.933 -122.705 0.000493859 50.976 
-38.9731 -61.5232 478.947 0 6.15665e-06 -71.663 
-38.4818 -61.5885 478.957 58.002 0.000306139 -129.598 
-37.991 -61.6522 478.969 58.358 0.00040614 -129.888 
-37.4998 -61.7151 478.982 58.716 0.000206143 -130.18 
-37.0089 -61.7811 478.99 59.077 0.000906141 -130.473 
-36.5173 -61.8434 479.006 -120.561 0.000593858 49.231 
-36.0264 -61.907 479.017 -120.197 0.000293861 48.933 
-35.5349 -61.9696 479.03 -119.831 0.000193857 48.633 
-35.0416 -62.0319 479.044 -119.462 9.3853e-05 48.331 
-34.5515 -62.0973 479.054 -119.092 0.000193857 48.027 
-34.06 -62.1604 479.065 61.28 0.00050614 -132.279 
-33.5685 -62.2238 479.077 61.654 0.000206142 -132.586 
-33.0774 -62.2856 479.091 -117.971 0.000193861 47.104 
-32.5863 -62.3505 479.101 62.407 0.000406141 -133.207 
-32.0951 -62.4155 479.113 -117.213 9.38608e-05 46.48 
-31.6036 -62.4777 479.125 63.168 0.000306142 -133.835 
-31.1118 -62.54 479.139 -116.449 0.000193857 45.848 
-30.621 -62.6048 479.149 63.936 0.00020614 -134.471 
-30.1293 -62.6685 479.161 64.323 0.00060614 -134.791 
-29.6385 -62.7319 479.173 64.711 0.000106143 -135.113 
-29.1467 -62.7941 479.188 -114.899 0.000393859 44.563 
-28.6556 -62.8586 479.198 65.493 0.000106143 -135.762 
-28.1641 -62.9234 479.209 -114.113 0.000293859 43.91 
-27.6722 -62.9852 479.222 66.282 0.00040614 -136.418 
-27.1814 -63.0479 479.237 -113.322 0.00089386 43.251 
-26.6895 -63.1121 479.247 0 6.03709e-06 -70.004 
-26.1992 -63.1756 479.258 -112.524 9.38608e-05 42.586 
-25.7067 -63.2382 479.272 0 6.15665e-06 -69.871 
-25.2161 -63.3042 479.281 68.281 0.000306139 -138.086 
-24.724 -63.3648 479.297 -111.315 0.000393859 41.576 
-24.2326 -63.4291 479.309 -110.909 0.000793859 41.237 
-23.7424 -63.4953 479.316 -110.502 9.3853e-05 40.896 
-23.2507 -63.5562 479.331 -110.094 0.000193859 40.554 
-22.7595 -63.6208 479.342 -109.684 9.38608e-05 40.21 
-22.268 -63.6836 479.354 70.727 0.00020614 -140.134 
-21.7767 -63.7461 479.368 -108.861 0.000293859 39.52 
-21.2852 -63.8109 479.378 71.553 0.000406141 -140.828 
-20.7938 -63.8754 479.389 71.968 0.000406141 -141.176 
-20.3031 -63.9378 479.401 72.383 0.00070614 -141.525 
-19.8114 -64.0002 479.415 72.8 0.000106143 -141.876 
-19.3207 -64.0659 479.425 -106.782 9.3853e-05 37.772 
-18.8295 -64.1299 479.437 -106.363 9.38608e-05 37.42 
-18.3377 -64.1921 479.45 74.057 0.000206145 -142.934 
-17.8458 -64.254 479.464 -105.522 0.000193861 36.711 
-17.3547 -64.3192 479.474 -105.1 0.000293859 36.356 
-16.8629 -64.3827 479.486 -104.677 9.3853e-05 36 
-16.3719 -64.4455 479.5 -104.254 0.00049386 35.642 
-15.8811 -64.5103 479.509 76.17 0.000306141 -144.715 
-15.3889 -64.571 479.525 -103.405 0.000493859 34.926 
-14.8969 -64.6337 479.538 0 6.09716e-06 -68.412 
-14.4066 -64.7009 479.546 -102.553 0.000193857 34.207 
-13.9143 -64.7612 479.561 0 6.15665e-06 -68.28 
-13.4236 -64.826 479.572 -101.699 0.000493859 33.485 
-12.932 -64.8891 479.585 -101.271 0.00059386 33.124 
-12.4411 -64.9539 479.594 79.157 0.000606141 -147.238 
-11.9491 -65.016 479.609 -100.414 0.000793859 32.4 
-11.4581 -65.0798 479.621 -99.9853 0.000793859 32.037 
-10.9672 -65.1455 479.629 80.4439 0.000506142 -148.326 
-10.4755 -65.2069 479.643 80.8734 0.000206143 -148.689 
-9.98434 -65.2716 479.654 81.3031 0.000306142 -149.052 
-9.49303 -65.3358 479.666 -98.267 0.000293856 30.584 
-9.00155 -65.398 479.68 -97.8371 0.000493858 30.22 
-8.51028 -65.462 479.689 82.5929 0.000706141 -150.143 
-8.01854 -65.5232 479.706 -96.977 0.000693859 29.493 
-7.52766 -65.59 479.713 83.4529 0.000206145 -150.871 
-7.03616 -65.6525 479.727 -96.1172 0.000493859 28.766 
-6.54492 -65.7168 479.737 84.3125 0.00020614 -151.598 
-6.05353 -65.7806 479.749 84.7421 0.000306143 -151.961 
-5.56204 -65.8424 479.762 85.1714 0.000706141 -152.324 
-5.07066 -65.9052 479.777 -94.3996 0.000493861 27.313 
-4.57938 -65.9698 479.788 -93.9709 0.000293861 26.951 
-4.08788 -66.0324 479.8 86.4575 0.000206138 -153.411 
-3.59656 -66.0945 479.813 86.8853 0.000106143 -153.773 
-3.10521 -66.16 479.823 87.3128 0.000406141 -154.134 
-2.61391 -66.225 479.834 0 6.15665e-06 -66.7543 
-2.12256 -66.288 479.846 -91.834 9.3853e-05 25.146 
-1.63115 -66.3491 479.861 88.5917 0.00020614 -155.214 
-1.1398 -66.415 479.871 -90.9832 0.000193857 24.428 
-0.648483 -66.4775 479.882 89.4411 0.000806141 -155.93 
-0.157131 -66.541 479.895 89.8647 0.000106136 -156.288 
0.334205 -66.6027 479.91 -89.7125 0.000293859 23.356 
0.825598 -66.6677 479.92 -89.2905 0.000393859 23 
1.31695 -66.7309 479.932 -88.8694 9.38646e-05 22.645 
1.80832 -66.7936 479.946 -88.4492 0.000593858 22.292 
2.2997 -66.8583 479.955 91.97 0.00020614 -158.061 
2.79109 -66.9227 479.966 92.3882 0.000306142 -158.413 
3.28234 -66.9852 479.979 92.8053 0.00070614 -158.764 
3.77365 -67.0474 479.993 93.2214 0.000306142 -159.114 
4.2652 -67.113 480.003 93.6364 0.000206136 -159.462 
4.7565 -67.1769 480.014 94.0501 0.00040614 -159.81 
5.24779 -67.239 480.027 94.4627 0.000806141 -160.156 
5.73907 -67.3008 480.041 94.8741 0.000406141 -160.501 
6.23052 -67.3662 480.052 95.2841 0.000206142 -160.845 
6.72196 -67.4299 480.063 95.6929 0.000206142 -161.187 
7.21316 -67.4918 480.077 96.1003 0.000506142 -161.528 
7.70428 -67.5536 480.092 -83.4937 9.38608e-05 18.132 
8.19585 -67.6189 480.102 -83.0891 0.000493858 17.794 
8.68709 -67.6812 480.114 97.3141 0.000206136 -162.543 
9.17888 -67.7486 480.122 97.7157 0.00010614 -162.879 
9.66987 -67.8091 480.138 98.1159 0.000206143 -163.212 
10.1613 -67.8733 480.149 98.5145 0.000306142 -163.545 
10.6528 -67.9375 480.161 -81.0884 0.000393859 16.125 
11.1437 -67.9986 480.175 -80.693 9.38491e-05 15.795 
11.6353 -68.0635 480.185 99.7008 0.000406141 -164.532 
12.1269 -68.1283 480.196 -79.907 9.38569e-05 15.142 
12.618 -68.1902 480.209 100.484 0.000506142 -165.182 
13.1091 -68.2521 480.223 100.872 0.000106136 -165.505 
13.6008 -68.3179 480.233 -78.7407 0.000193861 14.175 
14.0921 -68.3809 480.245 101.645 0.000506142 -166.144 
14.5834 -68.4439 480.258 102.028 0.000206143 -166.462 
15.0743 -68.5055 480.272 -77.5901 0.000193859 13.223 
15.5661 -68.5711 480.283 -77.2102 0.000493859 12.909 
16.0573 -68.6339 480.295 103.168 0.000106136 -167.402 
16.5486 -68.6969 480.308 -76.4559 0.000293859 12.288 
17.0404 -68.7625 480.317 103.918 0.000206143 -168.02 
17.532 -68.8269 480.327 104.291 0.00060614 -168.326 
18.0232 -68.89 480.339 104.661 0.000906141 -168.63 
18.5146 -68.9534 480.353 105.03 0.000106136 -168.933 
19.0053 -69.0142 480.368 105.397 0.000206143 -169.233 
19.497 -69.0791 480.378 105.761 0.000106143 -169.531 
19.9885 -69.1429 480.39 -73.876 9.38608e-05 10.172 
20.4795 -69.2056 480.404 -73.5153 0.000493859 9.878 
20.9716 -69.2711 480.413 -73.1565 9.3853e-05 9.585 
21.462 -69.3317 480.429 -72.7998 0.000893858 9.295 
21.9534 -69.3952 480.441 -72.4451 0.000893859 9.006 
22.4457 -69.4616 480.449 -72.0924 0.000193857 8.72 
22.9363 -69.5231 480.464 -71.7418 0.000693859 8.436 
23.428 -69.5876 480.474 -71.3932 0.000393859 8.154 
23.9194 -69.6511 480.487 -71.0466 0.000393857 7.873 
24.41 -69.7123 480.5 109.298 0.00020614 -172.405 
24.9021 -69.778 480.509 109.64 0.000606141 -172.681 
25.3925 -69.8389 480.525 -70.0194 0.000393861 7.045 
25.8841 -69.9029 480.537 -69.6811 0.000693859 6.773 
26.3763 -69.9686 480.545 110.655 0.00070614 -173.497 
26.8673 -70.031 480.56 -69.0108 0.000293857 6.235 
27.3589 -70.0952 480.57 111.321 0.000206145 -174.03 
27.8502 -70.1587 480.582 111.651 0.000406141 -174.294 
28.3413 -70.2215 480.595 111.979 0.00020614 -174.555 
28.832 -70.2836 480.609 -67.6954 0.000393861 5.185 
29.3242 -70.349 480.62 -67.3717 0.000493859 4.928 
29.8155 -70.4123 480.631 -67.0502 9.38608e-05 4.673 
30.3066 -70.4751 480.644 -66.7307 9.3853e-05 4.42 
30.799 -70.5412 480.652 113.587 0.000306139 -175.831 
31.289 -70.6014 480.668 113.902 0.000306141 -176.08 
31.781 -70.6664 480.679 -65.785 0.000193859 3.673 
32.2722 -70.7296 480.692 -65.4739 0.000293862 3.428 
32.7626 -70.7909 480.705 114.835 0.000106136 -176.815 
33.2552 -70.8569 480.715 -64.858 9.38569e-05 2.945 
33.7469 -70.9213 480.726 115.447 0.000206145 -177.294 
34.2384 -70.9851 480.738 -64.2505 0.000193861 2.47 
34.7292 -71.0473 480.751 -63.9498 9.38608e-05 2.235 
35.2197 -71.109 480.766 -63.6512 0.000693859 2.003 
35.7112 -71.1731 480.776 116.645 0.00020614 -178.227 
36.2027 -71.2367 480.788 116.94 0.000306142 -178.455 
36.6941 -71.3 480.801 -62.7677 0.000193861 1.319 
37.1864 -71.3657 480.809 117.523 0.000706139 -178.905 
37.6768 -71.4272 480.825 -62.189 9.38608e-05 0.873003 
38.1683 -71.491 480.836 118.097 0.000306139 -179.347 
38.6597 -71.5546 480.848 118.382 0.000106143 -179.565 
39.1503 -71.6166 480.861 118.664 0.00020614 -179.781 
39.643 -71.6824 480.871 118.944 0.000506141 -179.995 
40.1325 -71.7428 480.886 0 6.15665e-06 -60.9846 
40.6243 -71.807 480.898 -60.5013 9.3853e-05 -0.417003 
41.1152 -71.8697 480.911 -60.227 9.38608e-05 -0.625003 
41.6083 -71.9362 480.919 120.045 0.000206143 179.169 
42.0983 -71.9974 480.934 -59.6843 0.000393859 -1.035 
42.5899 -72.0612 480.945 120.584 0.000306142 178.763 
43.0813 -72.1249 480.957 120.851 0.000106146 178.563 
43.5728 -72.1885 480.97 -58.8849 0.000793859 -1.636 
44.0651 -72.2535 480.979 121.378 0.000306142 178.168 
44.5549 -72.3146 480.995 -58.3617 0.000293859 -2.026 
45.0465 -72.3783 481.006 121.897 0.000106136 177.781 
45.538 -72.442 481.018 -57.846 0.000293858 -2.409 
46.0312 -72.5084 481.026 122.409 0.000406141 177.402 
46.5212 -72.5698 481.041 122.662 0.000306142 177.215 
47.0137 -72.6351 481.051 122.913 0.000206143 177.03 
47.5055 -72.6992 481.062 123.163 0.000206142 176.847 
47.9966 -72.7622 481.075 123.41 0.000306139 176.666 
48.4869 -72.8241 481.088 123.656 0.000406141 176.487 
48.9773 -72.8861 481.103 -56.1001 0.00039386 -3.691 
49.4695 -72.9509 481.113 -55.858 9.38608e-05 -3.867 
49.9611 -73.0147 481.125 124.382 0.00020614 175.959 
50.4519 -73.0774 481.137 124.621 0.000506139 175.787 
50.9428 -73.1403 481.15 -55.1425 0.000193865 -4.383 
51.4357 -73.206 481.16 125.093 0.000206143 175.448 
51.9252 -73.2669 481.175 -54.6743 0.000493859 -4.719 
52.4168 -73.3307 481.186 -54.4428 0.000193857 -4.884 
52.9086 -73.3946 481.199 -54.213 0.000793859 -5.047 
53.4015 -73.4604 481.207 126.015 0.000506142 174.791 
53.8918 -73.5226 481.221 -53.7587 0.000293861 -5.369 
54.3844 -73.5876 481.232 -53.534 9.38685e-05 -5.528 
54.8734 -73.6479 481.248 -53.311 0.00089386 -5.684 
55.3646 -73.7112 481.26 -53.0897 0.000793859 -5.839 
55.858 -73.7775 481.268 127.13 0.000306139 174.007 
56.3479 -73.8391 481.282 127.348 0.000306139 173.856 
56.841 -73.9048 481.292 127.564 0.000206136 173.706 
57.3297 -73.9647 481.308 0 6.15665e-06 -58.6639 
57.8216 -74.0287 481.319 -52.0077 0.000293858 -6.59 
58.3127 -74.0921 481.332 -51.7962 0.00069386 -6.735 
58.8063 -74.1584 481.341 -51.5862 0.000193861 -6.879 
59.2954 -74.219 481.355 128.622 0.00020614 172.979 
59.7879 -74.2838 481.365 128.829 0.00040614 172.839 
60.2797 -74.3479 481.377 129.034 0.000606142 172.7 
60.771 -74.4112 481.389 129.238 0.00060614 172.562 
61.2616 -74.4739 481.402 129.44 0.000406141 172.426 
61.7526 -74.5369 481.416 -50.3588 0.000893859 -7.708 
62.2452 -74.602 481.426 -50.1596 0.000293862 -7.841 
62.7374 -74.6663 481.437 130.038 0.000106143 172.028 
63.2289 -74.73 481.448 130.235 0.000306142 171.898 
63.7199 -74.7931 481.461 130.429 0.00040614 171.769 
64.2103 -74.8554 481.474 130.623 0.00020614 171.642 
64.7002 -74.9173 481.488 -49.1854 9.3853e-05 -8.484 
65.1928 -74.9822 481.498 131.005 0.000506142 171.392 
65.6848 -75.0465 481.509 131.194 0.00080614 171.27 
66.1764 -75.1102 481.521 131.382 0.000906141 171.148 
66.6674 -75.1733 481.533 131.568 0.000806142 171.028 
67.1581 -75.2358 481.546 131.753 0.00050614 170.91 
67.648 -75.2978 481.56 0 6.09716e-06 -57.2713 
68.1409 -75.363 481.57 132.119 0.000306143 170.676 
68.6333 -75.4276 481.581 132.3 0.000306139 170.562 
69.1252 -75.4917 481.593 132.479 0.000206142 170.449 
69.6157 -75.5541 481.605 132.658 0.000806141 170.337 
70.1066 -75.6171 481.618 132.834 0.000106143 170.226 
70.5971 -75.6796 481.632 -46.99 0.000793859 -9.883 
71.0896 -75.7443 481.642 133.184 0.000106143 170.009 
71.5816 -75.8085 481.653 133.357 0.000806141 169.902 
72.0706 -75.8696 481.669 -46.471 0.000893859 -10.203 
72.5617 -75.9328 481.681 -46.3005 0.000693859 -10.307 
73.0559 -75.9993 481.69 133.869 0.000106136 169.59 
73.5462 -76.0615 481.703 -45.9632 0.000293859 -10.512 
74.0359 -76.1234 481.717 -45.7965 0.000893859 -10.612 
74.5278 -76.1875 481.728 134.369 0.000206142 169.288 
75.0204 -76.2521 481.739 0 6.03709e-06 -56.2765 
75.5114 -76.3154 481.751 134.697 0.00050614 169.093 
76.0031 -76.3792 481.763 -45.1414 0.000293862 -11.002 
76.4933 -76.4416 481.776 -44.9806 0.000293861 -11.097 
76.987 -76.5071 481.786 135.179 0.000406142 168.81 
77.4764 -76.5687 481.8 -44.6624 0.000193861 -11.282 
77.9691 -76.6336 481.811 -44.5051 9.38685e-05 -11.373 
78.4605 -76.697 481.822 135.651 0.000706141 168.537 
78.9525 -76.7611 481.834 135.806 0.000206142 168.448 
79.4429 -76.8239 481.846 135.96 0.000406141 168.36 
79.9331 -76.8862 481.86 136.113 0.000406141 168.274 
80.4229 -76.9481 481.873 0 6.03709e-06 -55.5471 
80.9162 -77.0134 481.883 136.416 0.000306139 168.104 
81.409 -77.0784 481.894 136.565 0.000306139 168.021 
81.8967 -77.1383 481.91 0 6.27393e-06 -55.3482 
82.3889 -77.2026 481.921 -43.1387 0.00059386 -12.143 
82.8797 -77.2655 481.934 -42.9922 0.000493858 -12.223 
83.374 -77.3317 481.943 137.153 0.000206143 167.698 
83.8641 -77.394 481.956 -42.7024 0.000293859 -12.38 
84.3567 -77.4586 481.967 137.441 0.000806141 167.543 
84.8461 -77.5202 481.981 -42.4166 0.000393859 -12.533 
85.338 -77.5843 481.992 137.725 0.000106133 167.392 
85.8296 -77.648 482.004 137.865 0.000306141 167.318 
86.3209 -77.7114 482.016 138.005 0.000106143 167.245 
86.8119 -77.7746 482.029 -41.8571 0.000393857 -12.827 
87.3015 -77.8364 482.042 -41.7196 0.000193857 -12.899 
87.7958 -77.9027 482.052 -41.5832 0.000393858 -12.969 
88.2848 -77.964 482.066 -41.4476 0.000793859 -13.038 
88.7775 -78.0287 482.077 -41.313 0.000693859 -13.106 
89.2689 -78.0921 482.089 138.821 0.000206142 166.826 
89.761 -78.1563 482.1 -41.0466 0.000293861 -13.24 
90.2517 -78.2193 482.113 -40.9148 9.38608e-05 -13.306 
90.7421 -78.282 482.126 -40.7839 0.000193857 -13.37 
91.2366 -78.3479 482.135 139.346 0.000306141 166.566 
91.7253 -78.4092 482.149 139.475 0.000506139 166.503 
92.219 -78.4748 482.159 139.604 0.000306139 166.441 
92.7073 -78.5356 482.174 -40.2691 0.000193863 -13.62 
93.1994 -78.5997 482.185 0 6.15665e-06 -53.8226 
93.6912 -78.6637 482.197 -40.017 0.000193861 -13.739 
94.1818 -78.7264 482.209 140.108 0.00020614 166.202 
94.6731 -78.7899 482.222 -39.7683 0.00059386 -13.855 
95.1673 -78.8558 482.232 140.355 0.000206142 166.088 
95.6571 -78.9178 482.245 -39.5229 0.000393861 -13.968 
96.1496 -78.9824 482.256 140.599 0.000706142 165.977 
96.639 -79.044 482.27 -39.2808 0.000493858 -14.077 
97.1311 -79.1082 482.281 -39.161 9.3853e-05 -14.131 
97.623 -79.1721 482.293 -39.042 9.3853e-05 -14.184 
98.1147 -79.2359 482.305 -38.9238 0.000293859 -14.235 
98.6049 -79.2985 482.317 0 6.03709e-06 -53.0934 
99.0951 -79.3609 482.33 141.31 0.000106143 165.663 
99.5892 -79.4268 482.34 141.426 0.00070614 165.614 
100.079 -79.4889 482.354 141.541 0.00010615 165.565 
100.573 -79.5541 482.364 141.656 0.00010614 165.517 
101.061 -79.615 482.378 -38.2308 0.000293858 -14.53 
101.553 -79.6792 482.39 0 6.21557e-06 -52.695 
102.045 -79.7432 482.401 0 6.15665e-06 -52.6289 
102.535 -79.8062 482.414 142.105 0.000606141 165.332 
103.027 -79.8697 482.426 -37.7839 0.000193857 -14.712 
103.517 -79.9323 482.439 -37.674 0.000293857 -14.756 
104.012 -79.9982 482.449 142.435 0.000306142 165.201 
104.501 -80.0596 482.462 142.544 0.000506141 165.159 
104.995 -80.1253 482.472 142.651 0.000306139 165.118 
105.483 -80.1864 482.487 -37.2415 9.38646e-05 -14.923 
105.976 -80.2508 482.498 0 6.15665e-06 -52.0981 
106.468 -80.3151 482.509 -37.0294 9.38608e-05 -15.002 
106.959 -80.3784 482.521 143.076 0.000306142 164.959 
107.45 -80.4414 482.534 143.18 0.000506141 164.921 
107.941 -80.5045 482.546 143.284 0.000306141 164.884 
108.431 -80.5674 482.559 -36.6134 0.000293858 -15.153 
