-108.923 -153.253 380.464 -125.403 9.38569e-05 95.4212 
-108.922 -153.251 380.463 54.597 0.00060614 -84.578 
-108.917 -153.245 380.465 -125.403 9.3853e-05 95.4233 
-108.911 -153.236 380.466 0 6.03709e-06 -29.9778 
-108.905 -153.228 380.466 -125.403 9.38646e-05 95.4277 
-108.901 -153.216 380.465 54.596 0.000506141 -84.5693 
-108.89 -153.2 380.467 -125.404 0.000193859 95.4342 
-108.885 -153.188 380.464 -125.405 9.38646e-05 95.4383 
-108.873 -153.17 380.465 -125.405 0.000293858 95.4429 
-108.862 -153.15 380.464 54.594 0.000306142 -84.552 
-108.848 -153.125 380.467 -125.407 0.000393861 95.4537 
-108.833 -153.104 380.465 54.593 0.00070614 -84.54 
-108.818 -153.077 380.465 54.592 0.000506141 -84.5332 
-108.802 -153.049 380.466 54.591 0.00010614 -84.5259 
-108.782 -153.015 380.468 -125.41 0.00059386 95.482 
-108.764 -152.984 380.467 54.589 0.000406141 -84.5096 
-108.743 -152.948 380.468 54.588 0.000206142 -84.5007 
-108.721 -152.912 380.468 -125.413 0.000293861 95.5088 
-108.701 -152.872 380.468 0 6.09716e-06 -29.8961 
-108.674 -152.829 380.47 0 6.15665e-06 -29.8865 
-108.65 -152.789 380.468 54.583 0.000806141 -84.4594 
-108.625 -152.742 380.469 54.581 0.000306143 -84.4477 
-108.596 -152.696 380.469 54.58 0.000506142 -84.4355 
-108.566 -152.643 380.472 -125.422 0.000493859 95.5772 
-108.538 -152.593 380.47 54.576 0.00020614 -84.4094 
-108.505 -152.54 380.471 -125.425 0.000293859 95.6044 
-108.473 -152.483 380.472 -125.427 9.38646e-05 95.6188 
-108.439 -152.425 380.471 54.571 0.000806141 -84.3663 
-108.403 -152.364 380.474 -125.431 0.000493859 95.6492 
-108.365 -152.299 380.475 -125.433 9.38491e-05 95.6653 
-108.327 -152.234 380.476 54.565 0.000106143 -84.3182 
-108.289 -152.169 380.476 0 6.15665e-06 -29.738 
-108.249 -152.102 380.475 54.561 0.000606141 -84.2834 
-108.208 -152.028 380.477 -125.442 9.38491e-05 95.7348 
-108.164 -151.955 380.478 0 6.15665e-06 -29.6904 
-108.12 -151.881 380.479 -125.446 9.3853e-05 95.7729 
-108.077 -151.804 380.479 54.551 0.00050614 -84.2073 
-108.028 -151.723 380.481 -125.451 0.000193857 95.8131 
-107.983 -151.644 380.479 54.546 0.00080614 -84.1659 
-107.935 -151.56 380.48 54.543 0.000606141 -84.1444 
-107.883 -151.47 380.484 54.54 0.000106136 -84.1224 
-107.831 -151.386 380.483 54.538 0.000306142 -84.0998 
-107.778 -151.295 380.485 -125.465 0.000693859 95.9233 
-107.723 -151.201 380.487 0 6.15665e-06 -29.521 
-107.669 -151.108 380.487 -125.471 0.000593858 95.9712 
-107.615 -151.01 380.487 54.525 0.000506142 -84.004 
-107.556 -150.911 380.489 -125.478 0.00059386 96.0213 
-107.5 -150.815 380.487 0 6.27393e-06 -29.4338 
-107.438 -150.712 380.489 54.516 0.000406141 -83.9264 
-107.376 -150.603 380.493 -125.488 0.000593859 96.1006 
-107.314 -150.498 380.492 54.509 0.000206143 -83.8719 
-107.25 -150.387 380.494 -125.495 0.000293857 96.1561 
-107.186 -150.274 380.496 0 6.03709e-06 -29.3142 
-107.118 -150.163 380.497 -125.502 9.3853e-05 96.2139 
-107.052 -150.048 380.497 54.494 0.000606142 -83.7564 
-106.982 -149.929 380.499 0 6.15665e-06 -29.2361 
-106.916 -149.813 380.498 54.486 0.000106136 -83.6953 
-106.844 -149.69 380.499 54.482 0.000906141 -83.6639 
-106.769 -149.564 380.503 -125.522 0.000493858 96.368 
-106.697 -149.44 380.503 -125.526 0.000293862 96.4005 
-106.62 -149.31 380.505 -125.53 0.000293859 96.4335 
-106.545 -149.178 380.507 -125.535 0.000593858 96.4671 
-106.467 -149.047 380.508 -125.539 0.000193861 96.5013 
-106.391 -148.913 380.508 -125.544 9.38608e-05 96.5359 
-106.308 -148.775 380.512 -125.548 0.000193857 96.5712 
-106.23 -148.639 380.51 54.447 0.000306143 -83.393 
-106.149 -148.497 380.512 54.442 0.00060614 -83.3567 
-106.064 -148.356 380.512 54.438 0.000506142 -83.3198 
-105.977 -148.208 380.516 54.433 0.00020614 -83.2823 
-105.893 -148.063 380.515 54.428 0.000506139 -83.2443 
-105.805 -147.913 380.517 54.423 0.000606142 -83.2057 
-105.72 -147.76 380.519 54.417 0.000406141 -83.1666 
-105.627 -147.604 380.523 -125.588 9.38569e-05 96.8731 
-105.537 -147.451 380.522 0 6.15665e-06 -28.6796 
-105.443 -147.292 380.525 -125.598 9.38646e-05 96.9542 
-105.351 -147.131 380.527 -125.604 0.000493858 96.9955 
-105.255 -146.97 380.529 -125.609 0.000193857 97.0375 
-105.162 -146.807 380.529 -125.615 0.000293857 97.08 
-105.064 -146.638 380.532 -125.621 0.000593857 97.123 
-104.965 -146.467 380.535 -125.627 0.000293859 97.1666 
-104.866 -146.303 380.533 54.368 0.00080614 -82.7892 
-104.763 -146.127 380.538 -125.638 0.000493861 97.2555 
-104.662 -145.954 380.538 -125.644 9.38608e-05 97.3008 
-104.56 -145.773 380.541 54.349 0.000106136 -82.6534 
-104.457 -145.598 380.54 54.343 0.00090614 -82.6069 
-104.348 -145.413 380.545 -125.663 0.000693859 97.44 
-104.243 -145.23 380.546 -125.67 0.000493859 97.4876 
-104.135 -145.047 380.546 54.324 0.000306142 -82.4643 
-104.025 -144.857 380.55 -125.683 0.000193861 97.5844 
-103.912 -144.668 380.552 0 6.09716e-06 -28.0554 
-103.801 -144.476 380.554 -125.696 9.38608e-05 97.6834 
-103.689 -144.283 380.555 54.297 0.000506142 -82.2662 
-103.574 -144.085 380.559 -125.71 0.000293858 97.7847 
-103.46 -143.889 380.558 54.283 0.000606141 -82.1637 
-103.342 -143.689 380.56 54.276 0.000106143 -82.1117 
-103.224 -143.488 380.562 54.269 0.000406142 -82.059 
-103.105 -143.279 380.567 -125.739 0.000693859 97.9942 
-102.984 -143.075 380.567 -125.746 0.000193857 98.048 
-102.863 -142.864 380.57 54.246 0.000106143 -81.8976 
-102.738 -142.654 380.573 -125.761 9.38608e-05 98.1573 
-102.615 -142.441 380.574 -125.769 0.000493858 98.2128 
-102.491 -142.228 380.575 -125.777 0.000293859 98.2689 
-102.363 -142.008 380.579 -125.785 0.000493859 98.3256 
-102.237 -141.791 380.578 0 6.09716e-06 -27.4102 
-102.107 -141.57 380.581 54.199 0.00020614 -81.5594 
-101.977 -141.347 380.583 0 6.09716e-06 -27.31 
-101.844 -141.117 380.588 -125.818 0.000493858 98.558 
-101.711 -140.892 380.588 54.174 0.000606141 -81.3825 
-101.575 -140.661 380.592 54.166 0.000306143 -81.3223 
-101.441 -140.429 380.594 -125.843 0.000293857 98.7384 
-101.305 -140.195 380.596 -125.852 0.000293858 98.7997 
-101.168 -139.959 380.597 54.139 0.000406142 -81.1384 
-101.028 -139.718 380.602 -125.87 0.000293858 98.924 
-100.889 -139.481 380.602 54.121 0.000706141 -81.0129 
-100.747 -139.238 380.604 54.112 0.000206143 -80.9493 
-100.604 -138.994 380.606 54.103 0.000406141 -80.8851 
-100.459 -138.743 380.612 -125.907 0.000793858 99.1797 
-100.314 -138.497 380.613 -125.916 0.000293859 99.2451 
-100.167 -138.243 380.617 -125.926 0.000193861 99.3111 
-100.02 -137.989 380.62 -125.936 0.000493858 99.3776 
-99.8683 -137.735 380.622 -125.945 0.000193861 99.4448 
-99.719 -137.478 380.624 -125.955 0.000293859 99.5125 
-99.5684 -137.22 380.625 54.035 0.000206143 -80.4191 
-99.4159 -136.955 380.629 54.024 0.000406141 -80.3502 
-99.2606 -136.691 380.633 54.014 0.000206138 -80.2807 
-99.1047 -136.426 380.635 -125.996 0.000493861 99.7895 
-98.9499 -136.158 380.637 -126.007 0.000493858 99.8602 
-98.7938 -135.888 380.639 53.982 0.000106136 -80.0685 
-98.6318 -135.616 380.644 -126.028 0.000693859 100.003 
-98.4738 -135.344 380.643 0 6.09716e-06 -25.963 
-98.3139 -135.064 380.647 53.949 0.000406141 -79.8509 
-98.1512 -134.787 380.649 53.938 0.00040614 -79.7772 
-97.9839 -134.503 380.655 -126.073 9.38608e-05 100.297 
-97.8194 -134.223 380.656 53.916 0.00010615 -79.6279 
-97.6527 -133.935 380.661 -126.096 0.000193861 100.448 
-97.4886 -133.651 380.66 53.892 0.00010614 -79.4762 
-97.3201 -133.361 380.664 0 6.09716e-06 -25.5194 
-97.1471 -133.066 380.67 -126.132 0.000593858 100.678 
-96.9768 -132.774 380.672 -126.144 0.000493858 100.756 
-96.805 -132.481 380.673 53.844 0.000106143 -79.1655 
-96.6288 -132.181 380.677 53.832 0.00020614 -79.0863 
-96.4545 -131.88 380.681 0 6.09716e-06 -25.1874 
-96.2787 -131.577 380.684 53.806 0.000306142 -78.926 
-96.1023 -131.274 380.686 53.793 0.000106146 -78.8449 
-95.9225 -130.97 380.688 53.781 0.00060614 -78.7632 
-95.7434 -130.659 380.693 -126.233 0.000493859 101.319 
-95.5639 -130.352 380.693 53.754 0.00010614 -78.598 
-95.3798 -130.039 380.697 53.741 0.000106136 -78.5144 
-95.1967 -129.723 380.7 53.727 0.000806142 -78.4302 
-95.0099 -129.402 380.707 -126.287 9.38569e-05 101.655 
-94.8234 -129.086 380.709 -126.3 0.000393859 101.74 
-94.64 -128.766 380.71 -126.315 9.38608e-05 101.826 
-94.4498 -128.441 380.714 -126.329 0.000393859 101.913 
-94.2582 -128.115 380.719 -126.343 9.38685e-05 102 
-94.0684 -127.787 380.722 -126.358 0.000193856 102.088 
-93.8747 -127.459 380.725 53.628 0.00010614 -77.8232 
-93.6828 -127.129 380.727 0 6.15665e-06 -24.1209 
-93.4865 -126.793 380.732 -126.402 0.00059386 102.356 
-93.2916 -126.459 380.733 53.583 0.000306143 -77.5535 
-93.0954 -126.119 380.738 -126.433 0.000293862 102.538 
-92.8955 -125.78 380.741 -126.448 0.000293857 102.63 
-92.6963 -125.437 380.745 53.536 0.000106143 -77.2779 
-92.4965 -125.093 380.747 0 6.15665e-06 -23.6647 
-92.2923 -124.744 380.753 -126.496 0.000493858 102.909 
-92.0895 -124.397 380.754 53.488 0.000406141 -76.9965 
-91.8853 -124.045 380.759 -126.529 0.000193861 103.099 
-91.6774 -123.692 380.764 -126.545 0.000293859 103.195 
-91.4702 -123.336 380.768 53.438 0.000106143 -76.7091 
-91.2624 -122.979 380.771 0 6.03709e-06 -23.191 
-91.0531 -122.621 380.773 53.404 0.000406141 -76.5142 
-90.8452 -122.261 380.775 53.386 0.000206142 -76.4157 
-90.6307 -121.896 380.781 -126.631 0.000493859 103.683 
-90.4168 -121.529 380.786 -126.649 0.000693859 103.783 
-90.2042 -121.164 380.786 53.333 0.000506142 -76.1163 
-89.9881 -120.794 380.79 53.315 0.000206138 -76.0151 
-89.7703 -120.423 380.793 53.297 0.000306142 -75.9132 
-89.5503 -120.045 380.801 -126.722 9.38608e-05 104.189 
-89.3325 -119.67 380.803 0 6.03709e-06 -22.4485 
-89.113 -119.293 380.805 53.24 0.000506142 -75.6036 
-88.8891 -118.911 380.81 53.221 0.000406141 -75.4989 
-88.6665 -118.527 380.816 -126.799 0.000193857 104.606 
-88.4403 -118.143 380.82 -126.818 0.000393857 104.712 
-88.2144 -117.756 380.824 -126.838 0.000193863 104.819 
-87.99 -117.367 380.827 -126.859 0.000493858 104.927 
-87.7619 -116.977 380.83 -126.879 0.00039386 105.035 
-87.5341 -116.584 380.833 53.1 0.000106143 -74.8565 
-87.2998 -116.188 380.839 0 6.15665e-06 -21.6669 
-87.0716 -115.792 380.84 53.058 0.000306142 -74.6366 
-86.8369 -115.391 380.845 0 6.09716e-06 -21.4886 
-86.6027 -114.988 380.85 53.015 0.000206143 -74.4139 
-86.3655 -114.586 380.855 -127.006 0.000293862 105.699 
-86.1307 -114.179 380.858 -127.029 0.000393859 105.812 
-85.8922 -113.772 380.862 -127.051 9.3853e-05 105.926 
-85.654 -113.362 380.864 52.926 0.000606141 -73.9596 
-85.4122 -112.947 380.872 -127.097 0.000293859 106.156 
-85.1715 -112.535 380.873 52.88 0.00020614 -73.7281 
-84.9262 -112.118 380.88 0 6.09716e-06 -20.7541 
-84.6821 -111.698 380.885 -127.167 0.00079386 106.507 
-84.4382 -111.28 380.886 52.809 0.00080614 -73.375 
-84.1905 -110.857 380.89 52.785 0.00070614 -73.2558 
-83.9442 -110.432 380.895 52.76 0.000206143 -73.1361 
-83.6966 -110.007 380.9 52.735 0.000406141 -73.0163 
-83.4484 -109.581 380.906 52.71 0.000306139 -72.8963 
-83.2035 -109.161 380.907 -127.315 9.3853e-05 107.224 
-82.9537 -108.735 380.913 52.66 0.000306142 -72.6557 
-82.7071 -108.314 380.916 52.635 0.000506142 -72.5352 
-82.4591 -107.887 380.923 -127.391 0.00069386 107.586 
-82.2126 -107.464 380.926 -127.417 9.38569e-05 107.707 
-81.9656 -107.04 380.929 52.557 0.000206138 -72.1724 
-81.7181 -106.617 380.933 52.531 0.000206142 -72.0511 
-81.4703 -106.193 380.937 0 6.27393e-06 -19.4246 
-81.2229 -105.768 380.942 52.478 0.00050614 -71.8079 
-80.9759 -105.343 380.948 -127.549 0.000293857 108.314 
-80.7277 -104.918 380.953 -127.576 0.000293857 108.436 
-80.4816 -104.496 380.955 52.397 0.00040614 -71.4417 
-80.2324 -104.071 380.961 -127.63 0.000193854 108.681 
-79.9872 -103.648 380.963 -127.658 9.38608e-05 108.804 
-79.738 -103.221 380.971 -127.686 0.000193861 108.926 
-79.4919 -102.799 380.974 -127.714 0.000593858 109.049 
-79.2443 -102.375 380.978 -127.742 0.000293861 109.173 
-78.9963 -101.952 380.982 -127.77 0.000293859 109.296 
-78.7496 -101.527 380.987 -127.799 0.000493858 109.42 
-78.5016 -101.102 380.992 0 6.15665e-06 -18.2841 
-78.2566 -100.681 380.992 52.143 0.000206143 -70.3319 
-78.0076 -100.256 380.999 52.114 0.000206143 -70.2075 
-77.7597 -99.8292 381.005 -127.916 0.000193865 109.917 
-77.5123 -99.4078 381.007 52.055 0.00020614 -69.958 
-77.2661 -98.9851 381.01 52.025 0.000306141 -69.833 
-77.0169 -98.5594 381.018 -128.005 0.000793858 110.292 
-76.7706 -98.1347 381.021 -128.036 0.000193857 110.418 
-76.5236 -97.71 381.025 0 6.09716e-06 -17.5233 
-76.2763 -97.2857 381.03 51.902 0.00010614 -69.3303 
-76.0283 -96.8615 381.035 -128.129 0.000193857 110.796 
-75.7826 -96.441 381.036 51.84 0.000306139 -69.0775 
-75.5343 -96.0145 381.042 51.808 0.000406141 -68.9508 
-75.2865 -95.5896 381.048 -128.224 0.000693859 111.176 
-75.0399 -95.1672 381.05 0 6.21557e-06 -16.9525 
-74.7927 -94.7448 381.053 51.712 0.000306139 -68.5689 
-74.5441 -94.3181 381.061 -128.321 0.000593859 111.559 
-74.2975 -93.8948 381.065 -128.354 0.000793859 111.687 
-74.0494 -93.4706 381.069 -128.387 0.000293859 111.815 
-73.8024 -93.0453 381.073 -128.421 9.38608e-05 111.944 
-73.5568 -92.6261 381.073 -128.454 9.38608e-05 112.073 
-73.3078 -92.2001 381.079 51.512 0.000606141 -67.7981 
-73.0607 -91.7742 381.086 0 6.15665e-06 -16.1917 
-72.814 -91.3531 381.087 51.443 0.000106143 -67.539 
-72.5649 -90.9266 381.095 0 6.03709e-06 -16.001 
-72.3187 -90.5045 381.097 -128.627 0.000493858 112.721 
-72.0726 -90.0804 381.1 -128.663 0.000193857 112.852 
-71.8258 -89.6565 381.104 -128.699 0.000193861 112.983 
-71.5777 -89.2318 381.109 51.265 0.000606141 -66.886 
-71.3297 -88.8083 381.114 0 6.15665e-06 -15.5255 
-71.0819 -88.3828 381.119 51.192 0.000206136 -66.6226 
-70.8369 -87.9618 381.12 51.155 0.000106136 -66.4905 
-70.5878 -87.5367 381.127 -128.882 0.000293857 113.642 
-70.3423 -87.1139 381.129 51.08 0.000106143 -66.2253 
-70.0925 -86.6869 381.136 51.042 0.000106136 -66.0921 
-69.8457 -86.2646 381.139 -128.996 9.3853e-05 114.041 
-69.5988 -85.8401 381.143 50.965 0.00040614 -65.8249 
-69.3512 -85.4159 381.147 50.926 0.000606141 -65.6908 
-69.1041 -84.9931 381.152 -129.113 0.000393857 114.444 
-68.8558 -84.5671 381.158 50.847 0.00020614 -65.4215 
-68.6078 -84.1425 381.164 -129.193 0.000393859 114.714 
-68.3632 -83.7201 381.165 -129.234 0.000293861 114.849 
-68.1131 -83.295 381.172 -129.274 0.000393859 114.985 
-67.8676 -82.8708 381.174 50.684 0.000106146 -64.8787 
-67.6201 -82.4481 381.177 50.643 0.00040614 -64.742 
-67.3733 -82.0245 381.181 50.601 0.000406142 -64.605 
-67.1258 -81.6012 381.185 50.559 0.000106143 -64.4676 
-66.8783 -81.176 381.19 50.516 0.000606141 -64.3298 
-66.6308 -80.7521 381.195 -129.527 0.000293858 115.808 
-66.3832 -80.3263 381.202 -129.571 0.000393858 115.947 
-66.136 -79.9049 381.203 50.386 0.000206143 -63.9141 
-65.8885 -79.4787 381.21 -129.659 0.000393857 116.225 
-65.6411 -79.0567 381.213 -129.703 0.000393859 116.365 
-65.395 -78.6318 381.216 50.251 0.00040614 -63.4946 
-65.1477 -78.2094 381.219 -129.794 9.38608e-05 116.646 
-64.9001 -77.7851 381.224 50.16 0.000106136 -63.2128 
-64.6532 -77.36 381.229 50.113 0.000106143 -63.0712 
-64.4055 -76.9354 381.234 -129.934 0.000193857 117.071 
-64.1571 -76.511 381.241 -129.981 0.000793859 117.213 
-63.9107 -76.0876 381.242 49.971 0.000306139 -62.6439 
-63.6644 -75.6656 381.244 49.923 0.000106143 -62.5005 
-63.4155 -75.239 381.252 -130.126 0.000293859 117.643 
-63.1682 -74.8156 381.255 0 6.21557e-06 -12.3873 
-62.9214 -74.3916 381.259 49.775 0.000106136 -62.0675 
-62.6738 -73.9678 381.264 -130.275 0.000193857 118.078 
-62.4267 -73.5434 381.269 -130.326 0.000693859 118.224 
-62.1802 -73.121 381.269 49.623 0.000506142 -61.63 
-61.932 -72.6952 381.276 49.571 0.00050614 -61.4831 
-61.686 -72.2736 381.278 49.519 0.000106136 -61.3357 
-61.4374 -71.8475 381.286 -130.534 0.000493858 118.812 
-61.1903 -71.4247 381.289 -130.587 0.000293859 118.961 
-60.9425 -71 381.293 49.359 0.000506141 -60.8904 
-60.695 -70.5769 381.297 49.305 0.000106143 -60.7408 
-60.4468 -70.152 381.302 49.25 0.000406141 -60.5906 
-60.2001 -69.7277 381.308 -130.806 0.000493859 119.56 
-59.9538 -69.3054 381.309 49.138 0.000306141 -60.2886 
-59.7056 -68.8798 381.316 -130.919 0.000193859 119.863 
-59.4587 -68.4573 381.318 0 6.03709e-06 -10.9602 
-59.2122 -68.0343 381.321 0 6.15665e-06 -10.8651 
-58.9627 -67.6069 381.33 -131.093 0.000293859 120.323 
-58.7157 -67.1839 381.335 -131.152 0.000793859 120.477 
-58.4702 -66.7617 381.333 48.788 0.000406141 -59.368 
-58.2226 -66.3365 381.339 48.727 0.000306141 -59.2123 
-57.9742 -65.9118 381.346 0 6.15665e-06 -10.39 
-57.7283 -65.4891 381.347 48.604 0.000406141 -58.899 
-57.4802 -65.0633 381.355 -131.459 0.000493858 121.259 
-57.2326 -64.6396 381.358 48.478 0.000406141 -58.5829 
-56.986 -64.2165 381.361 0 6.15665e-06 -10.0098 
-56.7387 -63.7919 381.365 48.349 0.000406141 -58.264 
-56.4904 -63.3678 381.37 48.284 0.000506141 -58.1034 
-56.2431 -62.9443 381.376 -131.782 0.000693859 122.058 
-55.9973 -62.5219 381.377 -131.849 9.38608e-05 122.22 
-55.7483 -62.0954 381.384 48.083 0.000206142 -57.6172 
-55.5015 -61.6732 381.386 48.015 0.000306143 -57.4536 
-55.2537 -61.2471 381.395 -132.055 0.000893859 122.711 
-55.0061 -60.8231 381.399 -132.125 0.000293859 122.876 
-54.7584 -60.3986 381.403 0 6.03709e-06 -9.1539 
-54.5139 -59.9773 381.402 47.732 0.000106143 -56.791 
-54.2652 -59.5532 381.408 -132.34 9.38646e-05 123.377 
-54.0176 -59.1278 381.415 -132.414 0.000493859 123.545 
-53.771 -58.7054 381.416 -132.488 0.000193857 123.715 
-53.5213 -58.2794 381.424 -132.563 9.38646e-05 123.885 
-53.2755 -57.8555 381.427 -132.64 0.000293857 124.057 
-53.0277 -57.4313 381.431 47.283 0.000306142 -55.7711 
-52.7808 -57.008 381.436 -132.795 0.000293859 124.402 
-52.5327 -56.5834 381.441 -132.874 0.000193861 124.576 
-52.2864 -56.1607 381.441 47.046 0.000606141 -55.2485 
-52.0381 -55.7358 381.448 46.965 0.000306142 -55.0724 
-51.7916 -55.3128 381.45 46.883 0.00070614 -54.8952 
-51.5428 -54.8875 381.459 -133.2 0.000193861 125.283 
-51.2967 -54.4633 381.462 -133.285 0.000293859 125.462 
-51.0495 -54.04 381.466 -133.37 0.00059386 125.643 
-50.8011 -53.6156 381.471 -133.456 9.38608e-05 125.824 
-50.5562 -53.1933 381.471 46.456 0.000106136 -53.9931 
-50.3081 -52.7678 381.478 46.367 0.000106136 -53.8093 
-50.0607 -52.3453 381.479 46.278 0.00090614 -53.6244 
-49.8128 -51.9207 381.487 -133.813 0.00059386 126.562 
-49.5664 -51.4964 381.49 -133.906 0.000293857 126.749 
-49.3188 -51.0729 381.494 -133.999 0.000193857 126.938 
-49.0717 -50.6487 381.499 -134.094 0.000293859 127.128 
-48.824 -50.2244 381.504 -134.19 0.00069386 127.319 
-48.577 -49.8013 381.504 45.713 0.00080614 -52.4889 
-48.3293 -49.3764 381.511 0 6.15665e-06 -6.6811 
-48.0831 -48.9536 381.513 0 6.15665e-06 -6.5859 
-47.8334 -48.528 381.522 -134.587 0.000193854 128.097 
-47.5869 -48.1047 381.526 -134.69 0.000593858 128.295 
-47.3397 -47.6797 381.53 -134.795 0.000193857 128.494 
-47.0919 -47.2549 381.536 0 6.15665e-06 -6.206 
-46.8464 -46.8333 381.535 0 6.15665e-06 -6.1105 
-46.598 -46.4081 381.542 -135.117 0.000293859 129.102 
-46.351 -45.9852 381.544 44.773 0.000306142 -50.6929 
-46.1022 -45.5598 381.553 -135.339 0.000293859 129.514 
-45.8553 -45.1359 381.556 -135.453 9.3853e-05 129.723 
-45.6076 -44.7122 381.56 -135.568 9.38608e-05 129.934 
-45.3608 -44.2874 381.566 -135.686 0.000293862 130.146 
-45.1149 -43.8647 381.565 44.195 0.000306142 -49.6401 
-44.8664 -43.4406 381.572 -135.925 0.000293857 130.576 
-44.6205 -43.0173 381.573 0 6.15665e-06 -5.2546 
-44.3707 -42.5916 381.582 43.828 0.000106136 -48.987 
-44.1244 -42.1677 381.586 0 6.15665e-06 -5.0646 
-43.8771 -41.7442 381.59 -136.427 0.000293857 131.458 
-43.6297 -41.3206 381.595 -136.557 0.000693858 131.683 
-43.3834 -40.8968 381.594 43.31 0.000706142 -48.0892 
-43.1353 -40.4728 381.601 -136.824 9.38685e-05 132.141 
-42.8894 -40.0497 381.603 0 6.09716e-06 -4.5888 
-42.6403 -39.6238 381.612 -137.1 9.38646e-05 132.606 
-42.3936 -39.2006 381.615 -137.241 0.000293861 132.843 
-42.1453 -38.7763 381.619 42.616 0.000306139 -46.919 
-41.8982 -38.3523 381.624 -137.53 0.000293861 133.322 
-41.6525 -37.9301 381.624 42.322 0.000106136 -46.4347 
-41.4039 -37.5046 381.631 42.171 0.000206143 -46.1888 
-41.1582 -37.0812 381.632 42.017 0.000306139 -45.9405 
-40.9084 -36.6561 381.641 41.862 0.000206136 -45.6895 
-40.662 -36.2323 381.645 0 6.21557e-06 -3.7328 
-40.4148 -35.8089 381.649 -138.458 0.000293857 134.821 
-40.1674 -35.385 381.654 -138.622 0.000793859 135.08 
-39.9206 -34.9614 381.654 41.211 0.00070614 -44.658 
-39.6728 -34.5369 381.661 0 6.15665e-06 -3.352 
-39.4263 -34.1136 381.663 40.868 0.000206143 -44.1249 
-39.1778 -33.6887 381.672 -139.308 0.000693859 136.146 
-38.9313 -33.2646 381.676 -139.488 0.000593859 136.421 
-38.6836 -32.8409 381.68 -139.67 0.000693859 136.698 
-38.436 -32.4166 381.686 -139.856 0.000793858 136.979 
-38.1899 -31.9929 381.685 -140.046 9.38608e-05 137.264 
-37.9416 -31.568 381.693 -140.239 0.000393859 137.552 
-37.6944 -31.1447 381.695 39.565 0.000306138 -42.1564 
-37.4479 -30.7218 381.697 -140.635 0.000193859 138.139 
-37.2006 -30.2969 381.701 39.16 0.000306142 -41.5618 
-36.9537 -29.8733 381.706 -141.048 0.000193861 138.741 
-36.7051 -29.4484 381.712 38.74 0.00020614 -40.9513 
-36.4573 -29.0244 381.719 -141.476 0.000393859 139.36 
-36.2111 -28.6009 381.72 0 6.09716e-06 -2.0212 
-35.9642 -28.1772 381.722 38.078 0.000306142 -40.0041 
-35.7151 -27.7524 381.732 -142.151 0.000393859 140.321 
-35.4675 -27.3284 381.736 0 6.15665e-06 -1.7351 
-35.2225 -26.9053 381.734 37.375 0.000306139 -39.0159 
-34.974 -26.4804 381.741 37.131 0.000606141 -38.6768 
-34.7263 -26.0562 381.748 0 6.09716e-06 -1.4507 
-34.4794 -25.6328 381.749 36.628 0.000306143 -37.9832 
-34.2324 -25.2088 381.752 36.368 0.000706139 -37.6284 
-33.9844 -24.7846 381.763 -143.897 0.000793859 142.732 
-33.7378 -24.3611 381.76 35.832 0.00070614 -36.9019 
-33.4905 -23.9371 381.766 35.555 0.000306139 -36.5299 
-33.2427 -23.5127 381.773 0 6.15665e-06 -0.879697 
-32.9956 -23.0892 381.773 34.983 0.00070614 -35.7673 
-32.7479 -22.6647 381.782 -145.313 0.00049386 144.624 
-32.501 -22.2414 381.785 -145.615 0.000493861 145.021 
-32.254 -21.8171 381.789 -145.925 0.000393859 145.426 
-32.0058 -21.3929 381.795 -146.241 0.000193861 145.837 
-31.7587 -20.9688 381.801 -146.565 0.000793859 146.256 
-31.512 -20.5456 381.801 -146.896 0.000293861 146.683 
-31.2638 -20.1203 381.81 -147.236 0.000593859 147.117 
-31.0172 -19.697 381.812 -147.583 0.000693859 147.559 
-30.7697 -19.2734 381.816 -147.938 0.000593859 148.01 
-30.5222 -18.8487 381.82 -148.303 0.000193861 148.469 
-30.2749 -18.4248 381.826 -148.676 0.000593859 148.937 
-30.028 -18.0013 381.826 30.942 0.00020614 -30.5852 
-29.7804 -17.577 381.834 -149.45 0.000693859 149.902 
-29.5334 -17.153 381.836 -149.852 0.000293859 150.399 
-29.2855 -16.7292 381.839 29.737 0.000506142 -29.0945 
-29.0383 -16.3049 381.843 29.314 0.000606141 -28.5771 
-28.7912 -15.8811 381.848 0 6.15665e-06 0.832303 
-28.5431 -15.457 381.855 -151.563 0.000193857 152.491 
-28.2972 -15.0332 381.855 27.98 0.000106143 -26.958 
-28.0486 -14.6086 381.864 -152.488 0.000293858 153.605 
-27.8016 -14.1852 381.867 -152.968 9.38608e-05 154.181 
-27.5538 -13.7606 381.87 26.538 0.000506141 -25.2304 
-27.3073 -13.337 381.875 -153.969 0.000393858 155.372 
-27.0597 -12.9132 381.881 -154.489 0.000693859 155.987 
-26.8123 -12.4891 381.881 24.976 0.000606141 -23.3827 
-26.565 -12.065 381.89 -155.574 0.00059386 157.262 
-26.3177 -11.641 381.892 -156.139 9.38608e-05 157.922 
-26.0704 -11.2169 381.895 23.28 0.00010614 -21.4019 
-25.8232 -10.7931 381.9 22.683 0.000106143 -20.7096 
-25.5757 -10.3691 381.906 -157.931 0.000293858 160 
-25.3294 -9.94538 381.905 21.437 0.00020614 -19.2735 
-25.0817 -9.52114 381.913 -159.213 0.000493858 161.471 
-24.8335 -9.09709 381.915 20.119 0.000706142 -17.7648 
-24.5864 -8.67321 381.918 19.431 0.00090614 -16.9818 
-24.3403 -8.24962 381.923 0 6.15665e-06 2.5444 
-24.0924 -7.82531 381.928 17.994 0.000206142 -15.3548 
-23.8438 -7.40095 381.935 17.244 0.000406142 -14.5096 
-23.5962 -6.97697 381.942 -163.528 9.38608e-05 166.358 
-23.3503 -6.55336 381.944 -164.323 0.000493858 167.248 
-23.1023 -6.12891 381.947 14.858 0.000406141 -11.8388 
-22.856 -5.70542 381.951 -165.984 0.000393859 169.099 
-22.6076 -5.28093 381.956 13.148 0.000306141 -9.93857 
-22.3608 -4.85705 381.962 -167.745 0.000593858 171.05 
-22.114 -4.43326 381.962 11.336 0.000106146 -7.93611 
-21.8661 -4.00924 381.971 -169.61 0.000593858 173.105 
-21.6179 -3.58503 381.973 9.416 0.000406141 -5.82588 
-21.3711 -3.16115 381.977 8.414 0.000206142 -4.72872 
-21.1241 -2.73717 381.982 -172.617 9.3853e-05 176.397 
-20.8766 -2.31328 381.988 -173.677 0.000493858 177.553 
-20.6297 -1.88943 381.988 5.233 0.000206142 -1.26187 
-20.3813 -1.46524 381.996 4.112 0.000106136 -0.0460746 
-20.1345 -1.04111 381.998 2.96 0.000206142 1.20052 
-19.8883 -0.617372 382.002 -178.222 0.000293857 -177.522 
-19.6395 -0.193332 382.006 0.564003 0.00060614 3.7873 
-19.3923 0.230842 382.012 0 6.15665e-06 4.44584 
-19.1455 0.654862 382.019 178.041 0.000793859 -173.5 
-18.8981 1.07874 382.02 -3.267 0.000106143 7.90332 
-18.6517 1.50265 382.022 175.394 0.000193859 -170.662 
-18.4038 1.92684 382.025 -5.977 0.000606141 10.8032 
-18.1566 2.35072 382.03 -7.377 0.00040614 12.2988 
-17.9087 2.77466 382.035 -8.807 0.000406141 13.8238 
-17.6618 3.19854 382.042 169.735 0.000193857 -164.623 
-17.4145 3.62285 382.042 -11.752 0.000506142 16.9586 
-17.1667 4.04665 382.052 166.736 0.000293859 -161.434 
-16.92 4.47078 382.055 165.199 0.00049386 -159.802 
-16.6721 4.89453 382.059 0 6.15665e-06 5.4925 
-16.4241 5.31846 382.064 -17.943 0.000306142 23.5302 
-16.1783 5.74271 382.063 -19.543 0.00040614 25.2261 
-15.9299 6.16635 382.071 -21.161 0.000406141 26.9391 
-15.6833 6.59072 382.073 -22.794 0.000306141 28.6668 
-15.4356 7.01459 382.083 155.561 0.000693859 -149.593 
-15.1884 7.43874 382.087 153.906 0.000593858 -147.843 
-14.9406 7.86232 382.092 152.245 0.000493859 -146.087 
-14.6945 8.28703 382.091 150.579 0.000193859 -144.326 
-14.4459 8.71017 382.099 -31.088 0.00020614 37.4365 
-14.1986 9.13427 382.1 -32.754 0.00070614 39.1975 
-13.9521 9.55893 382.102 -34.416 0.000306138 40.9542 
-13.7053 9.98309 382.106 0 6.09716e-06 6.6339 
-13.4569 10.4063 382.111 -37.715 0.000806141 44.4439 
-13.2104 10.8311 382.117 140.652 0.000393858 -133.828 
-12.9626 11.2547 382.125 139.034 0.000593858 -132.115 
-12.7152 11.6787 382.126 -42.567 0.000106143 49.5807 
-12.4678 12.1024 382.128 -44.148 0.000606141 51.2573 
-12.2204 12.5262 382.132 -45.708 0.000906141 52.9127 
-11.9738 12.9514 382.137 132.754 9.38608e-05 -125.455 
-11.7256 13.3743 382.143 -48.758 0.00050614 56.1523 
-11.4786 13.7986 382.15 129.756 0.000393859 -122.267 
-11.2317 14.2228 382.151 -51.702 0.00010614 59.2872 
-10.9835 14.6457 382.16 126.868 9.38608e-05 -119.188 
-10.7362 15.07 382.164 125.467 9.38608e-05 -117.692 
-10.4888 15.4936 382.168 124.097 9.38608e-05 -116.227 
-10.2424 15.9193 382.167 0 6.15665e-06 7.9648 
-9.99474 16.3426 382.174 0 6.15665e-06 8.0603 
-9.74693 16.7657 382.182 120.172 0.000293858 -112.017 
-9.49955 17.19 382.184 -61.074 0.000106143 69.3239 
-9.25246 17.6144 382.187 -62.288 0.00010614 70.633 
-9.00568 18.039 382.191 116.53 0.000493858 -108.089 
-8.75754 18.4616 382.197 -64.622 0.000306141 73.1574 
-8.51109 18.8869 382.196 -65.742 0.000306141 74.3733 
-8.2635 19.3109 382.204 113.167 0.000493858 -104.441 
-8.01649 19.7353 382.206 112.107 0.000193859 -103.286 
-7.7692 20.1595 382.209 -68.924 0.000106143 77.8402 
-7.52145 20.5823 382.22 110.074 0.000793858 -101.063 
-7.27432 21.007 382.218 -70.9 0.000106143 80.0064 
-7.02702 21.4308 382.225 108.154 0.000193857 -98.9523 
-6.77932 21.8532 382.232 -72.765 0.000106133 82.0621 
-6.53194 22.2783 382.234 106.341 9.38608e-05 -96.9498 
-6.28484 22.7024 382.237 -74.526 0.000306142 84.0128 
-6.03744 23.1268 382.24 0 6.03709e-06 9.5815 
-5.79022 23.5505 382.245 -76.187 0.00020614 85.864 
-5.54292 23.9747 382.252 103.018 0.00039386 -93.246 
-5.2958 24.3992 382.252 -77.754 0.00020614 87.6213 
-5.04829 24.822 382.26 0 6.15665e-06 9.9626 
-4.80099 25.2467 382.263 100.767 0.000193861 -90.7096 
-4.55378 25.6711 382.266 100.059 0.000193857 -89.9064 
-4.30638 26.095 382.271 99.3709 0.000293857 -89.1233 
-4.059 26.5186 382.277 98.7023 0.000393858 -88.3596 
-3.81174 26.9432 382.277 -81.9476 0.000406141 92.3854 
-3.56429 27.3661 382.285 0 6.15665e-06 10.5329 
-3.31697 27.7902 382.287 -83.1935 0.000406139 93.8215 
-3.06967 28.2142 382.291 -83.7907 0.000606141 94.5139 
-2.82234 28.6383 382.295 -84.3716 0.000606141 95.1898 
-2.57502 29.0622 382.301 -84.9366 0.00020614 95.8499 
-2.32771 29.4863 382.308 94.5137 0.000493858 -83.5052 
-2.08041 29.9103 382.308 -86.0212 0.000406141 97.1248 
-1.83299 30.3331 382.318 93.4581 9.38569e-05 -82.2595 
-1.58572 30.7576 382.321 0 6.03709e-06 11.2938 
-1.33844 31.1823 382.325 92.4578 0.000393859 -81.0689 
-1.0911 31.6057 382.33 91.9772 0.000293861 -80.4932 
-0.843791 32.0309 382.329 -88.491 0.000206142 100.07 
-0.59645 32.4535 382.337 -88.9471 0.00020614 100.621 
-0.34913 32.878 382.338 -89.3916 0.00060614 101.161 
-0.101829 33.3016 382.348 90.1752 0.000493861 -78.311 
0.145508 33.7253 382.352 89.7528 0.000393861 -77.793 
0.392818 34.1514 382.35 -90.659 0.000206138 102.714 
0.640145 34.5747 382.356 0 6.15665e-06 12.1493 
0.887403 34.9972 382.363 -91.4525 0.00020614 103.697 
1.13478 35.422 382.364 -91.8349 0.00070614 104.175 
1.38206 35.8455 382.374 87.792 0.000593858 -75.357 
1.62938 36.2699 382.377 87.4278 0.00059386 -74.898 
1.87672 36.6934 382.381 87.0721 0.000393859 -74.447 
2.12411 37.1194 382.38 -93.2751 0.000106143 105.995 
2.3714 37.5428 382.387 86.3857 0.000293861 -73.57 
2.61866 37.9655 382.395 86.0543 0.000393859 -73.144 
2.86605 38.3906 382.396 85.7305 0.000393858 -72.725 
3.11342 38.8148 382.399 85.414 0.000293859 -72.313 
3.36068 39.2384 382.403 0 6.21557e-06 13.1957 
3.60794 39.6614 382.409 -95.1978 0.00050614 108.489 
3.85518 40.0852 382.415 -95.4935 0.000106136 108.88 
4.10263 40.5099 382.415 -95.7829 0.00070614 109.264 
4.34992 40.9338 382.424 83.9341 0.000493859 -70.358 
4.59718 41.3575 382.426 -96.3428 0.000406142 110.014 
4.84452 41.7818 382.43 -96.6138 0.000306141 110.38 
5.09182 42.2056 382.434 -96.8791 0.000306139 110.741 
5.33929 42.6303 382.44 82.8611 0.000593859 -68.904 
5.58666 43.0549 382.44 -97.3932 0.000506141 111.445 
5.83392 43.4783 382.448 82.3577 0.000393859 -68.211 
6.08138 43.9032 382.45 82.1137 0.000193856 -67.872 
6.32872 44.3276 382.453 0 6.15665e-06 14.3367 
6.57599 44.7514 382.457 -98.3595 0.000206136 112.792 
6.82324 45.1747 382.462 -98.5891 0.000406142 113.116 
7.07035 45.5974 382.468 -98.8141 0.000606141 113.437 
7.31758 46.021 382.475 80.9653 0.000293859 -66.248 
7.56517 46.4462 382.477 80.7489 9.3853e-05 -65.936 
7.81255 46.8709 382.479 0 6.21557e-06 14.9078 
8.05993 47.2951 382.483 -99.6713 0.000106143 114.674 
8.30727 47.719 382.487 -99.8755 0.00020614 114.973 
8.55447 48.1423 382.493 -100.076 0.00020614 115.269 
8.80155 48.5652 382.499 -100.272 0.000206138 115.561 
9.04929 48.9911 382.5 -100.465 0.000106136 115.849 
9.29615 49.4131 382.509 79.3454 9.38646e-05 -63.867 
9.54375 49.8382 382.512 79.1594 0.000293857 -63.586 
9.79083 50.2613 382.516 -101.023 0.000306142 116.692 
10.0382 50.6855 382.52 78.7976 9.38569e-05 -63.034 
10.2855 51.1095 382.526 78.6215 0.000493858 -62.763 
10.5332 51.535 382.527 78.4485 9.3853e-05 -62.495 
10.78 51.9565 382.535 -101.722 0.000206143 117.77 
11.0275 52.3813 382.537 -101.889 0.00040614 118.033 
11.2749 52.8059 382.54 -102.053 0.000606141 118.292 
11.5222 53.2299 382.544 -102.214 0.000606141 118.548 
11.7695 53.6536 382.549 -102.373 0.000506141 118.802 
12.0166 54.0767 382.555 -102.528 0.00020614 119.053 
12.2643 54.502 382.556 -102.682 0.000906141 119.301 
12.5115 54.9259 382.564 77.1676 0.000593859 -60.453 
12.7589 55.3505 382.566 77.0194 0.000193859 -60.209 
13.0063 55.7745 382.57 0 6.15665e-06 16.9045 
13.2535 56.1983 382.574 -103.27 0.000106136 120.27 
13.5008 56.6217 382.579 -103.411 0.000106143 120.506 
13.7479 57.0448 382.586 76.45 9.38608e-05 -59.26 
13.9954 57.47 382.586 -103.687 0.00060614 120.972 
14.2424 57.8923 382.595 -103.821 0.000106143 121.202 
14.4902 58.3183 382.597 76.0464 0.000493859 -58.571 
14.7375 58.7424 382.601 75.9161 0.000293858 -58.345 
14.9849 59.1662 382.605 75.7877 0.000293861 -58.122 
15.232 59.5897 382.611 75.6614 0.000393858 -57.9 
15.4792 60.0129 382.617 75.5369 0.00069386 -57.681 
15.7267 60.4382 382.618 75.4144 0.000193857 -57.463 
15.9744 60.8633 382.619 -104.706 0.000206138 122.753 
16.2212 61.2853 382.629 75.1747 0.000693859 -57.033 
16.4686 61.7098 382.632 75.0576 0.000693859 -56.821 
16.7156 62.1324 382.637 -105.058 0.000106143 123.389 
16.9629 62.5564 382.642 74.8284 0.000193857 -56.402 
17.2108 62.9824 382.642 -105.284 0.00020614 123.805 
17.4579 63.4057 382.649 74.6058 0.000493859 -55.989 
17.7053 63.8297 382.651 -105.503 0.000506142 124.215 
17.9529 64.255 382.654 -105.61 0.000406141 124.417 
18.1994 64.6757 382.664 0 6.03709e-06 18.9017 
18.4469 65.1005 382.668 74.1794 0.00049386 -55.182 
18.6947 65.5261 382.667 -105.924 0.00080614 125.016 
18.9419 65.9501 382.673 73.9751 0.000193857 -54.788 
19.1888 66.3726 382.68 73.875 0.000293859 -54.592 
19.4364 66.7973 382.682 -106.224 0.000306139 125.601 
19.6839 67.2218 382.684 -106.321 0.00070614 125.794 
19.9313 67.6462 382.688 -106.417 0.00100614 125.985 
20.1786 68.0702 382.692 -106.512 0.00100614 126.175 
20.4258 68.4939 382.697 -106.605 0.000806141 126.363 
20.673 68.9172 382.703 -106.698 0.000306142 126.551 
20.9201 69.3405 382.71 73.2114 0.000293861 -53.263 
21.1679 69.7662 382.712 73.1216 0.000193857 -53.078 
21.4152 70.1902 382.714 -106.967 0.000706142 127.106 
21.662 70.6126 382.723 72.9454 0.00059386 -52.712 
21.9092 71.0362 382.728 72.859 9.38569e-05 -52.53 
22.1568 71.4608 382.732 72.7737 0.000893859 -52.35 
22.4046 71.8866 382.732 -107.311 0.00010614 127.829 
22.6515 72.3093 382.738 72.6064 0.000193857 -51.992 
22.8993 72.7348 382.739 -107.476 0.000406142 128.185 
23.1461 73.157 382.748 72.4432 0.000293859 -51.639 
23.3937 73.5819 382.751 72.3631 0.000193857 -51.464 
23.6408 74.0051 382.754 -107.716 0.000606141 128.71 
23.8883 74.4295 382.759 -107.794 0.000206142 128.884 
24.1356 74.8536 382.764 72.1287 0.000493861 -50.944 
24.3824 75.2761 382.77 72.0525 0.00039386 -50.773 
24.6302 75.7014 382.771 -108.023 0.00050614 129.398 
24.8773 76.1247 382.779 71.9028 0.00089386 -50.433 
25.1248 76.5495 382.781 71.8293 0.000493858 -50.264 
25.3724 76.9742 382.785 71.7566 0.000293857 -50.096 
25.6194 77.3969 382.788 -108.315 0.00050614 130.07 
25.8667 77.8211 382.793 -108.386 0.00020614 130.237 
26.1139 78.2449 382.799 71.5438 0.000393858 -49.598 
26.3616 78.6701 382.799 -108.526 0.000706142 130.566 
26.6088 79.0935 382.807 71.4059 0.000393861 -49.27 
26.8564 79.5184 382.809 -108.662 0.000306141 130.893 
27.103 79.9399 382.818 71.2712 0.000293859 -48.945 
27.3504 80.3642 382.821 71.205 0.000193861 -48.784 
27.5977 80.7884 382.825 71.1396 0.000293859 -48.623 
27.8449 81.2122 382.83 71.0749 0.000693859 -48.464 
28.0928 81.6377 382.83 -108.989 0.000706142 131.695 
28.3399 82.0612 382.837 70.9476 0.000193861 -48.146 
28.5876 82.4861 382.838 -109.115 0.00060614 132.012 
28.8341 82.9077 382.846 -109.177 0.00020614 132.169 
29.082 83.3337 382.849 70.7619 0.000493858 -47.675 
29.3295 83.7581 382.853 70.7013 0.000393859 -47.519 
29.5764 84.1808 382.857 -109.359 0.000406141 132.636 
29.8238 84.6048 382.863 0 6.15665e-06 23.3721 
30.0709 85.0284 382.868 70.5235 0.000793859 -47.056 
30.3187 85.4539 382.869 -109.535 0.000306139 133.097 
30.5653 85.8757 382.876 0 6.15665e-06 23.6571 
30.813 86.3006 382.879 -109.649 0.00050614 133.401 
31.0605 86.7253 382.882 -109.705 0.00070614 133.553 
31.3081 87.15 382.885 -109.761 0.00070614 133.703 
31.5555 87.5743 382.89 -109.816 0.000406141 133.853 
31.8029 87.9984 382.895 70.13 0.000193861 -45.997 
32.0496 88.4208 382.901 70.0761 9.3853e-05 -45.848 
32.2964 88.8431 382.907 70.0227 0.000193861 -45.7 
32.5442 89.2685 382.909 -110.03 0.000406141 134.448 
32.7921 89.6939 382.911 -110.082 0.000806141 134.596 
33.0385 90.1156 382.92 69.8659 9.38608e-05 -45.257 
33.286 90.5405 382.923 69.8147 0.000293862 -45.111 
33.5332 90.9636 382.927 -110.236 0.00020614 135.035 
33.7807 91.3881 382.932 69.7137 0.000493859 -44.82 
34.0287 91.8143 382.932 -110.336 0.000406141 135.325 
34.2756 92.2371 382.939 -110.385 0.00020614 135.469 
34.5223 92.6595 382.946 69.566 0.000393858 -44.387 
34.7704 93.0852 382.948 69.5177 0.000193859 -44.244 
35.0177 93.5094 382.95 -110.53 0.000706142 135.899 
35.2654 93.9347 382.954 -110.577 0.000306142 136.042 
35.5127 94.3583 382.957 -110.624 0.000606141 136.184 
35.7599 94.7819 382.962 -110.671 0.00070614 136.325 
36.007 95.2053 382.968 -110.717 0.000506142 136.466 
36.254 95.6284 382.974 0 6.03709e-06 25.8446 
36.5022 96.0548 382.975 -110.808 0.000206138 136.747 
36.7485 96.4763 382.982 -110.852 0.000206142 136.887 
36.9967 96.9024 382.984 69.1035 9.3853e-05 -42.973 
37.2442 97.3269 382.987 -110.94 0.000306142 137.166 
37.4903 97.7476 382.997 69.0161 0.000593858 -42.696 
37.7377 98.1719 383.001 68.973 0.000693857 -42.558 
37.9859 98.5979 383 -111.07 0.000806141 137.58 
38.2331 99.0217 383.006 -111.112 0.000106143 137.718 
38.4798 99.4441 383.012 -111.154 0.000206143 137.855 
38.7282 99.8711 383.013 68.8046 9.38685e-05 -42.009 
38.9748 100.293 383.021 68.7634 0.000593858 -41.872 
39.2221 100.717 383.023 -111.277 0.00060614 138.263 
39.4698 101.142 383.027 -111.318 0.000506142 138.399 
39.7174 101.567 383.03 -111.358 0.000106143 138.534 
39.9646 101.99 383.035 -111.398 0.00040614 138.669 
40.2115 102.413 383.04 -111.437 0.000506142 138.803 
40.4584 102.836 383.046 -111.476 0.000306139 138.938 
40.7053 103.259 383.052 68.4854 0.000193861 -40.929 
40.9535 103.686 383.053 0 6.15665e-06 27.6521 
41.1997 104.107 383.061 0 6.03709e-06 27.7471 
41.4478 104.533 383.063 68.3714 0.000293862 -40.529 
41.6954 104.957 383.066 0 6.15665e-06 27.937 
41.9428 105.382 383.07 -111.703 0.00020614 139.735 
42.1901 105.806 383.075 0 6.21557e-06 28.1273 
42.4373 106.229 383.08 68.2239 0.00049386 -40.001 
42.684 106.652 383.085 68.1878 0.000193859 -39.87 
42.9322 107.078 383.086 -111.848 0.000806141 140.261 
43.1792 107.501 383.093 68.1165 0.000493859 -39.609 
43.4272 107.927 383.095 68.0813 9.38608e-05 -39.478 
43.673 108.347 383.103 -111.954 0.000106143 140.652 
43.9209 108.772 383.106 0 6.27393e-06 28.7928 
44.1688 109.198 383.11 67.9774 0.000393859 -39.089 
44.4159 109.621 383.114 67.9434 9.38646e-05 -38.96 
44.663 110.045 383.119 67.9096 9.38608e-05 -38.831 
44.91 110.468 383.124 67.8761 0.000293857 -38.703 
45.1585 110.895 383.124 -112.157 0.000106136 141.426 
45.4049 111.316 383.131 -112.19 0.000306142 141.554 
45.6533 111.743 383.133 -112.223 0.000206143 141.682 
45.8994 112.164 383.14 67.7448 9.38569e-05 -38.191 
46.1472 112.589 383.143 -112.287 0.000206136 141.936 
46.3948 113.014 383.147 -112.319 0.000306142 142.063 
46.6423 113.438 383.151 -112.351 0.000106143 142.19 
46.8892 113.861 383.155 -112.382 0.000606141 142.317 
47.1366 114.286 383.16 67.5865 0.000193861 -37.557 
47.3834 114.708 383.166 67.5556 0.000193861 -37.431 
47.6302 115.131 383.172 67.5249 0.000493861 -37.305 
47.8784 115.557 383.173 67.4945 9.38569e-05 -37.18 
48.1244 115.978 383.18 0 6.03709e-06 30.4103 
48.3727 116.404 383.183 67.4343 9.38685e-05 -36.929 
48.6203 116.829 383.186 -112.596 0.000406141 143.195 
48.8678 117.253 383.189 -112.625 0.000706143 143.32 
49.115 117.677 383.193 -112.654 0.00070614 143.444 
49.3624 118.101 383.198 -112.683 0.000506142 143.569 
49.6098 118.525 383.203 67.2878 9.38608e-05 -36.307 
49.8564 118.947 383.209 -112.741 0.000106143 143.816 
50.1052 119.375 383.21 0 6.15665e-06 31.1708 
50.3516 119.797 383.216 67.2026 0.000393858 -35.937 
50.5998 120.223 383.218 0 6.15665e-06 31.3606 
50.8457 120.643 383.226 -112.853 0.000106146 144.309 
51.0935 121.069 383.229 67.1193 9.38608e-05 -35.568 
51.3409 121.493 383.232 -112.908 0.000406139 144.554 
51.5883 121.917 383.237 -112.935 0.000706142 144.677 
51.8354 122.341 383.241 -112.962 0.000606141 144.799 
52.0826 122.764 383.246 -112.989 0.000306142 144.921 
52.3298 123.188 383.252 66.9844 0.000193861 -34.958 
52.578 123.614 383.252 -113.042 0.000906141 145.164 
52.825 124.037 383.259 66.9318 0.000193857 -34.715 
53.0713 124.459 383.266 66.9058 0.00059386 -34.594 
53.3192 124.884 383.268 66.88 0.000293859 -34.473 
53.5671 125.31 383.271 66.8544 0.000193861 -34.352 
53.8146 125.734 383.274 -113.171 0.000606142 145.768 
54.0624 126.159 383.278 -113.196 0.00010614 145.889 
54.3094 126.583 383.282 -113.221 0.000306141 146.009 
54.5567 127.006 383.287 -113.246 0.000306141 146.129 
54.8037 127.43 383.292 0 6.09716e-06 32.9779 
55.0507 127.853 383.298 66.7043 0.00059386 -33.632 
55.297 128.274 383.304 66.6799 0.000393859 -33.512 
55.5451 128.7 383.306 -113.344 0.00050614 146.607 
55.7919 129.123 383.313 66.6316 0.000893859 -33.274 
56.0397 129.548 383.315 66.6078 0.000593858 -33.155 
56.2872 129.972 383.318 -113.416 0.00050614 146.964 
56.5348 130.398 383.322 -113.44 0.000306142 147.083 
56.7826 130.823 383.326 66.5371 9.3853e-05 -32.799 
57.0299 131.246 383.33 -113.486 0.00020614 147.32 
57.277 131.67 383.335 -113.509 0.000206142 147.438 
57.5239 132.093 383.34 66.4678 9.38569e-05 -32.444 
57.7709 132.516 383.346 66.445 0.000593859 -32.326 
58.019 132.942 383.347 -113.578 0.000606142 147.792 
58.2658 133.364 383.354 66.3999 0.000493859 -32.091 
58.5138 133.79 383.356 -113.622 0.00020614 148.027 
58.7599 134.211 383.363 66.3554 0.000393858 -31.856 
59.0077 134.637 383.366 66.3334 0.000293861 -31.739 
59.255 135.06 383.369 -113.689 0.000606142 148.378 
59.5027 135.485 383.373 -113.71 0.00020614 148.495 
59.7499 135.909 383.378 -113.732 0.000606141 148.612 
59.9977 136.334 383.382 66.2467 0.000293858 -31.272 
60.2446 136.757 383.387 66.2254 0.000493858 -31.155 
60.4908 137.179 383.393 -113.796 0.000106143 148.961 
60.7397 137.606 383.394 -113.817 0.000406141 149.077 
60.9859 138.027 383.4 -113.838 0.000406141 149.193 
61.2344 138.455 383.403 -113.858 0.00020614 149.309 
61.4807 138.876 383.41 66.1209 0.000293859 -30.575 
