117.383 153.964 380.21 0 6.15665e-06 -74.0545 
117.382 153.964 380.209 52.678 0.000393859 -126.732 
117.375 153.957 380.21 0 6.15665e-06 -74.0537 
117.372 153.956 380.207 -127.321 0.000206143 53.2679 
117.363 153.949 380.207 -127.32 0.00010615 53.268 
117.35 153.937 380.21 52.6809 0.000193857 -126.732 
117.339 153.929 380.208 -127.318 0.000206138 53.2682 
117.322 153.916 380.21 -127.317 0.000406141 53.2684 
117.306 153.902 380.21 -127.315 0.000406141 53.2685 
117.288 153.889 380.209 -127.313 0.000106143 53.2687 
117.266 153.87 380.212 52.6887 0.000393859 -126.731 
117.246 153.856 380.21 52.6908 9.38608e-05 -126.731 
117.221 153.835 380.211 52.693 9.38608e-05 -126.731 
117.195 153.816 380.211 52.6955 0.000293857 -126.73 
117.168 153.794 380.21 -127.302 0.000206143 53.2699 
117.135 153.768 380.212 -127.299 0.000506141 53.2702 
117.103 153.742 380.213 52.704 0.000493859 -126.73 
117.069 153.715 380.214 52.7072 0.00059386 -126.729 
117.033 153.687 380.213 52.7106 9.38491e-05 -126.729 
116.994 153.655 380.215 52.7141 0.00069386 -126.728 
116.956 153.626 380.213 -127.282 0.000306142 53.272 
116.914 153.592 380.214 -127.278 0.000206142 53.2724 
116.87 153.558 380.214 -127.274 0.000806141 53.2728 
116.822 153.519 380.217 -127.27 0.00010614 53.2732 
116.777 153.484 380.215 -127.265 0.000306144 53.2737 
116.726 153.444 380.216 -127.261 0.000106143 53.2741 
116.674 153.403 380.217 -127.256 0.00080614 53.2746 
116.619 153.358 380.22 52.7493 0.000793859 -126.725 
116.565 153.316 380.219 -127.246 0.000306142 53.2756 
116.506 153.269 380.22 -127.24 0.000206138 53.2761 
116.447 153.222 380.221 52.7656 0.000193857 -126.723 
116.386 153.174 380.221 -127.229 0.000206138 53.2772 
116.321 153.122 380.224 52.7774 0.000593859 -126.722 
116.258 153.072 380.222 -127.217 0.000306141 53.2784 
116.19 153.019 380.224 0 6.21557e-06 -73.9312 
116.121 152.964 380.224 -127.204 0.000406141 53.2795 
116.048 152.905 380.227 52.8032 0.000393856 -126.72 
115.976 152.849 380.226 -127.19 0.000506141 53.2808 
115.9 152.789 380.228 -127.183 0.000206143 53.2814 
115.824 152.729 380.229 52.8246 0.000393861 -126.718 
115.745 152.666 380.229 -127.168 0.000706141 53.2827 
115.663 152.6 380.232 52.8398 0.000293859 -126.717 
115.582 152.537 380.23 -127.152 0.000306141 53.284 
115.496 152.469 380.231 -127.144 0.00070614 53.2847 
115.407 152.397 380.236 52.8641 9.38685e-05 -126.715 
115.32 152.328 380.235 52.8726 0.000193861 -126.714 
115.228 152.255 380.238 52.8813 0.000493858 -126.713 
115.137 152.184 380.236 -127.11 0.000906141 53.2874 
115.043 152.11 380.237 0 6.09716e-06 -73.8126 
114.944 152.03 380.241 52.9086 9.38569e-05 -126.711 
114.846 151.954 380.241 -127.082 0.000506141 53.2895 
114.746 151.873 380.243 52.9277 9.38569e-05 -126.71 
114.643 151.792 380.244 0 6.15665e-06 -73.7715 
114.539 151.71 380.245 52.9477 0.000193859 -126.708 
114.434 151.627 380.245 -127.042 0.000406141 53.2923 
114.324 151.54 380.248 52.9685 0.000193854 -126.707 
114.213 151.451 380.25 52.9792 0.000193857 -126.706 
114.101 151.363 380.251 52.9901 0.000393858 -126.706 
113.988 151.273 380.252 -126.999 0.000206145 53.295 
113.87 151.179 380.255 53.0125 0.00059386 -126.704 
113.754 151.088 380.254 -126.976 0.000406141 53.2964 
113.634 150.993 380.256 -126.964 0.00020614 53.297 
113.509 150.893 380.26 53.0477 0.000393861 -126.702 
113.386 150.796 380.26 53.0599 0.000193857 -126.702 
113.259 150.694 380.264 53.0722 0.000193859 -126.701 
113.134 150.597 380.262 -126.915 0.000406141 53.2996 
113.003 150.493 380.264 -126.902 0.000806141 53.3002 
112.869 150.386 380.268 53.1106 9.38491e-05 -126.699 
112.738 150.283 380.268 53.1238 0.000193857 -126.699 
112.601 150.174 380.271 53.1372 0.00069386 -126.698 
112.463 150.064 380.273 53.1509 0.000393859 -126.698 
112.324 149.954 380.274 53.1648 0.000393858 -126.697 
112.183 149.843 380.275 -126.821 0.000406141 53.3036 
112.038 149.727 380.278 53.1932 0.000193861 -126.696 
111.892 149.611 380.281 53.2077 0.000993859 -126.695 
111.747 149.498 380.279 -126.778 0.000906141 53.305 
111.596 149.376 380.284 53.2374 0.000493859 -126.695 
111.446 149.259 380.285 53.2527 0.000193861 -126.694 
111.291 149.135 380.288 53.2681 9.38608e-05 -126.694 
111.135 149.011 380.291 53.2838 0.00039386 -126.693 
110.979 148.888 380.293 53.2997 0.00089386 -126.693 
110.82 148.762 380.294 -126.684 0.000306139 53.3073 
110.661 148.637 380.294 -126.668 0.00020614 53.3075 
110.497 148.506 380.297 53.3487 0.000193857 -126.692 
110.331 148.374 380.3 -126.634 0.00010614 53.308 
110.165 148.243 380.302 -126.617 0.00010614 53.3081 
109.996 148.11 380.303 -126.6 0.000806141 53.3083 
109.824 147.972 380.306 -126.583 0.000206143 53.3084 
109.651 147.835 380.31 53.4353 0.000693859 -126.692 
109.476 147.696 380.312 53.4533 0.000893858 -126.692 
109.299 147.557 380.314 53.4716 0.000293859 -126.692 
109.122 147.417 380.315 53.4901 9.38569e-05 -126.692 
108.94 147.271 380.319 53.5089 0.000193857 -126.692 
108.76 147.13 380.318 -126.472 0.000406141 53.308 
108.575 146.983 380.321 -126.453 0.00070614 53.3078 
108.386 146.832 380.326 53.5667 0.000293861 -126.693 
108.199 146.684 380.327 -126.414 0.000306141 53.3072 
108.007 146.532 380.331 53.6065 0.000293858 -126.693 
107.817 146.383 380.331 -126.373 0.000806141 53.3064 
107.623 146.229 380.333 -126.353 0.00050614 53.3059 
107.424 146.069 380.339 53.6681 9.3853e-05 -126.695 
107.227 145.914 380.34 0 6.21557e-06 -73.0061 
107.026 145.754 380.344 53.7105 0.000193859 -126.696 
106.827 145.598 380.343 -126.268 0.000306141 53.3033 
106.622 145.436 380.346 -126.246 0.000406141 53.3025 
106.414 145.269 380.352 53.7762 0.000793859 -126.698 
106.207 145.106 380.353 53.7986 0.000293859 -126.699 
105.996 144.938 380.357 53.8213 9.3853e-05 -126.7 
105.786 144.773 380.357 -126.156 0.00070614 53.2985 
105.573 144.604 380.359 -126.133 0.000206143 53.2974 
105.355 144.43 380.365 53.891 0.000593858 -126.704 
105.138 144.258 380.367 -126.085 0.000206136 53.2948 
104.917 144.082 380.371 53.939 0.000293857 -126.707 
104.698 143.911 380.371 53.9633 0.000193861 -126.708 
104.474 143.732 380.374 -126.012 0.000606141 53.2902 
104.249 143.555 380.376 -125.987 0.000106143 53.2885 
104.019 143.371 380.382 -125.962 0.000206138 53.2867 
103.792 143.192 380.382 0 6.21557e-06 -72.6514 
103.559 143.007 380.386 -125.91 0.000406141 53.2829 
103.326 142.823 380.39 54.1159 0.000493859 -126.719 
103.091 142.636 380.392 -125.858 0.000206138 53.2786 
102.854 142.449 380.394 -125.831 0.00060614 53.2763 
102.614 142.258 380.399 54.1962 0.00039386 -126.726 
102.372 142.066 380.404 54.2237 0.000693859 -126.729 
102.131 141.876 380.403 -125.749 0.000606141 53.2687 
101.883 141.678 380.41 54.2794 0.000493859 -126.734 
101.636 141.483 380.413 -125.692 0.000106143 53.2631 
101.389 141.287 380.414 -125.664 0.000306143 53.2601 
101.137 141.086 380.419 -125.635 0.000106143 53.257 
100.883 140.885 380.423 54.3948 0.000393861 -126.746 
100.631 140.687 380.423 -125.576 0.00070614 53.2504 
100.372 140.481 380.429 54.4545 0.000593858 -126.753 
100.115 140.277 380.431 54.4849 0.000193857 -126.757 
99.8549 140.072 380.433 -125.484 0.000706141 53.2394 
99.5915 139.863 380.437 -125.453 0.000306141 53.2355 
99.3262 139.652 380.441 -125.422 0.000506142 53.2314 
99.0598 139.441 380.445 -125.39 0.000306141 53.2272 
98.7917 139.229 380.447 -125.358 0.00070614 53.2228 
98.5198 139.012 380.453 54.6743 0.000293859 -126.782 
98.2491 138.799 380.455 -125.293 0.000406141 53.2136 
97.9742 138.581 380.459 54.7403 0.000393859 -126.791 
97.6976 138.361 380.463 54.7739 0.000493861 -126.796 
97.4193 138.141 380.466 54.8078 9.3853e-05 -126.802 
97.1399 137.92 380.469 54.8421 9.38685e-05 -126.807 
96.8558 137.693 380.475 54.8768 0.000393859 -126.813 
96.5736 137.471 380.476 54.9119 0.000193857 -126.818 
96.2868 137.243 380.481 54.9473 0.000393859 -126.824 
95.9979 137.014 380.485 0 6.15665e-06 -71.8471 
95.7083 136.784 380.489 0 6.15665e-06 -71.8172 
95.4176 136.555 380.492 55.0561 0.000393859 -126.843 
95.1243 136.322 380.494 -124.907 0.000706142 53.1502 
94.8269 136.086 380.499 -124.869 0.00040614 53.1433 
94.5287 135.849 380.504 55.1684 0.000293859 -126.864 
94.2286 135.611 380.509 55.2067 0.00039386 -126.871 
93.9268 135.372 380.513 -124.755 0.000106146 53.1213 
93.6237 135.132 380.516 -124.715 0.000106143 53.1135 
93.3191 134.891 380.518 -124.676 0.000706142 53.1054 
93.0104 134.646 380.524 55.3641 0.000193857 -126.903 
92.7028 134.403 380.525 -124.596 0.000506142 53.0887 
92.3912 134.156 380.53 55.4454 0.000293857 -126.92 
92.0769 133.907 380.534 -124.513 0.00060614 53.071 
91.7626 133.658 380.538 55.5285 9.38569e-05 -126.938 
91.4425 133.403 380.545 55.5708 0.000193861 -126.948 
91.1245 133.151 380.547 -124.387 0.000306142 53.0425 
90.8053 132.9 380.549 -124.343 0.000306142 53.0325 
90.4815 132.642 380.554 55.7003 0.000193859 -126.978 
90.1556 132.384 380.559 55.7445 9.38685e-05 -126.988 
89.8281 132.124 380.564 -124.211 0.000506142 53.0008 
89.4994 131.864 380.567 -124.166 0.000606141 52.9896 
89.1697 131.603 380.57 -124.12 0.000306142 52.9782 
88.8354 131.337 380.577 55.9259 0.000493859 -127.034 
88.5019 131.074 380.579 -124.028 0.00020614 52.9544 
88.1636 130.805 380.585 -123.98 0.000406141 52.942 
87.8246 130.536 380.59 -123.933 0.00020614 52.9293 
87.4842 130.266 380.594 56.1155 0.000593859 -127.084 
87.1412 129.994 380.598 -123.836 0.00020614 52.903 
86.7971 129.722 380.602 -123.787 0.000506142 52.8893 
86.4492 129.445 380.609 56.2633 0.000693859 -127.125 
86.1022 129.171 380.611 56.3136 0.000393861 -127.139 
85.7503 128.892 380.618 56.3646 0.000593858 -127.154 
85.3996 128.615 380.619 -123.584 0.000706142 52.8311 
85.0448 128.333 380.624 -123.532 0.00050614 52.8156 
84.6882 128.05 380.628 -123.479 0.00070614 52.7997 
84.3306 127.767 380.633 -123.426 0.000506142 52.7835 
83.968 127.479 380.641 56.6278 0.000293859 -127.233 
83.6066 127.193 380.644 -123.318 0.00050614 52.7498 
83.2439 126.906 380.646 -123.263 0.000706142 52.7324 
82.8764 126.614 380.653 -123.207 0.000306141 52.7145 
82.508 126.322 380.659 56.8492 0.000493858 -127.304 
82.1376 126.028 380.665 56.9061 0.000893859 -127.323 
81.7654 125.733 380.67 56.9636 0.000793859 -127.342 
81.3912 125.436 380.674 57.0218 0.000293859 -127.361 
81.0157 125.139 380.679 57.0807 0.000293858 -127.381 
80.6384 124.84 380.682 -122.86 0.000206143 52.5982 
80.2599 124.541 380.685 -122.8 0.000106143 52.5772 
79.8769 124.236 380.693 57.2613 0.000493858 -127.444 
79.4944 123.934 380.695 -122.677 0.000306139 52.5337 
79.1082 123.628 380.702 57.3852 0.000493859 -127.489 
78.719 123.318 380.708 -122.552 0.000206143 52.4882 
78.3299 123.01 380.714 57.512 0.000593859 -127.535 
77.9416 122.704 380.714 -122.424 0.000106136 52.4407 
77.5499 122.393 380.721 -122.359 0.000606142 52.4162 
77.1587 122.082 380.727 57.7062 9.38569e-05 -127.609 
76.7667 121.771 380.734 0 6.15665e-06 -69.8621 
76.3778 121.464 380.737 57.8378 0.000193859 -127.66 
75.9882 121.155 380.74 -122.096 0.00050614 52.3143 
75.5958 120.843 380.749 57.9711 9.38608e-05 -127.712 
75.2057 120.534 380.753 -121.962 0.000106143 52.2607 
74.8155 120.225 380.757 -121.894 0.000106136 52.2333 
74.4251 119.916 380.762 58.1744 0.000193856 -127.795 
74.0339 119.605 380.768 -121.757 0.000406143 52.177 
73.6433 119.295 380.774 58.3122 0.000293857 -127.852 
73.2542 118.988 380.775 -121.618 0.00080614 52.1189 
72.8632 118.678 380.782 58.4519 0.000293861 -127.911 
72.4714 118.366 380.789 58.5224 0.000693859 -127.941 
72.0819 118.058 380.792 58.5934 0.000193861 -127.972 
71.6921 117.75 380.796 0 6.03709e-06 -69.338 
71.2998 117.438 380.805 58.7369 0.000993859 -128.035 
70.909 117.128 380.809 58.8094 0.000193857 -128.067 
70.519 116.819 380.814 58.8823 0.000593859 -128.099 
70.1279 116.509 380.82 58.9558 0.000193857 -128.133 
69.7397 116.203 380.82 59.0298 9.38685e-05 -128.166 
69.3484 115.892 380.827 59.1043 9.38646e-05 -128.2 
68.9569 115.581 380.834 59.1793 0.000393861 -128.235 
68.5676 115.274 380.836 -120.745 0.000106136 51.7297 
68.1757 114.962 380.844 59.3309 0.00059386 -128.306 
67.7855 114.653 380.848 -120.593 0.00050614 51.6577 
67.3955 114.344 380.852 -120.515 0.000306141 51.6208 
67.0057 114.036 380.856 0 6.15665e-06 -68.8543 
66.6148 113.726 380.861 -120.36 0.000406141 51.5456 
66.2237 113.416 380.866 -120.281 0.00060614 51.5072 
65.8333 113.106 380.872 59.7985 0.000393859 -128.532 
65.442 112.795 380.879 59.8784 0.000593859 -128.571 
65.0527 112.488 380.881 0 6.15665e-06 -68.6527 
64.6612 112.177 380.889 60.0399 0.000593859 -128.652 
64.271 111.868 380.892 -119.879 0.000606141 51.3064 
63.8813 111.56 380.895 -119.796 0.000606142 51.2645 
63.4892 111.247 380.905 60.2865 0.00069386 -128.778 
63.0985 110.938 380.909 60.3699 9.3853e-05 -128.821 
62.7083 110.629 380.915 60.4539 0.000793859 -128.865 
62.3172 110.318 380.92 60.5385 0.000693859 -128.909 
61.9283 110.011 380.921 -119.376 0.000306139 51.046 
61.5368 109.7 380.928 0 6.03709e-06 -68.2899 
61.1474 109.393 380.93 -119.204 0.000506143 50.9543 
60.7557 109.081 380.938 60.8832 0.000193859 -129.093 
60.366 108.773 380.942 0 6.15665e-06 -68.169 
59.9755 108.464 380.946 -118.941 0.000906141 50.8119 
59.5833 108.151 380.956 61.1485 0.000393859 -129.237 
59.1932 107.842 380.961 61.2382 0.000893858 -129.286 
58.804 107.536 380.961 -118.671 0.000406143 50.6636 
58.4128 107.225 380.967 -118.58 0.000506142 50.6128 
58.0221 106.915 380.974 61.5116 0.000593859 -129.439 
57.6327 106.607 380.976 -118.396 0.000106143 50.5092 
57.241 106.296 380.984 61.6972 0.000293859 -129.544 
56.8511 105.987 380.987 0 6.15665e-06 -67.8062 
56.4611 105.679 380.991 -118.114 0.000106143 50.3484 
56.0681 105.365 381.001 -118.019 0.000106146 50.2934 
55.6779 105.056 381.006 62.0771 0.000193856 -129.762 
55.2874 104.746 381.011 62.1739 0.000593858 -129.819 
54.8978 104.439 381.012 -117.729 0.00070614 50.1239 
54.507 104.129 381.019 62.3698 9.38569e-05 -129.934 
54.1153 103.817 381.026 62.4689 9.38608e-05 -129.993 
53.7261 103.51 381.029 62.5687 0.000293858 -130.052 
53.3359 103.201 381.032 -117.331 0.000306142 49.8873 
52.9437 102.888 381.041 62.7708 0.000293859 -130.174 
52.5534 102.579 381.046 0 6.03709e-06 -67.3627 
52.1626 102.269 381.051 0 6.15665e-06 -67.3224 
51.7737 101.963 381.051 -116.92 0.000906141 49.638 
51.3827 101.653 381.058 -116.815 0.000606141 49.5736 
50.9916 101.342 381.065 -116.71 0.000106143 49.5084 
50.6022 101.034 381.067 -116.604 0.000506142 49.4424 
50.2108 100.723 381.075 63.5036 0.000293859 -130.625 
49.8209 100.415 381.079 63.6117 0.000293854 -130.692 
49.4303 100.105 381.083 -116.279 0.000506142 49.2391 
49.04 99.7964 381.087 -116.17 0.000106136 49.1696 
48.649 99.486 381.093 -116.059 0.000606141 49.0992 
48.2585 99.1764 381.099 64.0528 9.38646e-05 -130.972 
47.8673 98.8653 381.105 -115.835 0.00010614 48.9557 
47.478 98.5587 381.107 -115.721 0.000106136 48.8825 
47.0863 98.2468 381.115 64.3932 9.38646e-05 -131.192 
46.6962 97.938 381.118 -115.492 0.000506142 48.7334 
46.3065 97.6303 381.122 0 6.21557e-06 -66.7177 
45.9143 97.3174 381.132 64.7421 0.00059386 -131.42 
45.5236 97.0074 381.137 64.8603 0.000493859 -131.497 
45.1345 96.7009 381.137 -115.021 0.00060614 48.4237 
44.7434 96.3902 381.143 -114.9 0.00040614 48.3438 
44.3521 96.0792 381.151 -114.779 0.000106143 48.2629 
43.9625 95.7714 381.153 -114.657 0.000706142 48.1809 
43.5709 95.4596 381.161 -114.534 0.00010615 48.098 
43.1807 95.1511 381.165 -114.409 0.000406141 48.0139 
42.7903 94.842 381.169 -114.284 0.000506139 47.9288 
42.4 94.5326 381.174 -114.157 0.000506142 47.8427 
42.0092 94.2227 381.18 -114.03 0.000306139 47.7554 
41.6184 93.9124 381.186 0 6.03709e-06 -66.234 
41.2288 93.6053 381.187 -113.771 0.000606141 47.5777 
40.8376 93.2941 381.195 0 6.09716e-06 -66.1533 
40.4478 92.9863 381.198 -113.508 0.000406141 47.3954 
40.0561 92.6742 381.207 66.6248 0.000493859 -132.698 
39.6659 92.3654 381.211 66.7591 0.000393857 -132.792 
39.2755 92.0561 381.216 66.8946 0.00049386 -132.887 
38.8849 91.7463 381.222 67.0313 0.000693859 -132.983 
38.4949 91.4382 381.222 -112.831 0.00100614 46.9193 
38.1039 91.1274 381.229 -112.692 0.000506142 46.8205 
37.7127 90.8165 381.237 0 6.27393e-06 -65.8309 
37.3227 90.5083 381.24 -112.41 0.000306139 46.6191 
36.9325 90.1997 381.243 -112.267 0.000506142 46.5166 
36.5423 89.8907 381.247 -112.123 0.00070614 46.4127 
36.1517 89.5812 381.252 -111.977 0.000706141 46.3076 
35.7609 89.2712 381.258 -111.83 0.000606141 46.2012 
35.3701 88.9607 381.265 -111.682 0.00040614 46.0934 
34.9789 88.6498 381.272 -111.533 0.000106136 45.9843 
34.5894 88.3431 381.274 68.6179 0.000293862 -134.126 
34.1981 88.0313 381.283 68.77 0.000693859 -134.238 
33.8077 87.7222 381.286 68.9236 0.000293857 -134.351 
33.4172 87.4126 381.291 -110.922 0.000106136 45.5341 
33.0265 87.1026 381.296 -110.765 0.000406141 45.418 
32.636 86.7935 381.302 69.3928 0.000393859 -134.7 
32.2462 86.4856 381.303 -110.448 0.00070614 45.1815 
31.8553 86.1753 381.31 69.7128 0.000293859 -134.939 
31.465 85.8666 381.312 -110.125 0.00070614 44.9391 
31.0739 85.5555 381.322 70.0389 0.000293857 -135.184 
30.6837 85.2469 381.325 70.2042 0.000493859 -135.309 
30.2928 84.9365 381.33 -109.629 0.000306139 44.564 
29.9023 84.627 381.336 -109.461 0.000106143 44.4359 
29.5116 84.3168 381.342 70.7095 0.000193857 -135.694 
29.1217 84.0093 381.343 -109.119 0.000406141 44.1748 
28.7305 83.6981 381.351 0 6.03709e-06 -64.9036 
28.3404 83.3895 381.354 -108.771 0.000606141 43.9073 
27.9494 83.0787 381.363 71.406 0.000793858 -136.229 
27.5588 82.769 381.368 71.5843 0.000293859 -136.367 
27.1679 82.4585 381.373 -108.236 0.000106136 43.4933 
26.7775 82.1491 381.379 71.946 0.000393861 -136.648 
26.3877 81.8421 381.379 0 6.27393e-06 -64.6618 
25.9968 81.5315 381.387 72.3148 0.000493861 -136.936 
25.6067 81.2234 381.39 72.5019 9.38569e-05 -137.083 
25.2155 80.9114 381.399 72.6907 0.00069386 -137.232 
24.8249 80.602 381.403 72.8815 0.000293861 -137.382 
24.4342 80.292 381.408 -106.926 0.000106143 42.4657 
24.0438 79.9827 381.414 73.2686 0.00049386 -137.689 
23.6541 79.6761 381.414 0 6.21557e-06 -64.3796 
23.2629 79.364 381.421 -106.337 0.00040614 41.9974 
22.8727 79.056 381.423 -106.136 0.00090614 41.8374 
22.4819 78.7455 381.433 74.0659 0.000593858 -138.325 
22.0914 78.436 381.436 74.2702 9.38608e-05 -138.489 
21.7006 78.126 381.441 -105.523 0.000506142 41.3454 
21.3101 77.8166 381.447 -105.315 0.000106146 41.1773 
20.9195 77.5065 381.453 74.8954 0.000193857 -138.993 
20.5295 77.1987 381.454 -104.892 0.00050614 40.8349 
20.1383 76.8873 381.462 -104.677 0.000306139 40.6604 
19.7482 76.5794 381.465 -104.46 0.000106136 40.4839 
19.3579 76.2709 381.469 0 6.15665e-06 -63.9361 
18.9674 75.9617 381.473 0 5.97642e-06 -63.8958 
18.5768 75.6517 381.479 -103.796 0.000106136 39.9409 
18.186 75.3411 381.485 -103.571 0.000306143 39.7554 
17.7953 75.0309 381.493 76.6575 0.000493859 -140.432 
17.4051 74.7231 381.495 76.888 9.38569e-05 -140.623 
17.0141 74.4115 381.504 77.1208 0.000593858 -140.815 
16.6235 74.1021 381.507 0 6.09716e-06 -63.6539 
16.2333 73.7933 381.512 77.5935 0.000293859 -141.207 
15.8426 73.4836 381.518 77.8336 0.000493858 -141.407 
15.4519 73.1732 381.524 78.0761 0.000493858 -141.609 
15.0616 72.8648 381.525 -101.679 0.000606141 38.1862 
14.6708 72.554 381.533 78.5686 0.000193861 -142.021 
14.2805 72.2454 381.536 -101.181 0.000206143 37.7692 
13.8899 71.9359 381.54 -100.929 0.000806141 37.5568 
13.4995 71.6269 381.544 -100.673 0.00050614 37.3418 
13.1089 71.3173 381.55 -100.415 0.000506141 37.1242 
12.7181 71.0065 381.557 -100.155 0.000606141 36.9038 
12.3274 70.6962 381.564 80.1087 0.000193861 -143.319 
11.9371 70.388 381.566 -99.6252 0.000306139 36.455 
11.5468 70.0802 381.569 0 6.15665e-06 -63.1299 
11.1558 69.7674 381.579 0 6.03709e-06 -63.0896 
10.7652 69.4577 381.584 -98.8101 0.00010614 35.7609 
10.3747 69.1486 381.59 81.4673 0.00049386 -144.476 
9.98445 68.8412 381.59 -98.2524 0.000106136 35.2838 
9.59372 68.5302 381.598 0 6.21557e-06 -62.9283 
9.2034 68.2222 381.6 -97.683 0.00010614 34.795 
8.81257 67.9106 381.61 82.6062 0.000493859 -145.454 
8.42203 67.6007 381.614 -97.1016 0.00020614 34.2942 
8.03148 67.291 381.619 -96.8063 0.000106143 34.0392 
7.64099 66.982 381.625 83.4921 0.000593858 -146.219 
7.25058 66.6744 381.626 83.7937 9.38569e-05 -146.48 
6.85985 66.3632 381.634 84.0984 0.000193859 -146.745 
6.46942 66.055 381.636 0 6.09716e-06 -62.6058 
6.0789 65.7456 381.64 -95.2826 0.000506141 32.7171 
5.68814 65.434 381.651 85.0318 0.00059386 -147.557 
5.29785 65.1265 381.649 -94.6506 0.000606142 32.1657 
4.90727 64.8167 381.656 -94.3296 0.000206143 31.885 
4.51657 64.5058 381.663 -94.0052 0.00020614 31.6009 
4.12616 64.1976 381.665 -93.6775 0.000506141 31.3135 
3.73552 63.8873 381.675 86.6537 0.000693859 -148.977 
3.34501 63.5781 381.679 86.9883 0.00059386 -149.272 
2.95443 63.2679 381.683 0 6.21557e-06 -62.243 
2.56387 62.9579 381.689 0 6.15665e-06 -62.2027 
2.17336 62.6505 381.689 -91.9868 0.000406141 29.8244 
1.78279 62.3394 381.697 -91.6381 0.000306139 29.516 
1.3923 62.0309 381.7 -91.2858 0.000606142 29.204 
1.00169 61.7203 381.71 89.0702 0.000493858 -151.112 
0.611173 61.4107 381.714 89.4298 0.000193861 -151.431 
0.220644 61.1012 381.719 89.7931 0.000393859 -151.754 
-0.16997 60.7904 381.726 90.1602 9.38608e-05 -152.081 
-0.560557 60.4835 381.726 90.531 0.000293858 -152.411 
-0.951024 60.1714 381.735 -89.0945 0.000106143 27.2546 
-1.34166 59.8635 381.738 -88.7161 0.000106143 26.9166 
-1.73214 59.5537 381.741 -88.334 0.000506142 26.5747 
-2.12269 59.2443 381.746 -87.948 0.000606141 26.229 
-2.51327 58.9346 381.752 -87.5581 0.000206142 25.8795 
-2.90376 58.6252 381.759 92.8356 0.000493859 -154.474 
-3.2944 58.3166 381.761 -86.7667 0.000406141 25.1687 
-3.68486 58.0053 381.77 93.6349 0.000193859 -155.193 
-4.07543 57.6967 381.773 0 6.21557e-06 -61.5175 
-4.46603 57.3878 381.777 94.4499 0.000193857 -155.927 
-4.85652 57.0772 381.783 -85.1366 0.000206138 23.6998 
-5.24699 56.7666 381.789 -84.7191 0.000306141 23.3226 
-5.63782 56.4598 381.79 -84.2976 0.00020614 22.9415 
-6.02823 56.1488 381.799 96.1279 0.000293862 -157.444 
-6.41883 55.8399 381.802 96.5574 9.38608e-05 -157.833 
-6.80949 55.531 381.806 96.991 9.38646e-05 -158.226 
-7.19991 55.2204 381.811 -82.5714 0.000706141 21.3765 
-7.5905 54.9109 381.817 -82.1297 0.000206142 20.9751 
-7.98102 54.6011 381.824 98.316 0.000493859 -159.43 
-8.37156 54.292 381.826 -81.2343 0.000606141 20.1603 
-8.76206 53.9816 381.835 99.2196 0.000493859 -160.253 
-9.15249 53.6717 381.839 -80.3226 0.000206143 19.3292 
-9.54289 53.3631 381.844 100.139 0.000193859 -161.092 
-9.93329 53.0525 381.85 -79.395 0.000206142 18.482 
-10.3239 52.743 381.857 101.075 0.000493859 -161.948 
-10.7145 52.4337 381.858 -78.451 0.00060614 17.6186 
-11.1048 52.1234 381.867 102.027 0.000293858 -162.819 
-11.4956 51.8148 381.87 102.509 0.000293859 -163.261 
-11.8863 51.5056 381.875 102.995 0.000393858 -163.706 
-12.2769 51.1959 381.88 103.485 0.000593858 -164.156 
-12.6674 50.8858 381.887 103.979 0.000793858 -164.61 
-13.0585 50.5773 381.888 0 6.21557e-06 -60.5899 
-13.4481 50.2663 381.897 104.978 0.000193859 -165.528 
-13.8395 49.9578 381.9 105.484 0.000493859 -165.993 
-14.2297 49.6477 381.904 -74.007 0.000306139 13.5378 
-14.6203 49.3383 381.909 -73.494 0.00010615 13.0651 
-15.011 49.0283 381.916 0 6.15665e-06 -60.3883 
-15.4015 48.7198 381.916 -72.457 0.000906141 12.1087 
-15.7919 48.4099 381.925 108.067 9.38569e-05 -168.375 
-16.1831 48.1011 381.928 108.595 9.38569e-05 -168.862 
-16.5737 47.7919 381.931 -70.874 0.000106146 10.6469 
-16.9637 47.4822 381.937 -70.34 0.000406141 10.1527 
-17.3544 47.1729 381.943 110.198 0.000193857 -170.345 
-17.7448 46.8612 381.95 -69.26 0.000306138 9.154 
-18.1357 46.554 381.951 0 6.09716e-06 -60.0663 
-18.5256 46.2424 381.961 111.832 9.3853e-05 -171.858 
-18.9165 45.9335 381.965 0 6.15665e-06 -59.9854 
-19.3069 45.6237 381.969 -67.063 0.000206143 7.11795 
-19.6976 45.3144 381.975 113.494 0.000393859 -173.399 
-20.0881 45.0044 381.983 114.054 0.000693859 -173.918 
-20.4783 44.6956 381.984 -65.384 0.00010615 5.55937 
-20.8699 44.3871 381.986 -64.818 0.000306141 5.03428 
-21.2596 44.0758 381.997 115.75 0.00039386 -175.493 
-21.6494 43.7658 382.001 -63.68 0.00020614 3.9763 
-22.0399 43.4561 382.007 -63.107 0.000106143 3.4436 
-22.432 43.1485 382.007 -62.531 0.000306142 2.90855 
-22.8218 42.8385 382.015 118.046 0.000293861 -177.629 
-23.2127 42.5291 382.017 -61.374 0.000406141 1.83184 
-23.6028 42.2184 382.027 119.208 0.000493859 -178.71 
-23.9934 41.9085 382.032 119.792 0.000193859 -179.253 
-24.3838 41.5994 382.037 120.377 0.000493858 -179.798 
-24.7748 41.2909 382.037 -59.036 0.00050614 -0.345024 
-25.1653 40.9809 382.045 121.553 0.000193857 179.107 
-25.556 40.6719 382.047 -57.857 0.000506139 -1.44336 
-25.9463 40.3612 382.057 122.735 0.000493859 178.005 
-26.3362 40.0519 382.062 123.327 9.38608e-05 177.453 
-26.727 39.7425 382.067 123.921 0.000393859 176.899 
-27.1171 39.432 382.073 124.516 0.000393858 176.345 
-27.5088 39.1236 382.074 -54.888 0.000106136 -4.21043 
-27.8981 38.8129 382.083 125.708 9.3853e-05 175.234 
-28.2892 38.5041 382.086 -53.695 0.000106143 -5.32313 
-28.6808 38.1951 382.09 126.903 0.000393859 174.12 
-29.0708 37.8859 382.095 127.5 0.000493859 173.562 
-29.4608 37.5754 382.102 128.098 0.000193857 173.005 
-29.8522 37.2669 382.102 -51.304 0.000506141 -7.55295 
-30.2424 36.9569 382.111 129.294 0.00049386 171.889 
-30.6335 36.6476 382.114 129.892 9.38608e-05 171.332 
-31.0234 36.3379 382.118 -49.511 0.00070614 -9.2251 
-31.4147 36.0291 382.123 131.086 0.000193861 170.218 
-31.8048 35.7183 382.129 -48.317 0.000406141 -10.3378 
-32.1941 35.4082 382.137 -47.722 0.00020614 -10.8932 
-32.5858 35.0996 382.138 -47.127 0.00050614 -11.4477 
-32.9752 34.7887 382.148 -46.533 0.00010614 -12.0012 
-33.3664 34.4795 382.152 -45.94 0.00010614 -12.5537 
-33.7573 34.171 382.157 134.651 0.00059386 166.895 
-34.1466 33.8606 382.163 -44.759 0.000106143 -13.6548 
-34.539 33.5526 382.163 -44.17 0.00010614 -14.2033 
-34.9289 33.2426 382.172 136.417 0.000593859 165.25 
-35.32 32.9329 382.174 -42.997 0.00010614 -15.2954 
-35.7112 32.6237 382.178 -42.413 0.000106136 -15.8388 
-36.1011 32.3144 382.183 -41.832 0.000406141 -16.3802 
-36.4918 32.0047 382.189 0 6.21557e-06 -58.1717 
-36.8819 31.6943 382.196 139.326 9.3853e-05 162.543 
-37.2719 31.3847 382.204 139.901 0.000893859 162.008 
-37.6629 31.0756 382.207 140.474 0.000393859 161.475 
-38.0533 30.7655 382.21 -38.955 0.000306142 -19.0551 
-38.444 30.4561 382.215 -38.387 0.000306141 -19.5828 
-38.8349 30.1473 382.221 142.178 0.00039386 159.892 
-39.2242 29.8365 382.227 -37.259 0.000106143 -20.6303 
-39.6156 29.5275 382.229 -36.699 0.00080614 -21.1499 
-40.0057 29.2176 382.238 143.858 0.000193859 158.333 
-40.3967 28.9084 382.241 144.412 9.38608e-05 157.82 
-40.7871 28.5987 382.246 -35.037 0.000306142 -22.691 
-41.178 28.2892 382.251 145.511 0.000193861 156.802 
-41.5679 27.9799 382.258 146.055 0.000493858 156.297 
-41.9595 27.6704 382.259 -33.403 0.000406139 -24.2038 
-42.3495 27.3605 382.268 147.135 0.000593858 155.299 
-42.7391 27.0509 382.271 -32.331 0.00050614 -25.1958 
-43.1309 26.7423 382.275 148.2 0.000193857 154.313 
-43.5209 26.432 382.281 -31.272 0.000106136 -26.1739 
-43.9116 26.1226 382.287 149.252 0.000393859 153.342 
-44.3036 25.8133 382.288 -30.227 0.000106136 -27.1378 
-44.6926 25.5036 382.297 150.289 0.000293859 152.386 
-45.0834 25.1942 382.3 -29.198 0.000406143 -28.0869 
-45.4749 24.8844 382.304 0 6.15665e-06 -57.2438 
-45.8645 24.5748 382.309 -28.183 0.000806142 -29.021 
-46.2549 24.2648 382.316 -27.681 0.000506141 -29.4823 
-46.6444 23.9555 382.323 -27.184 0.000206143 -29.9398 
-47.037 23.6469 382.325 153.31 9.38608e-05 149.607 
-47.4258 23.3364 382.334 153.8 0.000493859 149.157 
-47.8161 23.0267 382.338 -25.714 0.00010614 -31.2886 
-48.2072 22.7175 382.343 154.768 0.000393861 148.27 
-48.5967 22.4075 382.349 -24.754 0.000106143 -32.1681 
-48.989 22.0988 382.35 -24.28 0.000406141 -32.6018 
-49.379 21.789 382.358 156.19 0.000293859 146.969 
-49.7706 21.48 382.36 156.656 0.000193861 146.543 
-50.1606 21.1701 382.364 -22.882 0.000806141 -33.8789 
-50.5516 20.8606 382.369 -22.424 0.000606141 -34.2965 
-50.9423 20.551 382.375 -21.97 0.000306141 -34.71 
-51.3327 20.2412 382.381 158.48 0.000193857 144.881 
-51.7213 19.9306 382.389 0 6.09716e-06 -56.599 
-52.113 19.6223 382.392 -20.633 0.00010614 -35.9263 
-52.5049 19.3128 382.395 0 6.15665e-06 -56.5187 
-52.8951 19.0027 382.399 -19.761 0.000606141 -36.717 
-53.286 18.6939 382.405 160.668 9.38608e-05 142.894 
-53.6758 18.3836 382.411 0 6.15665e-06 -56.3975 
-54.0651 18.0742 382.419 161.515 0.000193859 142.127 
-54.4568 17.7645 382.421 -18.067 0.000306141 -38.2499 
-54.848 17.4557 382.424 -17.654 0.000506141 -38.6231 
-55.237 17.1452 382.435 162.756 0.000693858 141.008 
-55.6267 16.836 382.44 163.161 9.38608e-05 140.642 
-56.0201 16.5269 382.439 0 6.03709e-06 -56.1559 
-56.4098 16.2168 382.447 163.961 0.000193856 139.924 
-56.7995 15.9068 382.455 164.355 0.000693859 139.57 
-57.1896 15.5981 382.458 -15.256 0.000306142 -40.7794 
-57.5816 15.2879 382.461 165.131 9.38569e-05 138.875 
-57.9719 14.9785 382.466 -14.487 0.000106143 -41.467 
-58.3623 14.6693 382.472 165.891 9.38608e-05 138.195 
-58.7513 14.359 382.479 -13.734 0.000206143 -42.1394 
-59.1443 14.0498 382.48 -13.363 0.000106143 -42.4699 
-59.5334 13.74 382.489 167.004 0.000493859 137.203 
-59.9237 13.4308 382.492 -12.633 0.00050614 -43.1197 
-60.3155 13.1211 382.497 167.727 9.38608e-05 136.561 
-60.7059 12.8115 382.502 168.083 0.000193857 136.245 
-61.0949 12.5021 382.508 -11.565 0.00020614 -44.0668 
-61.4857 12.1923 382.516 168.784 0.000893859 135.625 
-61.8763 11.883 382.518 -10.871 0.00050614 -44.6801 
-62.2686 11.5734 382.521 -10.529 0.000306141 -44.9814 
-62.6568 11.2636 382.531 169.809 0.00049386 134.721 
-63.0477 10.9548 382.536 170.143 0.000893859 134.426 
-63.4405 10.6448 382.535 -9.525 0.000206142 -45.8645 
-63.8305 10.336 382.542 170.802 0.000293859 133.848 
-64.2195 10.0255 382.55 171.127 0.000493858 133.564 
-64.6114 9.71621 382.552 171.448 0.000193857 133.283 
-65.002 9.40747 382.556 -8.235 0.000406141 -46.9941 
-65.3931 9.09732 382.56 -7.92 0.000406141 -47.2682 
-65.7829 8.78784 382.566 -7.609 0.000706142 -47.5391 
-66.1732 8.47816 382.572 -7.301 0.000406141 -47.8067 
-66.5637 8.16829 382.579 173.004 0.00059386 131.929 
-66.9543 7.8594 382.581 -6.695 0.000706142 -48.3324 
-67.3441 7.54909 382.591 173.604 0.00069386 131.41 
-67.734 7.23987 382.594 -6.101 0.000206143 -48.8455 
-68.1259 6.93079 382.599 174.191 0.000493859 130.903 
-68.5153 6.62021 382.605 0 6.09716e-06 -54.8654 
-68.905 6.31087 382.612 174.767 0.000193859 130.408 
-69.2979 6.00185 382.613 175.05 0.000193861 130.165 
-69.687 5.69258 382.622 175.33 0.000893858 129.925 
-70.078 5.38237 382.625 175.608 0.000293859 129.688 
-70.4694 5.07357 382.629 175.882 0.000493859 129.453 
-70.8598 4.76365 382.634 176.154 0.000493859 129.222 
-71.2494 4.45392 382.64 176.423 0.000193857 128.993 
-71.6421 4.14466 382.641 -3.311 0.00020614 -51.2324 
-72.0312 3.83551 382.649 176.952 9.3853e-05 128.545 
-72.4222 3.52557 382.651 -2.787 0.000806141 -51.6759 
-72.8107 3.21591 382.661 177.471 0.000193857 128.107 
-73.2014 2.9068 382.666 -2.274 0.000106143 -52.1086 
-73.5925 2.59692 382.671 177.979 0.000493859 127.679 
-73.9857 2.28762 382.671 -1.771 0.000106143 -52.5308 
-74.375 1.97746 382.678 178.477 0.000193861 127.262 
-74.7635 1.6679 382.686 178.722 0.000293857 127.057 
-75.1556 1.35909 382.689 178.964 0.000193861 126.855 
-75.5468 1.04963 382.693 0 6.09716e-06 -54.1407 
-75.9372 0.739575 382.697 -0.558003 0.000306142 -53.542 
-76.3282 0.430303 382.703 179.677 0.000193861 126.263 
-76.7168 0.120511 382.709 -0.0900031 0.000306139 -53.9294 
-77.1061 -0.189756 382.717 0 6.03709e-06 -53.9786 
-77.4992 -0.499126 382.719 -179.631 0.000193859 125.693 
-77.89 -0.808898 382.722 0.595003 0.000706142 -54.4929 
-78.2784 -1.11764 382.732 -179.182 0.000293859 125.324 
-78.6691 -1.42674 382.737 -178.961 0.000193857 125.143 
-79.0588 -1.7375 382.742 -178.741 9.38608e-05 124.964 
-79.4526 -2.04585 382.742 1.475 0.00020614 -55.2126 
-79.8424 -2.35572 382.75 -178.31 0.000493859 124.613 
-80.2332 -2.66582 382.752 1.903 0.000906141 -55.5593 
-80.6229 -2.97463 382.761 -177.887 0.000693859 124.271 
-81.0136 -3.28501 382.765 -177.678 0.000193861 124.102 
-81.4036 -3.59402 382.77 2.528 0.000306139 -56.0637 
-81.7944 -3.90311 382.775 -177.268 9.38569e-05 123.772 
-82.1843 -4.21362 382.782 -177.065 0.000493858 123.61 
-82.5769 -4.5228 382.783 3.135 0.000206143 -56.5497 
-82.9654 -4.83171 382.791 -176.667 0.000193861 123.292 
-83.3565 -5.14212 382.794 3.53 0.00050614 -56.8639 
-83.7486 -5.45101 382.798 3.724 0.000306141 -57.0181 
-84.1398 -5.76116 382.803 0 6.09716e-06 -53.2534 
-84.5288 -6.07097 382.808 4.108 0.00070614 -57.3208 
-84.9188 -6.38061 382.814 4.297 0.000506141 -57.4694 
-85.3094 -6.69003 382.822 -175.516 0.000793859 122.384 
-85.7012 -6.99925 382.824 -175.331 9.38646e-05 122.239 
-86.0892 -7.30932 382.833 -175.147 0.000293857 122.096 
-86.4814 -7.61786 382.836 -174.966 0.00059386 121.954 
-86.8713 -7.92732 382.841 5.214 0.000106143 -58.1855 
-87.2619 -8.23793 382.846 -174.607 0.000293858 121.677 
-87.6523 -8.54651 382.852 -174.431 0.000593859 121.54 
-88.0452 -8.85637 382.853 0 6.03709e-06 -52.8505 
-88.434 -9.16685 382.861 -174.082 0.000393857 121.273 
-88.8258 -9.4755 382.863 6.089 0.000106143 -58.8588 
-89.2135 -9.78466 382.873 -173.741 0.000393861 121.012 
-89.6041 -10.0951 382.877 6.428 0.000106146 -59.1167 
-89.9953 -10.4049 382.882 -173.405 0.000593859 120.757 
-90.3848 -10.7137 382.888 -173.24 0.000193861 120.632 
-90.7785 -11.024 382.889 6.924 0.000106136 -59.4918 
-91.1667 -11.3328 382.896 7.086 0.000306139 -59.6137 
-91.5593 -11.643 382.899 7.247 0.000506142 -59.7342 
-91.9479 -11.9517 382.908 -172.594 0.000393857 120.147 
-92.3393 -12.2617 382.912 -172.436 0.000393859 120.029 
-92.7302 -12.5706 382.916 -172.28 0.000493859 119.913 
-93.1207 -12.8802 382.922 -172.125 0.000593857 119.799 
-93.5104 -13.1903 382.928 -171.971 0.00079386 119.685 
-93.9033 -13.4999 382.929 -171.819 9.38608e-05 119.573 
-94.2919 -13.8095 382.937 -171.668 0.000493859 119.463 
-94.6837 -14.1185 382.94 0 6.15665e-06 -52.1652 
-95.075 -14.428 382.943 8.629 0.000406141 -60.754 
-95.4622 -14.7374 382.953 -171.224 0.000193857 119.14 
-95.8522 -15.0478 382.958 0 6.21557e-06 -52.0436 
-96.2469 -15.3577 382.958 9.066 0.000106143 -61.0695 
-96.6362 -15.6672 382.965 9.209 0.000206142 -61.1721 
-97.0251 -15.9754 382.972 9.35 0.000106143 -61.2734 
-97.4182 -16.2865 382.974 -170.509 9.3853e-05 118.627 
-97.8059 -16.5953 382.983 -170.37 0.000393859 118.528 
-98.1967 -16.9051 382.987 9.768 0.00020614 -61.5699 
-98.5887 -17.2136 382.991 -170.096 0.000393859 118.334 
-98.9785 -17.5238 382.997 0 6.09716e-06 -51.7215 
-99.368 -17.8326 383.003 10.174 0.000206142 -61.8555 
-99.7618 -18.1442 383.003 10.308 0.000306142 -61.9484 
-100.15 -18.4533 383.011 10.44 0.00020614 -62.0401 
-100.544 -18.7618 383.013 10.57 0.000106143 -62.1307 
-100.931 -19.0711 383.022 -169.3 0.000193859 117.78 
-101.322 -19.3813 383.026 10.829 0.000306142 -62.3085 
-101.714 -19.6901 383.031 -169.044 0.000193857 117.604 
-102.104 -20.0005 383.036 11.083 0.000106136 -62.4819 
-102.493 -20.309 383.042 11.208 0.00020614 -62.567 
-102.883 -20.6197 383.049 -168.667 0.00079386 117.349 
-103.276 -20.9291 383.05 11.456 0.000106143 -62.734 
-103.664 -21.2377 383.059 -168.422 0.000193861 117.184 
-104.055 -21.5488 383.062 11.7 0.000406142 -62.8969 
-104.448 -21.8583 383.066 -168.18 0.000193856 117.023 
-104.838 -22.1674 383.07 0 6.15665e-06 -51.1168 
-105.229 -22.4765 383.075 12.057 0.000206138 -63.1337 
-105.618 -22.7854 383.081 12.174 0.000106143 -63.2106 
-106.008 -23.0959 383.088 -167.709 9.38608e-05 116.713 
-106.4 -23.4053 383.09 12.406 0.000506142 -63.3617 
-106.789 -23.7156 383.098 0 6.15665e-06 -50.9147 
-107.181 -24.0246 383.101 12.634 0.000306141 -63.5089 
-107.572 -24.3352 383.104 12.747 0.000406141 -63.5811 
-107.964 -24.6437 383.109 12.858 0.000406142 -63.6524 
-108.354 -24.9538 383.114 12.969 0.000206142 -63.7228 
-108.745 -25.2637 383.12 -166.921 9.38608e-05 116.208 
-109.133 -25.5728 383.126 13.188 0.000306142 -63.861 
-109.523 -25.882 383.133 -166.704 0.000393859 116.071 
-109.916 -26.1918 383.135 -166.597 0.000293859 116.004 
-110.304 -26.4999 383.144 -166.491 0.000293858 115.938 
-110.696 -26.8108 383.147 -166.385 0.000593858 115.873 
-111.086 -27.1209 383.152 0 6.03709e-06 -50.4713 
-111.477 -27.4287 383.156 13.823 0.000406141 -64.2548 
-111.868 -27.7384 383.162 -166.074 0.000393858 115.682 
-112.257 -28.0492 383.168 -165.971 0.000293858 115.621 
-112.65 -28.3585 383.169 14.13 0.000506142 -64.4406 
-113.039 -28.6683 383.177 14.231 0.000206143 -64.5009 
-113.431 -28.9786 383.179 14.331 0.00070614 -64.5605 
-113.819 -29.2873 383.188 0 6.03709e-06 -50.1892 
-114.211 -29.5964 383.192 14.528 0.000106136 -64.6773 
-114.602 -29.907 383.196 0 6.15665e-06 -50.1085 
-114.993 -30.215 383.201 -165.278 0.000293859 115.209 
-115.382 -30.5241 383.207 14.818 0.000306139 -64.8468 
-115.772 -30.8348 383.213 -165.086 0.00039386 115.098 
-116.165 -31.1437 383.215 15.008 0.000806141 -64.9561 
-116.554 -31.4531 383.222 -164.898 0.000293859 114.99 
-116.946 -31.7626 383.225 15.195 0.000506142 -65.0626 
-117.333 -32.0723 383.234 0 6.03709e-06 -49.8268 
-117.724 -32.3825 383.238 15.38 0.000406141 -65.1662 
-118.117 -32.6923 383.242 -164.529 0.00039386 114.783 
-118.507 -33.0009 383.247 -164.439 0.000493861 114.733 
-118.896 -33.3104 383.253 15.651 0.000306141 -65.3166 
-119.286 -33.6196 383.26 -164.26 9.38608e-05 114.635 
-119.679 -33.9312 383.261 15.829 0.00020614 -65.4135 
-120.069 -34.2387 383.269 -164.084 0.00059386 114.539 
-120.46 -34.5482 383.271 16.003 0.000306138 -65.5078 
-120.853 -34.8595 383.275 16.09 0.000106133 -65.554 
-121.239 -35.1682 383.284 -163.824 0.000393859 114.401 
-121.63 -35.4772 383.289 -163.739 9.3853e-05 114.356 
-122.02 -35.7875 383.294 16.346 0.000106143 -65.6888 
-122.41 -36.0969 383.3 0 6.15665e-06 -49.3025 
-122.804 -36.4065 383.301 16.513 0.000706142 -65.7755 
-123.193 -36.7162 383.307 16.596 0.00020614 -65.818 
-123.582 -37.0248 383.315 -163.322 0.000493861 114.14 
-123.974 -37.3354 383.317 16.76 0.000506142 -65.9012 
-124.366 -37.6455 383.321 16.841 0.000406141 -65.942 
-124.753 -37.9529 383.33 16.921 0.000106143 -65.9821 
-125.145 -38.2631 383.334 -162.999 0.000493859 113.978 
