108.467 -37.0309 483.783 161.15 0.000306143 -116.164 
108.461 -37.0267 483.786 -18.849 0.000293857 63.835 
108.461 -37.023 483.784 -18.8473 0.000393857 63.832 
108.453 -37.0152 483.785 161.155 0.00020614 -116.173 
108.447 -37.0066 483.785 -18.8418 0.000693859 63.822 
108.438 -36.9957 483.784 0 6.03709e-06 44.977 
108.43 -36.9834 483.782 161.167 0.000206142 -116.192 
108.417 -36.9683 483.784 -18.8284 0.000893859 63.799 
108.407 -36.9524 483.78 161.178 0.000506141 -116.212 
108.393 -36.9334 483.78 161.184 0.000506139 -116.223 
108.378 -36.9133 483.779 161.191 0.000106136 -116.236 
108.363 -36.8914 483.777 161.199 0.00020614 -116.249 
108.341 -36.8659 483.778 0 6.15665e-06 44.9428 
108.32 -36.8389 483.778 -18.7828 0.000693859 63.719 
108.303 -36.8121 483.773 161.227 0.000106146 -116.298 
108.28 -36.7816 483.772 161.238 0.000606142 -116.317 
108.252 -36.7482 483.773 -18.7507 0.000393858 63.663 
108.229 -36.7146 483.77 161.261 0.000306141 -116.358 
108.2 -36.6781 483.77 -18.7258 0.000493859 63.62 
108.171 -36.6397 483.769 -18.7123 0.000793859 63.596 
108.14 -36.5995 483.767 -18.6981 0.000393859 63.572 
108.11 -36.5578 483.764 -18.6831 0.000493858 63.546 
108.079 -36.5145 483.761 0 6.21557e-06 44.8515 
108.042 -36.4677 483.76 0 6.21557e-06 44.8388 
108.006 -36.4195 483.759 -18.6341 0.00039386 63.461 
107.968 -36.3696 483.756 -18.6164 0.000193859 63.43 
107.93 -36.3182 483.753 -18.5979 0.000393859 63.398 
107.892 -36.2651 483.75 0 6.21557e-06 44.7863 
107.848 -36.2084 483.749 -18.5588 9.38491e-05 63.33 
107.804 -36.1505 483.747 -18.5382 0.000593859 63.294 
107.758 -36.0908 483.744 -18.5169 0.00059386 63.257 
107.712 -36.0292 483.741 0 6.21557e-06 44.7242 
107.667 -35.9663 483.737 161.528 0.000206143 -116.82 
107.615 -35.8999 483.736 0 6.03709e-06 44.6905 
107.568 -35.8339 483.73 161.576 0.000306139 -116.903 
107.516 -35.7643 483.727 161.601 0.000106143 -116.946 
107.462 -35.693 483.723 161.626 0.000606141 -116.99 
107.404 -35.6186 483.723 -18.3471 0.00039386 62.964 
107.35 -35.5441 483.717 161.68 0.000106143 -117.083 
107.29 -35.4661 483.715 161.708 0.000306141 -117.131 
107.23 -35.3868 483.712 0 6.09716e-06 44.5557 
107.169 -35.3055 483.708 161.766 0.000206142 -117.231 
107.109 -35.223 483.704 0 6.15665e-06 44.5134 
107.047 -35.1388 483.698 161.827 0.00040614 -117.336 
106.979 -35.051 483.696 161.859 0.000306142 -117.391 
106.912 -34.9618 483.692 -18.1085 0.000293859 62.553 
106.844 -34.8708 483.688 -18.0752 0.000293858 62.496 
106.775 -34.778 483.683 161.959 0.000306142 -117.562 
106.706 -34.6839 483.678 161.994 0.000406143 -117.622 
106.63 -34.5862 483.675 162.029 0.000106143 -117.683 
106.556 -34.4874 483.672 -17.9345 0.000693859 62.255 
106.48 -34.3865 483.668 -17.8973 0.000893859 62.192 
106.403 -34.284 483.663 -17.8594 0.00059386 62.127 
106.325 -34.1796 483.657 162.179 0.000306142 -117.939 
106.248 -34.0737 483.65 162.219 0.00070614 -118.007 
106.165 -33.965 483.647 -17.7408 0.000393861 61.924 
106.081 -33.8538 483.642 162.3 0.000106136 -118.146 
105.996 -33.7415 483.637 162.342 0.000106143 -118.217 
105.912 -33.6276 483.631 -17.6149 0.000293857 61.71 
105.826 -33.5115 483.625 162.429 0.000806141 -118.364 
105.734 -33.3923 483.621 162.473 0.000406141 -118.439 
105.643 -33.2719 483.617 -17.4816 0.000393857 61.484 
105.551 -33.1497 483.612 -17.4355 0.000693859 61.406 
105.458 -33.0254 483.606 -17.3885 0.000493859 61.326 
105.364 -32.8995 483.599 162.659 0.000306139 -118.755 
105.271 -32.7722 483.592 162.708 0.000506142 -118.837 
105.171 -32.6413 483.588 162.758 0.000406141 -118.92 
105.071 -32.5092 483.582 -17.1922 0.000293861 60.995 
104.97 -32.3751 483.577 -17.1409 0.000393861 60.908 
104.869 -32.2393 483.57 -17.0888 9.38646e-05 60.821 
104.767 -32.1021 483.563 -17.0358 9.38608e-05 60.732 
104.659 -31.9615 483.559 -16.9819 0.000693858 60.641 
104.556 -31.8205 483.55 163.073 0.00020614 -119.451 
104.447 -31.6764 483.544 -16.8713 0.000293859 60.456 
104.338 -31.5307 483.538 -16.8147 0.000293859 60.361 
104.227 -31.3831 483.53 163.243 0.000106143 -119.735 
104.117 -31.2342 483.522 163.301 0.000106143 -119.833 
104 -31.0818 483.518 -16.6394 0.000393859 60.068 
103.883 -30.9276 483.512 -16.5791 0.000293858 59.968 
103.771 -30.7733 483.502 163.482 0.00020614 -120.134 
103.652 -30.6158 483.495 163.544 0.00020614 -120.238 
103.533 -30.4564 483.487 163.608 0.00070614 -120.343 
103.408 -30.2941 483.483 -16.3283 0.000193857 59.551 
103.288 -30.1314 483.474 163.737 0.000306142 -120.557 
103.162 -29.9658 483.468 -16.1971 0.000693859 59.334 
103.035 -29.7979 483.461 -16.13 0.000193861 59.223 
102.912 -29.63 483.45 163.938 0.000806141 -120.89 
102.78 -29.4579 483.446 -15.9929 0.000593858 58.997 
102.652 -29.2852 483.438 -15.9228 0.000593859 58.881 
102.522 -29.1105 483.428 -15.8516 0.000193863 58.764 
102.386 -28.9328 483.422 -15.7795 0.000193856 58.646 
102.256 -28.7549 483.411 164.294 0.000306142 -121.474 
102.119 -28.5738 483.404 164.368 0.000206143 -121.596 
101.981 -28.3907 483.395 164.443 0.000606141 -121.719 
101.843 -28.2061 483.387 164.52 0.000606142 -121.844 
101.699 -28.0184 483.381 -15.403 9.3853e-05 58.03 
101.561 -27.8304 483.371 -15.3244 0.000193861 57.902 
101.416 -27.6392 483.364 -15.2448 0.000893859 57.772 
101.275 -27.4476 483.352 -15.1641 9.38608e-05 57.641 
101.127 -27.2525 483.344 164.918 0.000206142 -122.492 
100.98 -27.0561 483.335 0 6.15665e-06 42.3748 
100.832 -26.8577 483.326 165.085 0.00020614 -122.762 
100.677 -26.6561 483.32 -14.8298 9.38608e-05 57.1 
100.528 -26.4544 483.309 0 6.21557e-06 42.2176 
100.372 -26.2494 483.302 -14.6558 0.000293861 56.819 
100.22 -26.0439 483.289 165.433 0.000706142 -123.323 
100.063 -25.8355 483.281 165.523 0.000306142 -123.468 
99.9053 -25.6251 483.271 165.614 0.000306142 -123.614 
99.7474 -25.4132 483.261 -14.2935 0.000293859 56.238 
99.5867 -25.1991 483.251 165.8 0.00060614 -123.912 
99.4213 -24.9821 483.244 0 6.21557e-06 41.832 
99.2609 -24.7649 483.232 -14.0089 0.000193857 55.784 
99.0928 -24.5441 483.224 166.089 0.000106143 -124.371 
98.9248 -24.3219 483.215 -13.8129 0.000193857 55.472 
98.7619 -24.0991 483.201 -13.7129 9.3853e-05 55.313 
98.5912 -23.873 483.191 166.388 0.000606141 -124.847 
98.4207 -23.6452 483.181 166.491 0.000606141 -125.009 
98.2438 -23.4144 483.174 166.595 0.00010614 -125.173 
98.0719 -23.1832 483.162 0 6.03709e-06 41.361 
97.8987 -22.95 483.15 166.807 0.000406143 -125.507 
97.7192 -22.7137 483.141 166.915 0.000306139 -125.677 
97.5397 -22.4758 483.132 -12.976 0.000493859 54.151 
97.3638 -22.237 483.118 167.135 0.000206143 -126.022 
97.1814 -21.9953 483.107 167.247 0.000306139 -126.197 
96.9991 -21.7519 483.097 -12.6394 9.38608e-05 53.625 
96.8154 -21.5065 483.085 -12.5243 9.3853e-05 53.446 
96.6303 -21.2593 483.073 167.592 0.000406141 -126.736 
96.4388 -21.0089 483.065 167.71 0.00020614 -126.919 
96.2521 -20.758 483.052 167.83 0.00050614 -127.104 
96.0605 -20.5045 483.043 -12.0492 0.000693859 52.708 
95.8709 -20.2497 483.029 168.073 0.000406141 -127.481 
95.6764 -19.9922 483.019 0 6.15665e-06 40.5255 
95.4803 -19.7327 483.008 0 6.15665e-06 40.4572 
95.289 -19.4725 482.993 168.451 0.000506139 -128.062 
95.0914 -19.2094 482.981 168.579 0.00040614 -128.259 
94.8921 -18.9443 482.969 168.71 0.000706142 -128.459 
94.6879 -18.6766 482.961 -11.158 0.000593858 51.339 
94.487 -18.4078 482.949 -11.0242 0.000393859 51.135 
94.2845 -18.1372 482.935 169.111 0.000206143 -129.072 
94.0818 -17.8647 482.921 169.248 0.00020614 -129.28 
93.8727 -17.5893 482.912 -10.6127 0.000293859 50.509 
93.6667 -17.3129 482.897 169.528 0.00050614 -129.704 
93.4558 -17.034 482.886 -10.3298 0.000193857 50.08 
93.248 -16.7538 482.871 169.814 0.00060614 -130.137 
93.0351 -16.4711 482.86 -10.0397 0.000293859 49.643 
92.8206 -16.1863 482.848 -9.89193 0.000693859 49.42 
92.6044 -15.8996 482.836 -9.74234 0.000593861 49.196 
92.3864 -15.6109 482.824 -9.59088 0.000193865 48.969 
92.1729 -15.3212 482.806 170.562 0.00070614 -131.261 
91.9544 -15.0289 482.793 0 6.15665e-06 39.2257 
91.7326 -14.7344 482.78 170.875 0.00080614 -131.727 
91.5056 -14.4374 482.771 0 6.15665e-06 39.071 
91.2831 -14.1394 482.756 -8.8049 0.000393859 47.798 
91.0588 -13.8393 482.742 -8.6418 0.000293857 47.556 
90.8326 -13.5372 482.727 171.523 0.00020614 -132.688 
90.606 -13.2333 482.713 171.69 0.000206142 -132.935 
90.3728 -12.9268 482.702 -8.14027 0.000393861 46.815 
90.1438 -12.619 482.687 -7.96893 0.000493859 46.563 
89.9115 -12.3091 482.671 172.205 0.000806141 -133.691 
89.6753 -11.9969 482.66 -7.61985 0.00039386 46.051 
89.442 -11.6833 482.644 -7.44206 0.000193856 45.791 
89.2019 -11.367 482.632 -7.26207 0.000493859 45.529 
88.966 -11.0495 482.616 -7.07984 0.000293859 45.263 
88.7233 -10.7294 482.604 -6.89537 0.000693859 44.995 
88.4832 -10.4079 482.587 173.291 0.000406141 -135.276 
88.2378 -10.0839 482.575 0 6.15665e-06 37.9305 
87.9965 -9.7586 482.558 173.672 0.000106136 -135.826 
87.7483 -9.43075 482.545 -6.13432 0.000393857 43.894 
87.5041 -9.10154 482.528 -5.93814 0.000393859 43.612 
87.253 -8.7698 482.516 -5.73952 0.000793859 43.326 
87.0044 -8.4365 482.498 174.462 0.000206143 -136.962 
86.7503 -8.10087 482.485 -5.33489 0.000193861 42.746 
86.5001 -7.76376 482.468 -5.1288 0.000193861 42.452 
86.2429 -7.42421 482.455 -4.92017 0.00059386 42.154 
85.988 -7.08303 482.437 175.291 0.000506142 -138.146 
85.7291 -6.73968 482.425 -4.49512 0.00079386 41.55 
85.4709 -6.39456 482.407 175.721 0.000306142 -138.757 
85.2132 -6.0476 482.389 175.941 0.000106136 -139.067 
84.9484 -5.69831 482.377 -3.83763 0.000593858 40.62 
84.6858 -5.3473 482.359 176.387 0.00020614 -139.697 
84.4221 -4.99435 482.342 176.614 0.000606141 -140.016 
84.1527 -4.6392 482.329 -3.15543 0.000293857 39.66 
83.8853 -4.28229 482.312 177.078 0.00020614 -140.666 
83.6167 -3.92344 482.295 177.314 0.000406143 -140.996 
83.3469 -3.56264 482.278 177.552 0.000306144 -141.329 
83.0745 -3.19984 482.261 177.794 0.000706142 -141.666 
82.8007 -2.83506 482.245 178.039 0.000706142 -142.006 
82.5256 -2.46836 482.229 178.287 0.00050614 -142.35 
82.2492 -2.09969 482.213 -1.46235 0.000193861 37.302 
81.97 -1.72903 482.197 -1.20839 0.000193861 36.951 
81.6893 -1.35644 482.181 -0.951302 0.000393859 36.597 
81.4116 -0.981948 482.161 0 6.15665e-06 35.547 
81.1265 -0.605425 482.146 179.572 0.000106146 -144.124 
80.8398 -0.22697 482.132 -0.160866 9.3853e-05 35.511 
80.5574 0.153428 482.112 0.109124 0.00049386 35.141 
80.2705 0.53579 482.094 -179.618 0.000806141 -145.232 
79.9788 0.920073 482.08 0.659099 0.000193861 34.39 
79.6899 1.30635 482.062 0.939159 0.000293861 34.009 
79.3992 1.69458 482.045 1.22265 0.000593858 33.624 
79.1052 2.08473 482.027 1.50962 0.000193857 33.235 
78.8153 2.47599 482.006 -178.201 0.000406141 -147.157 
78.5191 2.86708 481.991 -177.909 0.000206142 -147.552 
78.2271 3.25829 481.971 -177.615 0.000406141 -147.948 
77.9346 3.64951 481.953 0 6.15665e-06 34.3351 
77.6403 4.04064 481.937 2.97916 9.3853e-05 31.253 
77.3442 4.43165 481.921 -176.721 0.00020614 -149.149 
77.0534 4.82298 481.901 3.58163 9.38608e-05 30.446 
76.7606 5.21421 481.883 0 6.27393e-06 33.925 
76.466 5.6053 481.865 -175.807 0.000506139 -150.37 
76.1708 5.99634 481.849 -175.499 0.000406141 -150.781 
75.8795 6.38769 481.829 -175.188 0.000806141 -151.194 
75.5833 6.77863 481.815 5.12482 0.000393861 28.391 
75.2893 7.16975 481.798 0 6.15665e-06 33.4128 
74.9948 7.56081 481.781 5.75698 0.000193859 27.554 
74.7038 7.95223 481.761 -173.924 0.000106136 -152.868 
74.4123 8.34362 481.742 0 6.15665e-06 33.1057 
74.1185 8.73478 481.723 -173.279 0.000306139 -153.718 
73.8242 9.12585 481.707 -172.953 0.000306139 -154.146 
73.5291 9.51684 481.691 7.37477 0.000193861 25.424 
73.2374 9.90826 481.672 7.70474 9.38608e-05 24.991 
72.9436 10.2994 481.653 -171.963 0.000506142 -155.443 
72.6504 10.6906 481.636 8.37109 0.000193861 24.12 
72.3549 11.0815 481.621 8.70746 0.000293859 23.681 
72.0628 11.4729 481.601 -170.954 0.000306139 -156.76 
71.7657 11.8635 481.588 9.3866 0.00049386 22.797 
71.4759 12.2553 481.565 -170.271 0.00040614 -157.648 
71.1811 12.6462 481.55 0 6.15665e-06 31.9792 
70.8854 13.037 481.535 10.4212 0.000693859 21.455 
70.5928 13.4284 481.517 10.7703 0.00069386 21.004 
70.2979 13.8193 481.499 0 6.15665e-06 31.6715 
70.0073 14.211 481.478 -168.525 0.000506141 -159.905 
69.7118 14.6018 481.463 11.8301 0.000293857 19.637 
69.4192 14.9931 481.445 12.1875 0.000193861 19.177 
69.1256 15.3843 481.427 12.547 0.000393859 18.715 
68.8309 15.7752 481.411 12.9086 0.000693859 18.251 
68.539 16.1668 481.391 13.2722 0.000293862 17.785 
68.246 16.5581 481.373 -166.362 0.000106143 -162.683 
67.9518 16.9491 481.355 -165.995 0.00020614 -163.153 
67.6565 17.3398 481.339 -165.625 0.000306143 -163.625 
67.3653 17.7317 481.319 -165.253 0.00020614 -164.099 
67.0691 18.1221 481.306 15.1203 0.000893859 15.425 
66.7779 18.5139 481.284 -164.504 0.000906141 -165.053 
66.483 18.9047 481.268 -164.127 0.00060614 -165.533 
66.1883 19.2955 481.253 16.2527 0.000793859 13.985 
65.8947 19.6866 481.235 16.634 9.3853e-05 13.501 
65.6012 20.0778 481.218 17.0172 0.000493858 13.016 
65.3101 20.4698 481.197 -162.598 0.00010614 -167.472 
65.0139 20.8602 481.182 17.7892 0.000293861 12.039 
64.7215 21.2517 481.164 18.1779 0.000693859 11.548 
64.4264 21.6423 481.147 0 6.21557e-06 29.6234 
64.1349 22.0342 481.126 -161.039 0.000706141 -169.44 
63.8398 22.4248 481.112 19.3547 0.000493858 10.064 
63.5469 22.8162 481.094 19.7504 0.000593861 9.566 
63.2525 23.2071 481.077 20.1479 0.00059386 9.066 
62.9603 23.5988 481.056 -159.453 0.000506142 -171.436 
62.6644 23.989 481.043 20.9477 0.000293859 8.061 
62.3706 24.3801 481.025 0 6.09716e-06 28.9061 
62.0803 24.7726 481.003 -158.246 0.000506141 -172.95 
61.7849 25.163 480.988 -157.841 0.000106143 -173.458 
61.4929 25.5547 480.969 0 6.27393e-06 28.5994 
61.1993 25.9459 480.951 0 6.09716e-06 28.4969 
60.9042 26.3364 480.935 -156.615 0.000206142 -174.991 
60.6123 26.7284 480.915 -156.204 0.000606141 -175.504 
60.3167 27.1187 480.902 24.2089 0.00079386 3.981 
60.0231 27.5097 480.884 24.6229 0.000893859 3.464 
59.7313 27.9018 480.863 -154.962 0.000206143 -177.054 
59.4358 28.292 480.849 25.4549 0.000493859 2.427 
59.1421 28.683 480.83 -154.127 0.000106136 -178.093 
58.8481 29.0741 480.813 0 6.21557e-06 27.6778 
58.5572 29.4666 480.792 -153.288 0.000206142 -179.137 
58.2613 29.8565 480.778 27.1333 0.00039386 0.339003 
57.9684 30.248 480.76 27.5556 0.00059386 -0.186003 
57.6739 30.6386 480.744 27.979 0.00059386 -0.711003 
57.3824 31.0309 480.723 28.4034 0.000193861 -1.238 
57.0892 31.4223 480.704 -151.171 0.000506139 178.234 
56.7956 31.8136 480.686 -150.745 0.000606141 177.705 
56.5016 32.2044 480.67 29.682 9.38608e-05 -2.824 
56.206 32.5945 480.655 30.1099 0.000393857 -3.354 
55.9133 32.9861 480.636 30.5385 0.000293859 -3.885 
55.6189 33.3768 480.619 -149.032 0.000106143 175.583 
55.3286 33.7699 480.598 31.3979 9.38608e-05 -4.95 
55.0322 34.1593 480.584 -148.172 0.000106143 174.517 
54.7397 34.5513 480.565 32.2598 0.000393857 -6.016 
54.4457 34.9421 480.548 32.6915 0.000393858 -6.551 
54.1531 35.3339 480.527 -146.876 0.000906141 172.915 
53.8582 35.7243 480.514 33.5564 0.000493859 -7.62 
53.5648 36.1155 480.496 33.9894 0.000393861 -8.156 
53.2698 36.5056 480.479 -145.577 0.000106143 171.309 
52.9786 36.8985 480.458 34.8564 9.38608e-05 -9.228 
52.6858 37.2903 480.439 -144.71 0.000206138 170.236 
52.3914 37.6808 480.422 -144.276 0.000806141 169.7 
52.0978 38.0719 480.406 36.1585 9.38608e-05 -10.837 
51.8025 38.4619 480.392 36.5928 0.00069386 -11.374 
51.5088 38.8528 480.373 -142.973 0.00020614 168.09 
51.2157 39.2444 480.356 37.4614 0.000593859 -12.447 
50.9241 39.637 480.334 -142.104 0.000106143 167.016 
50.6278 40.0262 480.32 -141.67 0.000106143 166.48 
50.3354 40.4182 480.302 38.7637 0.000393859 -14.057 
50.0414 40.8089 480.286 39.1974 0.000593858 -14.593 
49.7487 41.2009 480.265 -140.369 0.000606141 164.871 
49.4567 41.5935 480.245 -139.936 0.000306141 164.336 
49.1604 41.9824 480.233 40.4969 0.00069386 -16.199 
48.8683 42.3749 480.211 -139.071 0.00060614 163.266 
48.5742 42.7655 480.196 41.3612 0.000593858 -17.269 
48.2803 43.1564 480.177 -138.207 0.00050614 162.198 
47.9872 43.5479 480.16 -137.777 0.000106136 161.664 
47.6926 43.9382 480.144 42.6537 9.38646e-05 -18.868 
47.4005 44.3307 480.124 -136.917 0.000206142 160.6 
47.107 44.7219 480.105 -136.488 0.000706141 160.068 
46.8131 45.1129 480.088 -136.06 0.00070614 159.538 
46.519 45.5034 480.073 0 6.09716e-06 23.3757 
46.2262 45.8954 480.053 -135.206 0.00060614 158.479 
45.9331 46.2871 480.034 -134.78 0.000506142 157.951 
45.6387 46.6775 480.018 -134.355 0.000706141 157.424 
45.3441 47.0675 480.002 -133.932 0.000306144 156.897 
45.0519 47.4602 479.983 -133.509 0.000206143 156.372 
44.7584 47.8514 479.965 -133.087 0.000306142 155.848 
44.4646 48.2424 479.948 47.3335 0.000293859 -24.675 
44.1697 48.6322 479.933 47.753 0.00049386 -25.197 
43.8772 49.0244 479.914 48.1712 0.000593858 -25.717 
43.5835 49.4154 479.897 48.5883 0.000293861 -26.237 
43.2886 49.8052 479.88 -130.996 0.000106143 153.245 
42.997 50.1986 479.86 49.4187 0.000193859 -27.272 
42.7034 50.5897 479.841 -130.168 0.00080614 152.212 
42.4096 50.9807 479.823 -129.756 0.000906141 151.698 
42.1157 51.3715 479.807 -129.346 0.000206143 151.185 
41.8208 51.761 479.793 51.0632 0.000293857 -29.326 
41.5282 52.1534 479.774 51.4707 0.000593857 -29.836 
41.2346 52.5445 479.757 51.8768 0.000693859 -30.345 
40.9423 52.9375 479.735 -127.719 0.000306143 149.148 
40.6477 53.3273 479.721 52.6842 0.000493861 -31.357 
40.3545 53.7189 479.702 53.0855 0.000293859 -31.861 
40.0604 54.1093 479.685 -126.515 0.000106143 147.637 
39.7662 54.4997 479.669 53.8833 0.000393859 -32.863 
39.4734 54.892 479.649 -125.72 0.00020614 146.638 
39.1799 55.2832 479.63 -125.326 0.00080614 146.141 
38.8862 55.6744 479.613 -124.933 0.000506142 145.645 
38.5919 56.0644 479.597 -124.542 0.000306142 145.152 
38.2998 56.4577 479.577 0 6.27393e-06 20.5078 
38.0039 56.8454 479.565 56.2354 0.000193859 -35.83 
37.7124 57.2397 479.542 -123.379 0.000606141 143.682 
37.418 57.6297 479.526 -122.995 0.00040614 143.196 
37.1237 58.0198 479.512 57.387 0.000893859 -37.289 
36.8301 58.4109 479.493 57.7671 0.000193861 -37.771 
36.5366 58.8021 479.476 58.1453 0.000493859 -38.252 
36.2445 59.1958 479.454 -121.478 0.00010614 141.269 
35.9498 59.5849 479.44 58.8959 0.00049386 -39.208 
35.6564 59.9766 479.421 59.2683 9.38646e-05 -39.682 
35.3625 60.3671 479.404 -120.361 0.000206145 139.845 
35.0688 60.758 479.388 60.007 0.000693859 -40.626 
34.7757 61.1502 479.368 -119.627 0.000306142 138.905 
34.4829 61.5426 479.349 -119.262 0.00010614 138.439 
34.1888 61.9329 479.331 -118.9 0.000806141 137.974 
33.8949 62.3235 479.315 -118.54 0.00020614 137.511 
33.6006 62.7133 479.3 61.8184 0.000493859 -42.949 
33.3076 63.1057 479.281 62.1746 0.000493858 -43.408 
33.0137 63.496 479.264 -117.471 0.000306141 136.136 
32.7198 63.8868 479.247 62.8806 0.000193857 -44.319 
32.4275 64.2803 479.226 0 6.03709e-06 18.4594 
32.1323 64.6682 479.212 0 6.09716e-06 18.3572 
31.8392 65.0602 479.194 63.9238 0.000293862 -45.669 
31.5474 65.4552 479.172 0 6.15665e-06 18.1524 
31.2529 65.8445 479.157 -115.391 0.000106136 133.441 
30.958 66.233 479.142 64.9481 0.000293857 -47.001 
30.6647 66.6245 479.124 0 6.15665e-06 17.8452 
30.371 67.0155 479.107 0 6.21557e-06 17.7423 
30.0786 67.4095 479.085 -114.047 0.00050614 131.687 
29.7845 67.7991 479.07 66.2839 0.000293859 -48.746 
29.4909 68.1906 479.051 -113.387 0.000406141 130.823 
29.1979 68.5828 479.034 66.939 0.000293854 -49.606 
28.9039 68.9732 479.017 67.2634 0.000493858 -50.033 
28.6108 69.3654 478.996 -112.414 0.00090614 129.542 
28.3164 69.7547 478.982 67.9057 0.000193857 -50.88 
28.0229 70.146 478.964 -111.776 0.000206142 128.699 
27.7292 70.5368 478.947 -111.461 0.000106143 128.281 
27.4368 70.9311 478.926 -111.147 0.000406141 127.865 
27.1422 71.3196 478.911 -110.835 0.000306143 127.451 
26.849 71.7117 478.892 -110.526 0.000606142 127.039 
26.5556 72.1034 478.874 -110.219 0.000306142 126.63 
26.2615 72.4933 478.858 -109.914 0.000406141 126.222 
25.9674 72.8829 478.842 0 6.15665e-06 16.2056 
25.6746 73.2762 478.823 70.6905 9.38608e-05 -54.587 
25.3811 73.6678 478.804 -109.011 0.000306142 125.012 
25.0875 74.0591 478.787 0 6.15665e-06 15.8992 
24.7935 74.4488 478.771 0 6.15665e-06 15.7968 
24.5007 74.8423 478.75 -108.127 0.000406141 123.821 
24.206 75.23 478.736 -107.836 0.00010614 123.428 
23.9125 75.6217 478.718 -107.548 0.000206145 123.037 
23.6192 76.0132 478.701 72.7387 0.000493858 -57.352 
23.3264 76.4073 478.68 -106.977 0.000206143 122.261 
23.0319 76.7957 478.665 -106.695 0.000106143 121.876 
22.7388 77.1882 478.646 -106.414 0.000306139 121.494 
22.4456 77.5805 478.628 73.8638 0.000193861 -58.887 
22.1515 77.97 478.611 -105.86 0.000406141 120.735 
21.8578 78.3608 478.595 74.4142 0.000593858 -59.642 
21.5645 78.7529 478.575 -105.314 0.000506141 119.983 
21.27 79.1408 478.561 74.9566 9.38685e-05 -60.389 
20.9767 79.533 478.543 75.2248 0.000593858 -60.76 
20.684 79.9281 478.521 -104.509 0.000206142 118.871 
20.3901 80.3174 478.506 -104.245 0.00010614 118.505 
20.096 80.7068 478.491 76.0177 0.000793859 -61.86 
19.8027 81.0992 478.472 76.2781 0.00059386 -62.223 
19.5092 81.4903 478.454 76.5365 0.000193863 -62.584 
19.2152 81.8801 478.437 -103.207 0.000306142 117.057 
18.9224 82.2743 478.416 -102.952 0.000906141 116.7 
18.6285 82.6644 478.401 77.3005 0.000293859 -63.655 
18.3351 83.0561 478.381 -102.449 0.000506141 115.992 
18.0416 83.448 478.363 -102.2 0.00050614 115.64 
17.748 83.8387 478.346 -101.953 0.00050614 115.291 
17.4543 84.2296 478.33 78.2927 0.000393859 -65.057 
17.1602 84.6179 478.314 78.5361 0.000193857 -65.403 
16.8668 85.0109 478.295 0 6.15665e-06 13.0308 
16.5734 85.4027 478.276 -100.982 0.000306142 113.911 
16.2797 85.7934 478.259 -100.744 0.000606141 113.571 
15.9861 86.1844 478.242 79.4918 9.38608e-05 -66.768 
15.6923 86.5743 478.227 79.7262 0.00069386 -67.105 
15.3991 86.9676 478.207 79.9589 0.000393857 -67.44 
15.1057 87.3598 478.188 0 6.03709e-06 12.4168 
14.8122 87.7509 478.17 -99.5811 0.000406141 111.895 
14.5183 88.141 478.153 -99.3536 0.00070614 111.565 
14.2247 88.5315 478.136 -99.1279 0.000106136 111.237 
13.9309 88.921 478.121 81.0961 0.000593858 -69.089 
13.6375 89.314 478.101 81.3185 0.000393858 -69.414 
13.3441 89.7061 478.083 81.5391 9.3853e-05 -69.737 
13.0505 90.0972 478.065 0 6.15665e-06 11.6991 
12.7568 90.4873 478.048 -98.0246 0.000106143 109.622 
12.4629 90.8764 478.032 -97.8089 0.00020614 109.303 
12.1697 91.2708 478.012 -97.5948 0.00020614 108.987 
11.8757 91.658 477.998 -97.3824 0.000106136 108.672 
11.5822 92.0505 477.979 82.8285 9.38608e-05 -71.641 
11.2887 92.4421 477.962 83.0377 0.000393859 -71.953 
10.995 92.8328 477.945 83.2454 0.000793859 -72.263 
10.7017 93.2259 477.924 -96.5485 0.000706142 107.429 
10.4078 93.6148 477.909 -96.3439 0.00010615 107.122 
10.1144 94.0077 477.89 -96.1409 0.000406141 106.816 
9.82087 94.3997 477.871 -95.9394 0.000606141 106.512 
9.52739 94.7908 477.854 -95.7395 0.000606141 106.21 
9.23366 95.1812 477.837 -95.541 0.00050614 105.909 
8.93987 95.5708 477.821 -95.344 0.000206138 105.61 
8.64678 95.9658 477.801 84.8514 0.000193861 -74.688 
8.35277 96.3538 477.786 85.0455 0.000693859 -74.985 
8.05936 96.7458 477.767 85.238 0.000393857 -75.28 
7.76582 97.1371 477.749 85.4291 0.000293859 -75.573 
7.47216 97.5277 477.732 85.6188 0.000293859 -75.865 
7.17841 97.9175 477.716 85.8071 0.000493858 -76.156 
6.88495 98.3114 477.696 -94.006 0.000106143 103.555 
