147.985 194.043 479.217 0 6.15665e-06 -74.0545 
147.981 194.036 479.217 52.6691 9.38569e-05 -126.723 
147.982 194.034 479.217 -127.331 0.00080614 53.2779 
147.98 194.026 479.217 -127.332 0.000706142 53.2794 
147.974 194.012 479.218 52.6671 0.000393857 -126.719 
147.972 194.002 479.217 -127.334 0.000406141 53.2838 
147.967 193.986 479.218 -127.335 0.000206138 53.2867 
147.962 193.969 479.218 -127.337 0.000906141 53.29 
147.954 193.947 479.218 52.6616 0.000393859 -126.706 
147.946 193.923 479.219 52.6597 0.000693858 -126.702 
147.938 193.898 479.219 0 6.27393e-06 -74.0398 
147.93 193.872 479.22 -127.345 0.000606141 53.3077 
147.919 193.841 479.22 -127.347 0.00020614 53.3132 
147.909 193.809 479.221 52.6502 0.000293859 -126.681 
147.899 193.776 479.221 -127.353 0.000206136 53.3256 
147.886 193.737 479.222 52.6443 0.000293859 -126.668 
147.876 193.702 479.222 -127.359 0.000206142 53.3397 
147.864 193.661 479.223 -127.362 0.00060614 53.3474 
147.847 193.614 479.224 52.634 9.38569e-05 -126.644 
147.832 193.566 479.225 52.6301 0.000693859 -126.636 
147.816 193.518 479.226 52.6261 0.000393858 -126.627 
147.801 193.468 479.226 52.6218 9.38646e-05 -126.617 
147.786 193.418 479.227 -127.383 0.00010614 53.3928 
147.767 193.361 479.228 -127.387 0.000306141 53.4032 
147.75 193.304 479.229 -127.392 0.000506141 53.414 
147.728 193.241 479.23 52.6029 0.000393859 -126.575 
147.707 193.176 479.231 52.5976 0.000293861 -126.563 
147.686 193.111 479.232 52.5922 0.000293862 -126.551 
147.666 193.045 479.233 52.5865 0.000293861 -126.538 
147.642 192.973 479.234 52.5807 0.000293859 -126.525 
147.623 192.905 479.235 -127.425 0.000706142 53.4884 
147.596 192.827 479.237 52.5684 0.000393861 -126.498 
147.573 192.752 479.238 -127.438 0.000406142 53.5168 
147.547 192.671 479.239 -127.445 0.000306141 53.5317 
147.521 192.59 479.241 -127.452 0.000106136 53.547 
147.496 192.508 479.242 52.5414 0.000193861 -126.437 
147.467 192.42 479.243 52.5341 0.000493858 -126.421 
147.438 192.33 479.245 -127.473 0.000206142 53.5956 
147.41 192.24 479.246 52.5189 0.000193865 -126.387 
147.378 192.144 479.248 52.5111 0.000593859 -126.37 
147.351 192.053 479.249 0 6.15665e-06 -73.8487 
147.32 191.954 479.251 -127.505 0.00050614 53.6667 
147.285 191.85 479.253 52.4862 9.3853e-05 -126.314 
147.255 191.751 479.254 -127.523 0.000306138 53.705 
147.221 191.645 479.255 -127.531 0.00070614 53.7248 
147.184 191.533 479.258 -127.541 0.000106136 53.7451 
147.151 191.425 479.259 -127.55 0.000406141 53.7658 
147.115 191.313 479.261 52.4406 0.000393861 -126.213 
147.079 191.198 479.263 52.4308 0.000193857 -126.191 
147.038 191.077 479.265 0 6.33175e-06 -73.7484 
147.003 190.961 479.267 -127.589 0.00010614 53.8532 
146.964 190.839 479.269 -127.6 0.00020614 53.8762 
146.926 190.716 479.271 -127.61 0.00020614 53.8997 
146.883 190.587 479.273 -127.621 0.000106136 53.9236 
146.842 190.457 479.275 -127.632 0.000106143 53.948 
146.801 190.326 479.277 0 6.15665e-06 -73.6706 
146.759 190.194 479.279 -127.655 0.000806141 53.9981 
146.715 190.056 479.282 -127.667 0.000606141 54.0238 
146.671 189.918 479.284 -127.678 0.000306142 54.05 
146.627 189.779 479.286 0 6.15665e-06 -73.6138 
146.58 189.633 479.289 52.2972 0.000393858 -125.896 
146.532 189.486 479.291 -127.715 0.00020614 54.1315 
146.486 189.339 479.293 52.2719 0.000293861 -125.841 
146.44 189.19 479.296 -127.741 0.000206142 54.1881 
146.389 189.035 479.298 -127.754 0.000606141 54.2171 
146.341 188.881 479.301 0 6.09716e-06 -73.5212 
146.291 188.725 479.303 -127.781 0.000306142 54.2764 
146.239 188.563 479.306 52.2048 0.000493858 -125.693 
146.187 188.399 479.309 52.1907 0.000293861 -125.662 
146.135 188.235 479.311 52.1764 9.38608e-05 -125.631 
146.084 188.071 479.314 52.1618 9.38646e-05 -125.599 
146.028 187.9 479.317 0 6.09716e-06 -73.4198 
145.973 187.728 479.319 52.1321 9.38685e-05 -125.534 
145.918 187.554 479.322 -127.883 0.000806141 54.4991 
145.861 187.376 479.325 52.1014 0.000293862 -125.467 
145.804 187.197 479.328 52.0857 0.000593859 -125.433 
145.746 187.015 479.331 -127.93 0.000206143 54.6016 
145.689 186.834 479.334 -127.946 0.000806141 54.6368 
145.628 186.646 479.337 -127.963 0.000406141 54.6724 
145.569 186.458 479.34 52.0207 9.38569e-05 -125.292 
145.509 186.268 479.343 -127.996 0.000406142 54.745 
145.446 186.073 479.346 51.9867 0.000193863 -125.218 
145.382 185.876 479.35 -128.031 0.000106133 54.8196 
145.321 185.68 479.353 51.9518 0.000593858 -125.142 
145.258 185.48 479.356 -128.066 0.000606141 54.8961 
145.192 185.277 479.359 51.916 0.000293858 -125.065 
145.127 185.072 479.363 51.8977 0.000293858 -125.025 
145.062 184.866 479.366 51.8792 0.000293858 -124.986 
144.993 184.653 479.37 51.8604 0.000393857 -124.945 
144.928 184.445 479.372 -128.159 0.000406141 55.0959 
144.857 184.226 479.377 51.8221 0.00079386 -124.863 
144.789 184.011 479.38 51.8026 9.38608e-05 -124.821 
144.718 183.79 479.384 51.7828 0.00049386 -124.778 
144.651 183.573 479.387 0 6.21557e-06 -72.9726 
144.576 183.345 479.391 51.7425 0.00059386 -124.692 
144.506 183.121 479.394 51.722 0.000193857 -124.648 
144.432 182.89 479.398 -128.299 0.000106136 55.3964 
144.358 182.659 479.402 -128.32 0.000306142 55.4413 
144.285 182.428 479.406 -128.341 0.000406141 55.4867 
144.209 182.19 479.41 51.6373 0.00059386 -124.467 
144.133 181.951 479.413 51.6155 0.000693858 -124.421 
144.056 181.711 479.417 -128.407 0.000206138 55.626 
143.981 181.471 479.421 0 6.09716e-06 -72.7555 
143.902 181.224 479.425 51.5485 0.000293859 -124.279 
143.822 180.975 479.429 -128.474 0.000206138 55.7698 
143.744 180.727 479.433 51.5025 0.000293858 -124.181 
143.661 180.472 479.438 -128.521 0.000206142 55.8683 
143.579 180.216 479.442 51.4555 0.000493859 -124.082 
143.498 179.959 479.446 51.4315 0.000293861 -124.031 
143.417 179.702 479.45 51.4073 0.000193857 -123.98 
143.331 179.438 479.454 51.3828 0.000193857 -123.929 
143.251 179.178 479.458 -128.642 0.000706142 56.1235 
143.163 178.907 479.463 51.333 0.00039386 -123.824 
143.079 178.64 479.467 -128.692 0.000306142 56.2292 
142.991 178.367 479.472 51.282 9.38569e-05 -123.717 
142.904 178.094 479.476 51.2561 0.000593858 -123.663 
142.817 177.819 479.48 51.2299 0.000193861 -123.608 
142.727 177.539 479.485 51.2035 0.000893858 -123.553 
142.64 177.261 479.489 -128.823 0.000306141 56.5028 
142.55 176.978 479.494 -128.85 0.000406141 56.5591 
142.457 176.69 479.499 51.1223 0.00059386 -123.384 
142.368 176.405 479.503 -128.905 0.00020614 56.6734 
142.275 176.114 479.508 0 6.27393e-06 -72.202 
142.182 175.821 479.513 -128.962 0.000606142 56.7898 
142.085 175.523 479.518 -128.99 0.00010614 56.8488 
141.99 175.225 479.523 50.9811 0.000493857 -123.092 
141.894 174.924 479.528 50.952 0.000193857 -123.032 
141.798 174.623 479.533 50.9225 9.3853e-05 -122.971 
141.704 174.321 479.537 0 6.15665e-06 -72.0169 
141.605 174.013 479.543 50.8627 9.38491e-05 -122.848 
141.507 173.704 479.547 50.8323 0.000393859 -122.785 
141.408 173.393 479.552 -129.198 0.000306141 57.2775 
141.306 173.077 479.558 50.7706 0.000193863 -122.659 
141.205 172.76 479.563 50.7392 0.000793858 -122.595 
141.104 172.442 479.568 50.7075 0.00059386 -122.53 
141.002 172.121 479.573 -129.324 0.00050614 57.5348 
140.898 171.797 479.579 50.6432 0.000493858 -122.4 
140.794 171.47 479.584 50.6106 0.00059386 -122.333 
140.69 171.142 479.59 -129.422 0.00010614 57.7338 
140.587 170.814 479.594 50.5443 0.000393859 -122.199 
140.479 170.478 479.6 0 6.21557e-06 -71.6201 
140.372 170.143 479.606 50.4767 0.000693858 -122.062 
140.265 169.806 479.611 50.4423 0.000593859 -121.993 
140.158 169.468 479.616 -129.592 0.00040614 58.077 
140.048 169.124 479.622 -129.627 0.000206138 58.1474 
139.938 168.779 479.628 50.3372 9.38646e-05 -121.782 
139.828 168.432 479.633 -129.699 0.00040614 58.29 
139.714 168.08 479.639 50.2654 0.000293859 -121.638 
139.606 167.732 479.644 50.229 9.38685e-05 -121.565 
139.493 167.378 479.65 50.1922 9.38608e-05 -121.492 
139.375 167.017 479.657 50.155 0.000193861 -121.418 
139.263 166.66 479.662 -129.883 0.000506142 58.6571 
139.147 166.297 479.668 0 6.09716e-06 -71.188 
139.032 165.934 479.674 50.0413 0.000593859 -121.192 
138.916 165.569 479.68 50.0027 0.000393858 -121.115 
138.796 165.198 479.686 49.9636 0.000393859 -121.038 
138.681 164.83 479.691 -130.076 0.000406142 59.0396 
138.562 164.457 479.697 -130.116 0.00010614 59.118 
138.44 164.078 479.704 49.8442 0.000393859 -120.803 
138.321 163.702 479.71 49.8037 9.3853e-05 -120.723 
138.199 163.32 479.716 0 6.09716e-06 -70.8804 
138.077 162.938 479.723 49.7213 9.38646e-05 -120.562 
137.956 162.554 479.728 49.6795 0.000393859 -120.481 
137.83 162.164 479.736 49.6374 0.000793859 -120.398 
137.709 161.777 479.741 -130.405 0.000506139 59.6845 
137.584 161.385 479.747 -130.448 0.00070614 59.768 
137.455 160.987 479.754 49.5084 0.00039386 -120.148 
137.331 160.592 479.761 -130.536 0.000406139 59.937 
137.202 160.191 479.767 49.4203 9.38569e-05 -119.977 
137.075 159.79 479.774 49.3756 0.000693859 -119.891 
136.946 159.386 479.78 -130.67 0.000406141 60.1956 
136.819 158.983 479.786 -130.715 0.000306138 60.2832 
136.688 158.572 479.793 0 5.97642e-06 -70.3896 
136.556 158.16 479.8 -130.807 0.000506142 60.4603 
136.426 157.748 479.807 49.1457 0.000193861 -119.45 
136.29 157.329 479.814 49.0984 0.000193856 -119.36 
136.16 156.913 479.82 -130.949 0.000606141 60.7312 
136.025 156.493 479.827 -130.998 0.000206142 60.8229 
135.891 156.07 479.834 -131.046 0.00060614 60.9153 
135.753 155.642 479.841 48.9045 0.000293858 -118.992 
135.619 155.216 479.847 -131.145 0.000606141 61.1023 
135.482 154.786 479.854 -131.195 0.000206138 61.1969 
135.344 154.353 479.862 -131.246 0.00070614 61.2921 
135.203 153.915 479.87 48.7031 0.000193859 -118.612 
135.066 153.481 479.876 48.6516 0.000293862 -118.515 
134.925 153.04 479.883 48.5995 0.000593861 -118.418 
134.784 152.598 479.891 48.547 0.000193859 -118.319 
134.643 152.154 479.898 0 6.15665e-06 -69.7265 
134.499 151.704 479.906 48.4403 9.38569e-05 -118.121 
134.358 151.258 479.912 -131.614 0.00050614 61.9798 
134.215 150.807 479.919 48.3317 9.38608e-05 -117.919 
134.071 150.354 479.927 0 6.09716e-06 -69.5403 
133.922 149.894 479.935 48.2209 0.000193859 -117.714 
133.779 149.438 479.941 -131.835 0.000306143 62.3894 
133.632 148.977 479.949 48.108 0.000393859 -117.506 
133.484 148.513 479.957 48.0507 0.00039386 -117.401 
133.336 148.048 479.964 -132.007 0.000306143 62.7048 
133.185 147.578 479.972 47.9346 0.000293862 -117.188 
133.038 147.11 479.979 -132.124 0.00090614 62.9191 
132.887 146.637 479.987 -132.184 0.000706142 63.0275 
132.736 146.163 479.995 -132.244 0.000306141 63.1364 
132.584 145.688 480.002 -132.304 0.00070614 63.2455 
132.433 145.214 480.01 47.6356 9.3853e-05 -116.645 
132.282 144.739 480.018 47.5748 9.3853e-05 -116.535 
132.13 144.264 480.026 47.5138 0.000293857 -116.425 
131.982 143.793 480.033 -132.548 0.000406141 63.685 
131.829 143.318 480.041 47.3909 0.000193857 -116.204 
131.676 142.841 480.049 -132.671 0.000106136 63.9065 
131.528 142.37 480.056 -132.733 0.000206143 64.0176 
131.375 141.893 480.065 0 6.09716e-06 -68.6665 
131.225 141.421 480.072 -132.858 0.000706141 64.2408 
131.072 140.945 480.08 47.0786 0.000793859 -115.647 
130.923 140.473 480.088 47.0153 0.000493859 -115.535 
130.772 139.999 480.095 -133.048 0.000606141 64.5778 
130.623 139.526 480.102 -133.112 0.000506142 64.6907 
130.468 139.049 480.111 46.8235 0.000793859 -115.196 
130.318 138.575 480.119 46.7589 0.000293857 -115.083 
130.166 138.101 480.127 0 6.09716e-06 -68.2747 
130.015 137.626 480.134 -133.371 0.000106146 65.1454 
129.864 137.152 480.142 0 6.09716e-06 -68.1767 
129.713 136.678 480.15 46.4977 0.000293859 -114.625 
129.565 136.207 480.156 -133.568 0.00020614 65.4896 
129.413 135.732 480.164 -133.635 0.00050614 65.605 
129.261 135.257 480.173 46.2985 0.000393857 -114.279 
129.113 134.785 480.179 -133.769 0.000506141 65.8367 
128.96 134.309 480.188 -133.836 0.00020614 65.9531 
128.807 133.833 480.196 46.0964 0.000293859 -113.93 
128.658 133.361 480.203 0 6.21557e-06 -67.7848 
128.509 132.889 480.21 -134.04 0.000106143 66.3041 
128.354 132.412 480.219 0 6.15665e-06 -67.6869 
128.205 131.939 480.226 45.8224 0.000393859 -113.46 
128.055 131.466 480.234 -134.247 0.000106136 66.658 
127.904 130.992 480.241 -134.317 0.000306138 66.7767 
127.754 130.519 480.249 -134.387 0.000406142 66.8957 
127.603 130.045 480.256 -134.457 0.000206142 67.015 
127.451 129.57 480.264 -134.528 0.000906142 67.1347 
127.3 129.096 480.272 -134.599 0.000306143 67.2547 
127.148 128.621 480.28 -134.67 0.00050614 67.3751 
126.997 128.147 480.288 45.2581 0.000493861 -112.504 
126.845 127.671 480.296 45.186 0.00069386 -112.383 
126.697 127.2 480.303 45.1136 0.000193857 -112.262 
126.543 126.723 480.311 -134.959 0.000206142 67.8601 
126.395 126.252 480.318 -135.032 0.000306141 67.9823 
126.241 125.775 480.327 -135.106 0.000306142 68.1048 
126.092 125.303 480.334 0 6.15665e-06 -66.9521 
125.938 124.826 480.343 44.7459 0.00049386 -111.649 
125.788 124.353 480.35 44.6713 0.000293857 -111.526 
125.638 123.88 480.357 44.5962 0.000193857 -111.402 
125.488 123.407 480.365 44.5209 0.00039386 -111.277 
125.337 122.932 480.372 -135.555 0.000306141 68.8476 
125.186 122.459 480.38 44.369 0.000293861 -111.027 
125.035 121.984 480.388 44.2924 9.38646e-05 -110.902 
124.883 121.509 480.396 44.2155 0.000193857 -110.776 
124.731 121.034 480.404 44.1382 0.000393861 -110.65 
124.583 120.563 480.41 -135.94 0.00010614 69.4771 
124.43 120.087 480.419 -136.018 0.00040614 69.6042 
124.278 119.612 480.427 43.904 0.000493858 -110.268 
124.129 119.139 480.434 -136.175 0.000406141 69.8595 
123.975 118.663 480.443 0 6.21557e-06 -66.2664 
123.826 118.19 480.45 -136.334 0.000406143 70.1165 
123.676 117.717 480.457 -136.414 0.000606141 70.2455 
123.526 117.245 480.464 -136.495 0.00060614 70.375 
123.372 116.767 480.474 43.4246 0.000693858 -109.495 
123.221 116.293 480.481 43.3433 0.000193857 -109.365 
123.07 115.819 480.489 -136.739 0.000106143 70.766 
122.919 115.345 480.497 43.1793 0.00079386 -109.103 
122.772 114.875 480.502 0 6.21557e-06 -65.8746 
122.619 114.399 480.511 -136.986 0.000606141 71.1607 
122.468 113.924 480.519 0 6.15665e-06 -65.7766 
122.315 113.448 480.527 -137.154 0.00010614 71.426 
122.167 112.977 480.534 0 6.03709e-06 -65.6786 
122.013 112.501 480.543 42.6772 0.000293858 -108.307 
121.864 112.028 480.55 -137.408 0.000206138 71.8273 
121.715 111.556 480.556 -137.494 0.000406142 71.9619 
121.561 111.079 480.566 42.4203 0.00059386 -107.903 
121.41 110.605 480.573 -137.666 0.000106136 72.2326 
121.26 110.132 480.581 42.2467 0.000293861 -107.631 
121.109 109.658 480.588 0 6.09716e-06 -65.3358 
120.958 109.184 480.596 0 6.09716e-06 -65.2868 
120.806 108.709 480.604 41.9829 0.000193859 -107.221 
120.655 108.234 480.612 41.894 0.00059386 -107.083 
120.506 107.763 480.618 -138.195 0.000806141 73.0555 
120.354 107.288 480.627 41.7149 9.38569e-05 -106.806 
120.201 106.812 480.635 41.6246 0.000193857 -106.666 
120.052 106.339 480.642 -138.466 0.000506142 73.4733 
119.898 105.863 480.651 41.4426 9.38685e-05 -106.386 
119.749 105.39 480.658 -138.649 0.000106143 73.7543 
119.599 104.917 480.665 0 6.09716e-06 -64.8459 
119.449 104.444 480.672 41.1658 0.000293858 -105.963 
119.298 103.97 480.68 -138.927 0.000206136 74.1794 
119.147 103.496 480.688 -139.021 0.000406141 74.3222 
118.996 103.021 480.696 -139.115 0.000406141 74.4654 
118.844 102.547 480.704 -139.21 0.000206142 74.6091 
118.692 102.072 480.712 40.6946 0.000293857 -105.247 
118.544 101.6 480.718 0 6.21557e-06 -64.5031 
118.391 101.124 480.727 0 6.15665e-06 -64.4541 
118.242 100.652 480.733 -139.594 0.000806141 75.1892 
118.089 100.176 480.743 40.3083 0.000593858 -104.664 
117.939 99.7033 480.75 40.2104 0.000293859 -104.518 
117.789 99.2293 480.757 -139.888 0.000806141 75.6298 
117.634 98.7524 480.767 40.0131 0.00039386 -104.222 
117.484 98.2789 480.774 39.9136 0.000793858 -104.074 
117.332 97.8043 480.782 39.8135 0.00039386 -103.925 
117.185 97.3333 480.787 -140.287 0.000706142 76.2249 
117.033 96.8582 480.796 -140.388 0.000606141 76.375 
116.88 96.3831 480.804 -140.49 0.000206138 76.5257 
116.728 95.9077 480.813 39.4077 0.000393859 -103.323 
116.58 95.436 480.819 39.3049 0.000193857 -103.171 
116.43 94.9631 480.826 -140.799 0.000706142 76.9812 
116.277 94.4871 480.835 39.0975 0.000593858 -102.866 
116.127 94.0137 480.842 38.9929 0.000193857 -102.712 
115.976 93.5402 480.85 0 6.03709e-06 -63.6703 
115.826 93.0663 480.857 0 6.09716e-06 -63.6214 
115.674 92.5915 480.865 -141.324 0.000706142 77.7519 
115.523 92.1172 480.873 -141.431 0.00020614 77.9079 
115.371 91.6428 480.881 38.4612 0.000593859 -101.936 
115.218 91.1674 480.89 38.3531 0.000593859 -101.779 
115.07 90.6951 480.896 -141.756 0.000206143 78.3792 
114.916 90.2193 480.905 38.135 0.000293858 -101.462 
114.767 89.7467 480.912 38.025 9.38569e-05 -101.304 
114.618 89.2739 480.919 0 6.21557e-06 -63.2295 
114.467 88.8 480.926 -142.197 0.00080614 79.0163 
114.313 88.3231 480.936 37.6913 0.00069386 -100.823 
114.161 87.8487 480.944 37.5788 0.000393858 -100.661 
114.014 87.3777 480.949 -142.534 0.000706142 79.5007 
113.862 86.9028 480.957 -142.648 0.000506142 79.6635 
113.71 86.4278 480.966 -142.763 0.000106133 79.8269 
113.557 85.9525 480.975 37.1224 0.000493859 -100.009 
113.409 85.4803 480.981 37.0066 0.00039386 -99.8443 
113.259 85.0072 480.988 -143.11 0.000506142 80.3211 
113.104 84.5305 480.997 -143.227 0.000106136 80.4871 
112.955 84.0576 481.005 36.6554 0.00049386 -99.3461 
112.805 83.5838 481.012 36.537 0.000293859 -99.1787 
112.653 83.1096 481.02 36.4179 0.000293858 -99.0106 
112.502 82.6352 481.028 36.2981 0.000693859 -98.8419 
112.349 82.1597 481.036 36.1776 0.000193856 -98.6724 
112.202 81.6882 481.042 0 6.21557e-06 -62.4458 
112.048 81.2122 481.051 0 6.15665e-06 -62.3969 
111.9 80.7404 481.058 35.812 0.000193856 -98.1598 
111.746 80.2637 481.067 35.6886 0.000693859 -97.9875 
111.596 79.7904 481.074 35.5646 0.000393861 -97.8145 
111.445 79.3168 481.082 35.4399 0.000293857 -97.6408 
111.294 78.8428 481.089 35.3144 0.000493859 -97.4663 
111.142 78.3678 481.097 -144.812 0.000106136 82.7089 
110.991 77.8933 481.106 35.0612 0.000493861 -97.1152 
110.842 77.4212 481.112 -145.066 0.000706141 83.0615 
110.69 76.9461 481.121 34.8051 0.000393859 -96.7611 
110.541 76.4732 481.127 -145.324 0.000306142 83.4171 
110.386 75.997 481.137 34.546 0.000193856 -96.404 
110.236 75.5236 481.144 0 6.15665e-06 -61.809 
110.086 75.0499 481.151 0 6.03709e-06 -61.76 
109.935 74.5758 481.159 34.1515 9.3853e-05 -95.8626 
109.784 74.1017 481.167 34.0185 0.000593858 -95.6805 
109.636 73.6293 481.172 -146.115 0.000806142 84.5023 
109.484 73.1545 481.181 33.75 9.38608e-05 -95.3141 
109.33 72.6787 481.191 33.6146 9.38646e-05 -95.1297 
109.181 72.2064 481.197 33.4784 0.000393861 -94.9445 
109.032 71.7329 481.204 -146.659 0.00010615 85.2415 
108.881 71.2593 481.211 -146.797 0.000306142 85.4283 
108.73 70.7852 481.218 -146.935 0.000406142 85.616 
108.579 70.3109 481.226 -147.075 0.000306139 85.8044 
108.427 69.8364 481.235 32.785 9.3853e-05 -94.0063 
108.274 69.3608 481.244 -147.356 0.000306141 86.1839 
108.126 68.8886 481.25 -147.498 0.000606142 86.3749 
107.972 68.413 481.259 32.359 0.000393859 -93.4333 
107.822 67.9394 481.266 -147.785 0.000406141 86.7594 
107.673 67.4662 481.273 0 6.09716e-06 -60.9764 
107.521 66.992 481.281 -148.075 0.000506141 87.1474 
107.37 66.5175 481.289 -148.221 0.00070614 87.3426 
107.219 66.0434 481.297 31.6318 0.000293861 -92.4612 
107.066 65.5681 481.306 31.4837 0.000493859 -92.2641 
106.917 65.0956 481.312 -148.665 0.00020614 87.9338 
106.763 64.6197 481.322 31.1849 0.00039386 -91.8674 
106.614 64.1465 481.328 31.0342 9.38569e-05 -91.6676 
106.463 63.6728 481.335 30.8825 9.38646e-05 -91.467 
106.313 63.1988 481.343 30.7299 0.000193861 -91.2654 
106.161 62.7245 481.351 30.5764 0.000493859 -91.0629 
106.008 62.2492 481.36 0 6.15665e-06 -60.4375 
105.86 61.7769 481.366 -149.733 0.000406143 89.3448 
105.707 61.3016 481.375 30.1103 0.000493859 -90.4499 
105.557 60.828 481.382 -150.047 0.000506142 89.7564 
105.407 60.3548 481.389 -150.205 0.000306141 89.9635 
105.257 59.8811 481.396 0 6.15665e-06 -60.1926 
105.105 59.4064 481.404 -150.524 0.000506142 90.3808 
104.953 58.9321 481.413 29.3145 0.000193857 -89.4091 
104.8 58.4566 481.422 29.1524 9.3853e-05 -89.1981 
104.652 57.9843 481.428 28.9894 9.38608e-05 -88.9861 
104.502 57.5107 481.434 -151.175 0.000806142 91.227 
104.348 57.035 481.445 28.6603 0.000493859 -88.559 
104.197 56.5609 481.452 0 6.03709e-06 -59.8497 
104.046 56.0869 481.46 28.3272 0.000593858 -88.128 
103.894 55.6121 481.468 28.1592 0.000393858 -87.9109 
103.747 55.14 481.474 27.9901 0.000293862 -87.6929 
103.593 54.6644 481.483 27.82 0.000293857 -87.4738 
103.444 54.1914 481.49 27.6488 0.000493858 -87.2537 
103.293 53.7177 481.497 -152.523 0.000206142 92.9675 
103.143 53.2439 481.504 27.3034 0.000193857 -86.8103 
102.991 52.7694 481.512 -152.871 0.000206142 93.413 
102.839 52.2949 481.521 26.9538 0.000493858 -86.3627 
102.69 51.8219 481.526 -153.223 0.000706142 93.8627 
102.537 51.3467 481.536 26.5999 0.000193856 -85.9109 
102.388 50.8736 481.543 26.4214 0.000193861 -85.6833 
102.237 50.3993 481.55 -153.758 0.000706142 94.5453 
102.086 49.9254 481.557 -153.939 0.000406138 94.775 
101.935 49.4511 481.566 -154.121 0.000106143 95.0058 
101.782 48.9763 481.575 25.6962 0.000293858 -84.7623 
101.634 48.5035 481.58 -154.488 0.000106143 95.4708 
101.48 48.0279 481.591 25.327 0.000493859 -84.2951 
101.33 47.5544 481.598 25.1408 0.000193861 -84.0598 
101.179 47.0803 481.605 0 6.15665e-06 -58.87 
101.027 46.6058 481.613 -155.235 0.00020614 96.4141 
100.876 46.1315 481.622 24.5751 0.000793859 -83.3473 
100.727 45.6584 481.627 -155.616 0.000306141 96.8926 
100.574 45.1833 481.637 24.1923 0.000793859 -82.8665 
100.423 44.7095 481.644 -156.001 0.000106146 97.3757 
100.273 44.2358 481.652 23.8049 9.3853e-05 -82.3811 
100.121 43.7616 481.66 23.6094 0.000293859 -82.1366 
99.9693 43.2869 481.668 23.4127 0.00059386 -81.891 
99.821 42.814 481.674 -156.785 0.00010614 98.3559 
99.6669 42.3385 481.684 23.0158 0.000193857 -81.3961 
99.5179 41.8654 481.69 22.8156 0.00059386 -81.1469 
99.3665 41.3912 481.698 0 6.15665e-06 -58.2823 
99.2156 40.917 481.706 22.4115 0.000393858 -80.6449 
99.0636 40.4426 481.715 22.2077 0.000793859 -80.392 
98.9153 39.9696 481.72 22.0026 0.000193859 -80.138 
98.7612 39.4943 481.73 21.7963 0.000693859 -79.883 
98.6108 39.0205 481.737 21.5888 9.38608e-05 -79.626 
98.4607 38.5467 481.745 21.38 0.000493859 -79.368 
98.3081 38.072 481.753 0 6.15665e-06 -57.939 
98.1606 37.5994 481.758 -159.041 0.000606142 101.151 
98.0071 37.1243 481.767 -159.254 0.000306142 101.412 
97.8588 36.6512 481.774 20.5325 9.38569e-05 -78.325 
97.7078 36.1771 481.781 -159.683 0.000606141 101.939 
97.5571 35.7031 481.788 -159.899 0.00040614 102.204 
97.4052 35.2288 481.797 -160.116 0.000206142 102.471 
97.2521 34.7539 481.806 0 6.03709e-06 -57.5962 
97.104 34.2809 481.812 19.4447 9.3853e-05 -76.992 
96.9484 33.8052 481.823 19.2233 9.38569e-05 -76.722 
96.7979 33.3313 481.83 19.0006 9.3853e-05 -76.45 
96.6474 32.8574 481.838 18.7766 0.000993859 -76.177 
96.4991 32.3843 481.843 -161.449 0.000206136 104.097 
96.3461 31.9095 481.853 18.3247 0.00049386 -75.627 
96.1966 31.436 481.859 18.0968 9.38569e-05 -75.35 
96.0459 30.9618 481.866 -162.133 0.000406141 104.928 
95.8951 30.4879 481.874 -162.363 0.000106136 105.207 
95.743 30.0134 481.883 17.4051 0.000193861 -74.512 
95.5896 29.5387 481.893 17.172 0.000293859 -74.23 
95.441 29.0653 481.899 16.9374 0.000293858 -73.946 
95.2909 28.5916 481.905 16.7016 0.000193857 -73.661 
95.1395 28.1173 481.913 -163.536 0.00010614 106.625 
94.9881 27.6432 481.922 16.2259 0.000493859 -73.088 
94.8401 27.1699 481.927 -164.014 0.00020614 107.201 
94.6857 26.6949 481.937 15.7448 9.3853e-05 -72.509 
94.5361 26.2211 481.944 15.5022 9.38646e-05 -72.217 
94.3851 25.747 481.951 0 6.27393e-06 -56.6657 
94.2324 25.2726 481.96 -164.987 0.000406141 108.37 
94.0797 24.7981 481.969 14.7665 9.38569e-05 -71.334 
93.9317 24.3248 481.975 14.5185 0.000293857 -71.037 
93.7807 23.8507 481.982 -165.731 0.00060614 109.261 
93.631 23.3769 481.989 14.0185 0.000193857 -70.439 
93.4783 22.9023 481.998 -166.234 0.000206138 109.862 
93.3254 22.4278 482.007 13.513 9.38608e-05 -69.836 
93.177 21.9544 482.013 13.2582 0.000193857 -69.532 
93.027 21.4806 482.02 0 6.21557e-06 -56.2249 
92.8754 21.0064 482.028 -167.255 0.000406141 111.079 
92.7235 20.532 482.036 -167.514 0.00010614 111.387 
92.5714 20.0578 482.046 12.2255 0.000893859 -68.304 
92.4208 19.5838 482.052 -168.036 0.000406138 112.007 
92.2715 19.11 482.059 0 6.09716e-06 -55.9801 
92.1204 18.636 482.067 11.4366 9.38608e-05 -67.368 
91.9675 18.1615 482.076 -168.829 0.000106136 112.947 
91.819 17.6879 482.081 -169.096 0.000606142 113.263 
91.6654 17.2133 482.092 10.6354 0.000493859 -66.42 
91.5148 16.7393 482.099 10.3656 0.000293861 -66.101 
91.3638 16.2653 482.108 10.0945 0.00079386 -65.781 
91.2156 15.7917 482.112 -170.178 0.000106143 114.541 
91.0623 15.3172 482.122 9.54811 0.000593858 -65.136 
90.9119 14.8432 482.129 0 6.09716e-06 -55.5391 
90.761 14.3692 482.137 -171.004 0.000106136 115.513 
90.6096 13.895 482.145 8.71843 0.000493859 -64.16 
90.461 13.4213 482.15 -171.561 0.000306142 116.168 
90.3072 12.9468 482.161 8.15858 0.000393859 -63.502 
90.1561 12.4728 482.168 -172.123 0.000306141 116.829 
90.0045 11.9986 482.176 -172.407 0.000406141 117.161 
89.8524 11.5244 482.185 7.3088 9.38608e-05 -62.505 
89.7043 11.0507 482.19 7.02289 9.38569e-05 -62.17 
89.5543 10.5767 482.197 -173.264 0.000306143 118.166 
89.4036 10.1027 482.204 -173.553 0.000206138 118.503 
89.2508 9.6284 482.213 -173.843 0.000606142 118.842 
89.0989 9.15423 482.223 5.86612 0.000493859 -60.818 
88.9495 8.68032 482.229 5.57368 0.000193854 -60.476 
88.7995 8.20632 482.236 5.27994 0.000293859 -60.133 
88.6473 7.73214 482.244 -175.015 0.000106143 120.211 
88.4944 7.25792 482.254 0 6.03709e-06 -54.7554 
88.3455 6.78401 482.259 -175.609 0.000406141 120.902 
88.1958 6.31003 482.266 -175.908 0.000406141 121.25 
88.0439 5.83588 482.274 -176.208 0.000906141 121.599 
87.8927 5.36178 482.283 3.49093 9.38608e-05 -58.051 
87.7392 4.88757 482.293 3.1884 0.000393858 -57.699 
87.5897 4.41357 482.299 2.88465 0.000193856 -57.346 
87.4392 3.93953 482.307 2.57969 0.000393857 -56.992 
87.2865 3.46538 482.315 2.27352 9.3853e-05 -56.637 
87.1391 2.99145 482.32 1.96617 9.38685e-05 -56.281 
86.9846 2.51726 482.331 1.65763 0.000493859 -55.923 
86.8339 2.0432 482.338 1.34792 0.000293859 -55.565 
86.6823 1.56913 482.347 1.03706 0.000493858 -55.205 
86.5345 1.0951 482.351 0 6.15665e-06 -54.119 
86.3796 0.620994 482.362 -179.588 0.000106143 125.518 
86.2298 0.146937 482.369 0.0976326 9.38685e-05 -54.118 
86.0791 -0.327131 482.377 -0.217743 0.000693859 -53.754 
85.9306 -0.801221 482.382 179.466 0.000406141 126.611 
85.7764 -1.27525 482.392 179.148 0.00010614 126.978 
85.6274 -1.74935 482.399 -1.17038 0.000393859 -52.655 
85.4758 -2.22341 482.407 -1.49005 0.000293859 -52.286 
85.3232 -2.69743 482.416 -1.81076 0.00039386 -51.916 
85.1742 -3.17158 482.422 177.868 0.00010614 128.455 
85.0241 -3.64569 482.428 177.545 0.000406141 128.826 
84.8729 -4.11975 482.436 177.221 0.00040614 129.199 
84.7207 -4.59376 482.445 176.896 0.000106143 129.573 
84.5719 -5.06796 482.451 176.571 0.000606142 129.947 
84.4174 -5.54181 482.462 -3.75595 0.000193861 -49.677 
84.2664 -6.01587 482.47 -4.08348 0.000193857 -49.301 
84.1188 -6.49019 482.474 175.588 0.000506142 131.077 
83.9654 -6.96408 482.484 0 6.15665e-06 -53.2863 
83.8155 -7.43824 482.491 174.929 0.000306139 131.834 
83.6644 -7.91231 482.499 174.597 0.000406141 132.214 
83.5121 -8.38624 482.507 174.266 0.00020614 132.595 
83.3632 -8.86053 482.513 173.933 0.000806142 132.977 
83.2099 -9.33436 482.524 -6.40059 0.000693859 -46.641 
83.0586 -9.80837 482.532 -6.73486 0.000493859 -46.257 
82.9105 -10.2828 482.536 172.93 0.000606141 134.127 
82.7581 -10.7567 482.546 -7.40565 0.000493858 -45.489 
82.6075 -11.2308 482.553 172.258 0.000206142 134.897 
82.4572 -11.705 482.56 -8.07929 0.000293858 -44.717 
82.3041 -12.1788 482.569 171.583 0.000106143 135.67 
82.1557 -12.6532 482.575 171.244 0.000306142 136.057 
82.0015 -13.1268 482.586 -9.09473 0.000593858 -43.555 
81.8505 -13.6008 482.594 -9.43446 0.000693859 -43.166 
81.7027 -14.0754 482.598 170.225 0.00010615 137.223 
81.5492 -14.549 482.608 -10.1156 0.000293862 -42.387 
81.3988 -15.0232 482.615 169.543 0.000306141 138.004 
81.2484 -15.4975 482.623 -10.799 0.000393859 -41.605 
81.0954 -15.9711 482.632 -11.1414 9.38608e-05 -41.214 
80.9469 -16.4457 482.637 0 6.03709e-06 -52.3063 
80.7971 -16.92 482.644 0 6.09716e-06 -52.2576 
80.6459 -17.394 482.652 -12.1713 9.38569e-05 -40.037 
80.4934 -17.8678 482.661 -12.5155 0.000293859 -39.644 
80.344 -18.3422 482.667 167.14 0.00040614 140.749 
80.1888 -18.8154 482.679 0 6.15665e-06 -52.0619 
80.0425 -19.2905 482.682 166.45 0.00050614 141.537 
79.8905 -19.7644 482.691 -13.8956 0.000193863 -38.068 
79.7371 -20.2378 482.702 -14.2413 0.000893859 -37.673 
79.5867 -20.712 482.709 -14.5873 0.000693859 -37.278 
79.435 -21.1859 482.717 -14.9336 0.000593859 -36.883 
79.2863 -21.6605 482.721 164.72 0.000406141 143.512 
79.1333 -22.134 482.732 -15.6266 0.000693859 -36.092 
78.9819 -22.608 482.739 164.027 0.000206142 144.304 
78.8305 -23.082 482.748 -16.3203 9.3853e-05 -35.3 
78.6821 -23.5568 482.752 163.333 0.000606142 145.096 
78.5294 -24.0303 482.763 -17.0143 0.000893859 -34.508 
78.3783 -24.5043 482.771 -17.3614 0.000393859 -34.112 
78.2315 -24.9798 482.774 0 6.03709e-06 -51.4246 
78.0776 -25.4529 482.784 161.944 0.000306144 146.68 
77.9282 -25.9275 482.79 161.597 0.000606142 147.076 
77.7773 -26.4017 482.797 161.25 0.000706141 147.472 
77.6265 -26.8757 482.806 -19.0968 0.000193861 -32.132 
77.473 -27.349 482.816 -19.4437 0.000193861 -31.736 
77.3238 -27.8237 482.822 -19.7904 0.000393859 -31.34 
77.1719 -28.2974 482.83 159.863 0.000506142 149.055 
77.0201 -28.7712 482.839 159.517 0.000206142 149.45 
76.8711 -29.246 482.844 159.17 0.00080614 149.846 
76.718 -29.7192 482.855 -21.1755 0.000693859 -29.759 
76.5665 -30.1931 482.863 -21.5212 0.000193857 -29.365 
76.4191 -30.6687 482.867 158.133 0.00010614 151.03 
76.265 -31.1415 482.877 157.788 0.000306139 151.424 
76.1151 -31.616 482.884 157.443 0.000506142 151.818 
75.9639 -32.09 482.891 157.099 0.000506142 152.211 
75.8129 -32.5639 482.901 -23.245 0.000593858 -27.396 
75.6633 -33.0387 482.906 156.411 0.00020614 152.997 
75.5125 -33.5128 482.913 156.068 0.000906141 153.389 
75.3618 -33.9871 482.921 155.725 0.000506142 153.781 
75.2098 -34.4607 482.93 0 6.15665e-06 -50.445 
75.0566 -34.9338 482.94 -24.9588 0.000693858 -25.437 
74.9064 -35.4081 482.947 -25.3 0.000493859 -25.047 
74.7549 -35.882 482.955 -25.6408 0.000393857 -24.657 
74.6063 -36.3571 482.96 154.019 0.000506142 155.732 
74.4537 -36.8305 482.97 -26.3205 0.00069386 -23.88 
74.3028 -37.3046 482.977 -26.6595 9.3853e-05 -23.492 
74.152 -37.7787 482.985 -26.9978 0.000593858 -23.104 
74.0027 -38.2537 482.99 152.665 0.00080614 157.282 
73.8496 -38.7267 483 -27.6725 9.38608e-05 -22.332 
