108.464 -137.03 483.785 -51.6373 0.000293858 96.6235 
108.461 -137.032 483.785 -51.6383 0.000393859 96.6235 
108.456 -137.034 483.784 128.36 0.000406141 -83.3765 
108.445 -137.033 483.785 128.357 0.000106143 -83.3765 
108.438 -137.039 483.784 -51.6458 0.000393858 96.6235 
108.423 -137.039 483.785 128.35 0.000206143 -83.3765 
108.407 -137.042 483.785 -51.6543 0.000393861 96.6235 
108.392 -137.05 483.783 128.34 0.000906141 -83.3766 
108.373 -137.055 483.782 128.334 0.000106143 -83.3766 
108.348 -137.056 483.784 -51.6724 0.00069386 96.6234 
108.324 -137.063 483.783 -51.6798 0.000693861 96.6233 
108.298 -137.07 483.782 128.312 0.000306138 -83.3767 
108.267 -137.075 483.782 -51.6969 0.000893859 96.6233 
108.238 -137.084 483.781 -51.7064 9.38569e-05 96.6232 
108.203 -137.091 483.781 -51.7167 0.000393859 96.6232 
108.166 -137.098 483.781 -51.7277 0.000793859 96.6231 
108.126 -137.106 483.78 -51.7395 0.000293859 96.6231 
108.086 -137.116 483.779 -51.7519 0.000893859 96.6231 
108.044 -137.127 483.778 -51.765 0.000593858 96.623 
107.999 -137.138 483.777 -51.7789 0.000293859 96.623 
107.952 -137.15 483.775 128.207 0.000806141 -83.377 
107.9 -137.16 483.775 -51.8088 9.38491e-05 96.6229 
107.85 -137.174 483.773 128.175 0.000806141 -83.3771 
107.794 -137.187 483.773 -51.8415 0.000293861 96.6229 
107.736 -137.198 483.772 128.141 0.000506142 -83.3772 
107.676 -137.212 483.771 128.123 0.000206143 -83.3772 
107.615 -137.226 483.77 -51.8959 0.000193865 96.6228 
107.551 -137.242 483.769 128.085 0.000306142 -83.3772 
107.482 -137.253 483.769 -51.9358 0.000293859 96.6228 
107.415 -137.271 483.767 128.043 0.00010614 -83.3772 
107.345 -137.29 483.765 128.021 0.000306141 -83.3772 
107.27 -137.304 483.764 127.999 0.000506142 -83.3772 
107.194 -137.321 483.763 -52.0242 0.00049386 96.6228 
107.115 -137.338 483.762 -52.0481 0.000493858 96.6229 
107.034 -137.357 483.761 -52.0728 0.00059386 96.6229 
106.951 -137.375 483.759 127.902 0.00020614 -83.377 
106.867 -137.396 483.758 -52.1242 9.38569e-05 96.6231 
106.78 -137.417 483.755 127.849 0.000506142 -83.3769 
106.688 -137.435 483.755 0 6.09716e-06 44.4446 
106.597 -137.458 483.752 127.793 0.00050614 -83.3766 
106.502 -137.478 483.751 -52.2358 0.000193859 96.6235 
106.408 -137.505 483.748 127.735 0.000106136 -83.3764 
106.308 -137.526 483.747 127.704 0.000306139 -83.3762 
106.206 -137.549 483.745 127.673 0.000306143 -83.376 
106.102 -137.573 483.743 127.641 0.000306144 -83.3758 
105.997 -137.598 483.741 127.608 0.000206143 -83.3756 
105.885 -137.619 483.741 127.575 0.000106136 -83.3753 
105.776 -137.647 483.738 -52.4593 0.000193863 96.625 
105.661 -137.67 483.737 -52.4941 0.000593859 96.6253 
105.547 -137.699 483.734 0 6.15665e-06 44.0959 
105.428 -137.725 483.733 -52.5661 0.00049386 96.6259 
105.306 -137.751 483.731 -52.6032 0.000193857 96.6263 
105.184 -137.779 483.729 -52.641 0.000893859 96.6267 
105.059 -137.807 483.727 -52.6796 0.00069386 96.6272 
104.932 -137.837 483.724 -52.7189 0.00059386 96.6277 
104.803 -137.868 483.722 -52.7589 0.000493858 96.6282 
104.672 -137.899 483.719 127.2 0.00040614 -83.3713 
104.536 -137.927 483.718 -52.8413 0.000693859 96.6293 
104.401 -137.96 483.714 0 6.09716e-06 43.7463 
104.26 -137.99 483.713 -52.9267 0.000293861 96.6306 
104.122 -138.026 483.709 127.03 0.000306139 -83.3687 
103.977 -138.058 483.707 -53.0151 0.000193861 96.632 
103.831 -138.09 483.705 126.94 0.000306139 -83.3672 
103.683 -138.125 483.702 -53.1065 0.000393861 96.6337 
103.532 -138.16 483.699 -53.1533 0.000193863 96.6346 
103.38 -138.196 483.696 0 6.21557e-06 43.4346 
103.222 -138.228 483.695 -53.2493 0.000893859 96.6365 
103.065 -138.265 483.692 126.702 0.000106136 -83.3625 
102.908 -138.304 483.688 0 6.03709e-06 43.2903 
102.743 -138.339 483.686 -53.399 0.000193859 96.6397 
102.577 -138.375 483.684 -53.4504 0.000393858 96.6409 
102.413 -138.417 483.679 126.497 0.00020614 -83.3578 
102.243 -138.455 483.677 -53.5556 0.000193859 96.6435 
102.071 -138.493 483.674 126.391 0.000306142 -83.3551 
101.898 -138.534 483.671 -53.6639 0.000293859 96.6463 
101.721 -138.574 483.668 0 6.15665e-06 42.9286 
101.543 -138.616 483.664 126.225 0.000306141 -83.3506 
101.36 -138.654 483.663 -53.8322 0.00059386 96.651 
101.177 -138.697 483.659 126.11 0.000506142 -83.3473 
100.993 -138.742 483.655 126.052 0.000506141 -83.3455 
100.803 -138.782 483.652 125.993 0.000406141 -83.3436 
100.612 -138.824 483.65 -54.0675 0.000693858 96.6583 
100.422 -138.872 483.645 0 6.21557e-06 42.532 
100.226 -138.915 483.642 -54.1899 0.000293859 96.6624 
100.028 -138.959 483.639 125.748 0.000306141 -83.3354 
99.8281 -139.005 483.636 -54.3155 0.000193859 96.6669 
99.6257 -139.051 483.632 125.621 0.000206143 -83.3308 
99.4223 -139.099 483.629 -54.4443 0.000393858 96.6717 
99.2163 -139.146 483.625 -54.5098 0.000193857 96.6742 
99.0081 -139.195 483.62 0 6.09716e-06 42.1006 
98.7937 -139.239 483.618 125.357 0.000206142 -83.3205 
98.5815 -139.291 483.614 125.289 0.00020614 -83.3177 
98.364 -139.338 483.611 -54.7803 0.000793858 96.6852 
98.1473 -139.39 483.606 0 6.03709e-06 41.8383 
97.925 -139.439 483.603 -54.9204 9.38608e-05 96.6914 
97.7044 -139.493 483.598 125.008 0.000606143 -83.3054 
97.4782 -139.543 483.594 124.936 0.000206143 -83.3021 
97.25 -139.595 483.591 -55.1366 0.000193861 96.7013 
97.0189 -139.646 483.587 124.79 0.000306142 -83.2951 
96.7869 -139.699 483.583 -55.2849 0.000193861 96.7085 
96.5519 -139.753 483.579 124.64 0.00010614 -83.2877 
96.315 -139.807 483.575 124.564 0.000406141 -83.2838 
96.0767 -139.864 483.57 -55.5136 0.000393859 96.7202 
95.8357 -139.92 483.566 -55.5915 0.000193857 96.7243 
95.5885 -139.971 483.563 -55.6702 9.38491e-05 96.7286 
95.3434 -140.029 483.558 -55.7498 9.38608e-05 96.733 
95.0963 -140.089 483.553 -55.8302 0.000193859 96.7375 
94.8431 -140.143 483.55 -55.9114 0.000293858 96.7421 
94.5911 -140.203 483.545 124.007 0.000506139 -83.2531 
94.3335 -140.259 483.541 123.924 0.000206143 -83.2482 
94.0782 -140.322 483.536 -56.1603 9.3853e-05 96.7569 
93.816 -140.378 483.532 123.755 0.000406141 -83.2379 
93.5524 -140.437 483.528 0 6.21557e-06 40.437 
93.29 -140.502 483.522 123.583 0.000406142 -83.2271 
93.0223 -140.563 483.517 -56.504 0.000193861 96.7786 
92.7516 -140.623 483.513 123.408 0.000206138 -83.2157 
92.4787 -140.684 483.509 123.319 0.00040614 -83.2097 
92.2047 -140.748 483.504 -56.7709 0.000393858 96.7964 
91.9278 -140.811 483.499 -56.8616 0.000193859 96.8026 
91.6486 -140.874 483.494 -56.9532 9.38608e-05 96.809 
91.3675 -140.939 483.489 -57.0456 9.3853e-05 96.8156 
91.0842 -141.005 483.484 -57.1389 9.38685e-05 96.8223 
90.7979 -141.07 483.479 122.767 0.00080614 -83.1707 
90.5103 -141.137 483.474 122.672 0.000606141 -83.1637 
90.2172 -141.2 483.47 -57.4242 0.000593858 96.8436 
89.9244 -141.268 483.465 122.479 0.000106136 -83.149 
89.6304 -141.337 483.459 -57.6188 0.000193861 96.8586 
89.3302 -141.401 483.455 -57.7174 0.000593859 96.8664 
89.0308 -141.472 483.449 0 6.03709e-06 39.0573 
88.7295 -141.542 483.443 122.083 0.000506141 -83.1175 
88.4227 -141.609 483.44 0 6.15665e-06 38.8721 
88.1167 -141.681 483.433 121.879 0.000406141 -83.1006 
87.8088 -141.754 483.427 121.776 0.000806141 -83.0919 
87.4955 -141.823 483.423 121.672 0.000106136 -83.083 
87.1829 -141.897 483.416 121.567 0.000306142 -83.0739 
86.865 -141.968 483.412 -58.539 0.000393859 96.9354 
86.5475 -142.042 483.405 121.354 0.00070614 -83.0551 
86.2251 -142.114 483.401 -58.7534 9.3853e-05 96.9546 
85.9027 -142.19 483.394 121.138 0.00100614 -83.0355 
85.576 -142.263 483.389 0 6.15665e-06 38.0031 
85.2461 -142.335 483.384 0 6.15665e-06 37.9029 
84.9178 -142.414 483.378 0 6.03709e-06 37.8021 
84.5834 -142.488 483.373 -59.3058 9.38569e-05 97.0063 
84.25 -142.567 483.366 120.581 0.000806141 -82.9827 
83.9117 -142.643 483.361 -59.5332 0.000293858 97.0286 
83.5705 -142.718 483.356 -59.6483 0.000493861 97.04 
83.2299 -142.799 483.349 120.236 0.000306141 -82.9484 
82.884 -142.876 483.343 0 6.09716e-06 37.1821 
82.539 -142.958 483.336 120.001 0.000806141 -82.9243 
82.1892 -143.036 483.331 -60.1182 0.000493859 97.088 
81.8362 -143.115 483.326 -60.2381 0.000893859 97.1006 
81.4842 -143.198 483.319 -60.3588 0.000193861 97.1134 
81.1265 -143.277 483.313 -60.4806 0.00059386 97.1265 
80.7695 -143.362 483.306 0 6.21557e-06 36.5365 
80.4074 -143.442 483.301 -60.7269 0.000393859 97.1534 
80.0457 -143.528 483.293 119.149 0.000106133 -82.8328 
79.6786 -143.609 483.288 -60.9771 0.00039386 97.1812 
79.3122 -143.695 483.281 118.896 0.000206138 -82.8045 
78.9404 -143.777 483.276 -61.2311 0.000293859 97.2101 
78.569 -143.864 483.268 118.64 0.000106136 -82.7751 
78.1925 -143.947 483.263 -61.489 0.000393858 97.2399 
77.8161 -144.035 483.256 118.381 0.000106143 -82.7447 
77.4377 -144.123 483.248 118.249 0.000506141 -82.7292 
77.0537 -144.207 483.243 0 6.15665e-06 35.4035 
76.6703 -144.296 483.236 117.984 0.00040614 -82.6972 
76.2848 -144.387 483.228 -62.1509 0.000193861 97.3192 
75.8964 -144.477 483.221 117.714 0.000306142 -82.6642 
75.5029 -144.561 483.216 -62.4224 0.000293858 97.3528 
75.1094 -144.652 483.209 117.44 0.00010614 -82.6301 
74.7141 -144.743 483.202 -62.698 0.000493859 97.3874 
74.3158 -144.834 483.195 0 6.15665e-06 34.568 
73.9157 -144.926 483.188 -62.9774 0.000593859 97.4232 
73.5122 -145.018 483.182 -63.1187 9.3853e-05 97.4415 
73.107 -145.11 483.175 -63.2609 0.000693859 97.4601 
72.6986 -145.202 483.168 -63.4041 0.000193859 97.4789 
72.2911 -145.3 483.159 116.452 0.000306138 -82.5019 
71.8782 -145.393 483.153 -63.6935 0.000193861 97.5175 
71.4627 -145.486 483.146 -63.8398 0.000693859 97.5373 
71.0474 -145.585 483.138 -63.987 9.38608e-05 97.5573 
70.627 -145.678 483.131 -64.1352 0.000593858 97.5776 
70.2066 -145.777 483.123 0 6.27393e-06 33.3138 
69.781 -145.87 483.117 -64.4346 0.000293861 97.6191 
69.3553 -145.969 483.109 115.414 0.000306143 -82.3597 
68.9278 -146.069 483.101 0 6.15665e-06 32.9236 
68.4943 -146.163 483.095 -64.8914 0.000293857 97.6835 
68.0617 -146.263 483.088 -65.0456 0.000493859 97.7056 
67.6262 -146.363 483.08 -65.2009 0.000793858 97.728 
67.1881 -146.462 483.073 -65.3572 0.000893859 97.7506 
66.7499 -146.568 483.063 -65.5145 9.38646e-05 97.7736 
66.3067 -146.667 483.056 -65.6728 9.38608e-05 97.7969 
65.8608 -146.767 483.049 -65.8321 0.000193857 97.8205 
65.4145 -146.872 483.04 114.008 0.00080614 -82.1557 
64.964 -146.972 483.033 -66.1538 9.38646e-05 97.8685 
64.5131 -147.078 483.025 0 6.27393e-06 31.5768 
64.0571 -147.178 483.019 -66.4796 0.000793858 97.9178 
63.6009 -147.283 483.01 -66.644 0.000493858 97.9429 
63.1421 -147.388 483.002 -66.8094 0.000193857 97.9683 
62.6803 -147.493 482.994 113.024 0.000106146 -82.006 
62.2167 -147.599 482.987 -67.1433 0.00039386 98.02 
61.7526 -147.71 482.977 112.688 0.000106136 -81.9537 
61.2844 -147.814 482.97 -67.4809 0.000293859 98.0728 
60.816 -147.918 482.963 -67.6501 0.000593857 98.0996 
60.3492 -148.025 482.954 112.181 0.000306142 -81.8735 
59.8824 -148.133 482.946 112.011 0.000306141 -81.8465 
59.4152 -148.239 482.938 111.841 0.000406141 -81.8193 
58.9479 -148.346 482.93 -68.3287 0.000393859 98.2081 
58.4822 -148.457 482.92 0 6.21557e-06 29.7368 
58.014 -148.561 482.914 -68.669 0.00049386 98.2633 
57.5475 -148.669 482.905 111.161 0.000106143 -81.7089 
57.081 -148.777 482.896 -69.0098 9.38608e-05 98.3191 
56.6133 -148.883 482.888 110.82 0.000806142 -81.6528 
56.1464 -148.99 482.88 -69.3512 0.000193861 98.3755 
55.6782 -149.094 482.873 0 6.15665e-06 28.8817 
55.2125 -149.204 482.864 110.307 0.000306141 -81.5676 
54.744 -149.307 482.857 -69.8644 0.000293859 98.4611 
54.2769 -149.415 482.849 109.964 0.000306142 -81.5101 
53.8101 -149.522 482.84 0 6.21557e-06 28.3116 
53.3427 -149.629 482.832 -70.3788 0.000193859 98.5479 
52.8749 -149.733 482.825 -70.5505 0.000193856 98.5771 
52.4092 -149.844 482.816 -70.7223 9.38646e-05 98.6064 
51.9405 -149.946 482.809 109.106 0.000206142 -81.3642 
51.4741 -150.056 482.8 -71.0663 0.000393858 98.6653 
51.0071 -150.162 482.792 108.762 0.000106146 -81.305 
50.5398 -150.269 482.784 -71.4107 0.000193857 98.7247 
50.0721 -150.374 482.777 -71.5831 0.000393859 98.7545 
49.6061 -150.484 482.767 108.245 0.000506142 -81.2155 
49.1379 -150.588 482.76 -71.9281 0.000393858 98.8145 
48.6712 -150.696 482.752 -72.1008 9.3853e-05 98.8447 
48.2042 -150.803 482.743 107.727 0.000206143 -81.1251 
47.737 -150.91 482.736 -72.4464 0.000193857 98.9052 
47.2696 -151.016 482.728 -72.6193 0.000593858 98.9356 
46.8035 -151.126 482.718 107.208 0.00020614 -81.0339 
46.3352 -151.229 482.712 107.035 0.000206136 -81.0033 
45.8688 -151.337 482.703 106.862 0.000306142 -80.9727 
45.4017 -151.445 482.694 106.688 0.000506142 -80.942 
44.9347 -151.552 482.686 -73.4851 9.38608e-05 99.0888 
44.4669 -151.657 482.679 106.342 0.000406142 -80.8803 
43.9992 -151.762 482.672 106.168 0.00010614 -80.8494 
43.5331 -151.872 482.662 -74.0054 9.38608e-05 99.1816 
43.0647 -151.974 482.656 -74.1789 9.38569e-05 99.2126 
42.5976 -152.082 482.647 0 6.27393e-06 24.8911 
42.1309 -152.189 482.64 -74.5262 0.000693859 99.2748 
41.6633 -152.294 482.632 -74.6999 0.000293861 99.306 
41.1971 -152.405 482.622 105.126 0.00020614 -80.6628 
40.7291 -152.509 482.615 -75.0475 9.38646e-05 99.3685 
40.2628 -152.618 482.606 -75.2213 0.000193861 99.3998 
39.7959 -152.726 482.598 -75.3952 0.000193863 99.4312 
39.3287 -152.833 482.59 -75.5691 9.38646e-05 99.4625 
38.8612 -152.938 482.582 104.257 0.00020614 -80.506 
38.3936 -153.043 482.575 -75.917 0.000293857 99.5254 
37.9274 -153.153 482.565 103.909 0.000306142 -80.4432 
37.4592 -153.256 482.559 0 6.15665e-06 23.3234 
36.9924 -153.364 482.55 -76.4389 9.38569e-05 99.6198 
36.5251 -153.471 482.542 -76.613 9.38569e-05 99.6513 
36.0578 -153.576 482.534 103.213 0.000106136 -80.3172 
35.5918 -153.688 482.525 103.039 0.000506141 -80.2857 
35.1239 -153.792 482.518 -77.1351 9.38608e-05 99.7459 
34.6573 -153.901 482.509 102.691 0.000606141 -80.2226 
34.1891 -154.003 482.503 -77.4832 0.000593859 99.8089 
33.7222 -154.111 482.494 -77.6572 0.000693859 99.8404 
33.2549 -154.216 482.487 -77.8312 0.00059386 99.8719 
32.7885 -154.327 482.477 101.995 0.000606141 -80.0966 
32.3209 -154.431 482.47 0 6.15665e-06 21.7557 
31.8541 -154.54 482.461 101.647 0.000506141 -80.0337 
31.3864 -154.643 482.454 -78.5271 0.000793859 99.9978 
30.9189 -154.749 482.446 0 6.15665e-06 21.3281 
30.4531 -154.863 482.436 0 6.09716e-06 21.1855 
29.9857 -154.968 482.428 100.951 0.000106143 -79.9081 
29.5182 -155.072 482.421 -79.2226 0.000593859 100.123 
29.0515 -155.182 482.412 -79.3964 0.000193859 100.155 
28.5834 -155.284 482.406 -79.5702 0.000593857 100.186 
28.1164 -155.391 482.398 -79.7439 0.000893859 100.217 
27.6491 -155.496 482.39 0 6.21557e-06 20.3305 
27.1827 -155.609 482.38 0 6.09716e-06 20.1879 
26.7152 -155.712 482.373 99.7353 0.000106146 -79.6899 
26.2485 -155.822 482.363 99.5618 0.000406141 -79.6589 
25.7807 -155.924 482.357 -80.6116 9.38608e-05 100.372 
25.3137 -156.033 482.349 -80.785 0.000493859 100.403 
24.8466 -156.139 482.341 -80.9583 0.000693859 100.434 
24.3793 -156.245 482.333 -81.1315 0.000893859 100.464 
23.9125 -156.355 482.324 98.6953 0.00020614 -79.505 
23.4449 -156.459 482.317 -81.4778 0.00059386 100.526 
22.978 -156.567 482.308 -81.6508 0.000293858 100.556 
22.511 -156.674 482.3 98.1763 0.00020614 -79.4136 
22.044 -156.782 482.292 -81.9965 0.000193861 100.617 
21.5766 -156.887 482.284 -82.1693 0.000393858 100.647 
21.1092 -156.992 482.277 -82.3419 0.000493859 100.677 
20.6423 -157.101 482.267 97.4855 0.000506142 -79.2929 
20.1756 -157.21 482.258 97.3131 0.000706141 -79.263 
19.7078 -157.313 482.252 -82.8593 0.000893858 100.767 
19.2408 -157.419 482.244 -83.0315 0.00039386 100.797 
18.7741 -157.531 482.234 96.7963 0.00020614 -79.1738 
18.3069 -157.636 482.227 0 6.03709e-06 17.48 
17.8394 -157.739 482.22 -83.5476 9.38608e-05 100.885 
17.3723 -157.849 482.211 -83.7195 9.38608e-05 100.914 
16.9055 -157.957 482.202 96.1089 0.000106143 -79.0564 
16.4383 -158.064 482.194 95.9373 0.000506142 -79.0273 
15.971 -158.17 482.186 -84.2342 9.38608e-05 101.002 
15.5037 -158.276 482.179 -84.4055 0.00049386 101.03 
15.0363 -158.38 482.172 -84.5767 0.000693859 101.059 
14.5694 -158.488 482.163 95.2523 0.00020614 -78.9124 
14.1025 -158.597 482.154 95.0814 0.000206145 -78.884 
13.6353 -158.704 482.146 94.9106 0.000306141 -78.8558 
13.1682 -158.81 482.138 94.74 0.000606141 -78.8277 
12.7009 -158.916 482.13 94.5695 0.000106143 -78.7997 
12.2334 -159.02 482.123 -85.6009 0.000393861 101.228 
11.7667 -159.129 482.114 94.229 0.000306139 -78.7442 
11.2995 -159.238 482.105 94.0589 0.00020614 -78.7167 
10.8324 -159.346 482.097 93.889 0.000106143 -78.6894 
10.3653 -159.453 482.089 93.7193 0.000206142 -78.6622 
9.89818 -159.558 482.081 93.5498 0.000506142 -78.6351 
9.43092 -159.663 482.074 -86.6196 0.000193857 101.392 
8.96401 -159.773 482.065 93.2112 0.000306139 -78.5816 
8.49651 -159.875 482.058 -86.9579 9.38608e-05 101.445 
8.0294 -159.984 482.05 -87.1268 0.000293861 101.471 
7.5623 -160.091 482.042 -87.2955 0.000393859 101.498 
7.09519 -160.197 482.034 -87.464 0.000393858 101.524 
6.6278 -160.301 482.026 -87.6324 0.000293859 101.549 
6.16099 -160.412 482.017 0 6.09716e-06 13.7745 
5.69366 -160.515 482.01 -87.9685 0.000693859 101.601 
5.22653 -160.623 482.002 -88.1363 9.38569e-05 101.626 
4.75943 -160.731 481.993 -88.3039 0.000493861 101.651 
4.29226 -160.836 481.985 91.5287 0.000206142 -78.3243 
3.82515 -160.943 481.978 -88.6385 0.000893859 101.7 
3.35811 -161.052 481.968 91.1945 0.000106146 -78.2751 
2.89066 -161.157 481.961 -88.9724 0.000793859 101.749 
2.42354 -161.264 481.953 90.861 0.000506142 -78.2267 
1.95643 -161.373 481.944 -89.3054 0.000193859 101.797 
1.48925 -161.479 481.936 90.5284 0.000306144 -78.1792 
1.02234 -161.585 481.928 -89.6375 9.38608e-05 101.844 
0.555098 -161.69 481.921 -89.8033 0.000393857 101.868 
0.0878286 -161.799 481.912 90.0311 0.000406141 -78.1094 
-0.379211 -161.903 481.905 -90.1342 0.000593858 101.913 
-0.846314 -162.011 481.896 -90.2993 0.00059386 101.936 
-1.31348 -162.119 481.888 -90.4642 0.00039386 101.958 
-1.7807 -162.224 481.88 -90.6289 9.38569e-05 101.981 
-2.24771 -162.33 481.873 -90.7933 0.000693859 102.002 
-2.71488 -162.441 481.863 -90.9575 0.000193859 102.024 
-3.18202 -162.544 481.857 -91.1215 0.000593861 102.046 
-3.64934 -162.652 481.848 88.7147 0.000106136 -77.9332 
-4.11649 -162.76 481.839 0 6.09716e-06 10.639 
-4.58371 -162.867 481.831 -91.6121 9.38646e-05 102.109 
-5.05073 -162.973 481.823 -91.7751 9.38608e-05 102.129 
-5.51782 -163.077 481.816 88.0621 0.00010614 -77.8507 
-5.98496 -163.188 481.807 87.8996 0.000306141 -77.8307 
-6.45197 -163.291 481.8 -92.2627 0.000293858 102.189 
-6.9193 -163.399 481.792 87.5752 0.000206143 -77.7913 
-7.3865 -163.507 481.783 -92.5866 0.000293858 102.228 
-7.85344 -163.613 481.775 87.2519 0.000406142 -77.753 
-8.32054 -163.718 481.767 87.0906 0.000106143 -77.7343 
-8.78812 -163.83 481.758 0 6.15665e-06 9.2138 
-9.25513 -163.933 481.751 -93.2313 9.38569e-05 102.303 
-9.72236 -164.043 481.742 0 6.09716e-06 8.9287 
-10.1891 -164.145 481.736 -93.552 0.00089386 102.338 
-10.6562 -164.252 481.728 -93.712 0.00059386 102.356 
-11.1235 -164.357 481.72 -93.8718 0.000293862 102.373 
-11.5908 -164.469 481.71 85.9688 0.000106143 -77.6101 
-12.0578 -164.574 481.703 -94.1904 0.000293858 102.407 
-12.5251 -164.683 481.694 85.6507 0.000306141 -77.577 
-12.992 -164.785 481.687 0 6.09716e-06 7.9311 
-13.4594 -164.893 481.679 -94.6664 0.000293858 102.455 
-13.9265 -165.001 481.67 -94.8245 0.00039386 102.471 
-14.3935 -165.106 481.663 -94.9823 0.00039386 102.486 
-14.8609 -165.217 481.653 84.8602 0.000606141 -77.4992 
-15.328 -165.322 481.646 -95.2971 0.000193856 102.516 
-15.7948 -165.424 481.639 0 6.15665e-06 7.0759 
-16.2621 -165.533 481.63 84.3892 0.000306142 -77.4558 
-16.7295 -165.642 481.622 -95.7672 0.000393858 102.558 
-17.1965 -165.748 481.614 84.0767 0.000106143 -77.4283 
-17.6635 -165.854 481.606 -96.0791 0.000393859 102.585 
-18.1307 -165.96 481.598 -96.2347 0.000793858 102.598 
-18.5981 -166.07 481.589 -96.3899 9.38646e-05 102.611 
-19.0649 -166.173 481.582 -96.5449 0.000293861 102.623 
-19.5321 -166.282 481.574 -96.6995 0.000493858 102.635 
-19.9994 -166.388 481.565 83.1461 0.00050614 -77.3528 
-20.4666 -166.495 481.557 82.992 0.000506143 -77.3413 
-20.9336 -166.602 481.549 -97.1617 0.000493859 102.67 
-21.4006 -166.707 481.542 -97.3152 0.000393858 102.681 
-21.8683 -166.817 481.532 -97.4684 0.000193857 102.692 
-22.3347 -166.92 481.526 82.3788 0.000106136 -77.2981 
-22.8024 -167.03 481.517 -97.7738 0.000493858 102.712 
-23.2695 -167.137 481.509 -97.926 9.38569e-05 102.722 
-23.7367 -167.243 481.5 81.922 0.000306138 -77.2689 
-24.2037 -167.35 481.493 -98.2296 9.3853e-05 102.74 
-24.6706 -167.455 481.485 -98.3809 0.000493859 102.749 
-25.1385 -167.565 481.476 81.468 0.000106136 -77.2425 
-25.6051 -167.668 481.469 -98.6827 0.000193859 102.766 
-26.0727 -167.778 481.46 -98.8331 0.000393859 102.774 
-26.5396 -167.885 481.452 81.0169 0.00050614 -77.2189 
-27.0069 -167.992 481.444 80.8671 0.000406141 -77.2116 
-27.4738 -168.098 481.435 80.7177 0.000306142 -77.2047 
-27.9409 -168.203 481.428 80.5685 0.000306139 -77.1981 
-28.4078 -168.309 481.421 -99.5803 0.000593859 102.808 
-28.8753 -168.418 481.411 80.2712 0.00050614 -77.1858 
-29.3419 -168.521 481.405 -99.877 0.000293861 102.82 
-29.8097 -168.629 481.396 -100.025 9.3853e-05 102.825 
-30.2753 -168.736 481.388 79.828 0.00020614 -77.1698 
-30.7449 -168.843 481.38 -100.32 0.000493858 102.835 
-31.209 -168.948 481.372 -100.466 9.3853e-05 102.839 
-31.6783 -169.059 481.363 79.387 0.000306142 -77.1567 
-32.1442 -169.164 481.356 -100.759 0.000193857 102.847 
-32.6121 -169.273 481.347 79.095 0.000306144 -77.1496 
-33.0796 -169.375 481.34 -101.051 9.38608e-05 102.854 
-33.5463 -169.483 481.332 -101.196 0.000493859 102.856 
-34.0134 -169.589 481.324 78.659 0.000206136 -77.1414 
-34.4817 -169.695 481.316 -101.486 0.000193857 102.861 
-34.9489 -169.807 481.306 78.37 0.000606141 -77.1376 
-35.4157 -169.911 481.299 78.226 0.000306142 -77.1361 
-35.8819 -170.022 481.29 78.083 0.00020614 -77.135 
-36.3502 -170.124 481.283 0 6.15665e-06 0.804703 
-36.8179 -170.232 481.275 -102.204 9.38569e-05 102.866 
-37.2834 -170.34 481.266 -102.346 0.000193861 102.866 
-37.7527 -170.446 481.259 -102.489 0.000193863 102.866 
-38.2167 -170.552 481.251 -102.63 0.000293859 102.865 
-38.6845 -170.657 481.243 -102.772 0.000193859 102.865 
-39.1518 -170.768 481.234 -102.913 0.000193859 102.863 
-39.6182 -170.87 481.227 -103.054 9.38608e-05 102.862 
-40.087 -170.979 481.218 0 6.27393e-06 -0.335197 
-40.5536 -171.087 481.21 76.665 0.000106146 -77.1425 
-41.021 -171.194 481.202 76.525 0.000306139 -77.1451 
-41.4892 -171.3 481.194 76.385 0.000506143 -77.148 
-41.9555 -171.406 481.186 -103.754 0.000293859 102.849 
-42.4223 -171.51 481.178 -103.893 9.38608e-05 102.845 
-42.8886 -171.621 481.169 75.969 0.000206143 -77.1588 
-43.3572 -171.724 481.163 -104.17 0.000493859 102.837 
-43.8251 -171.833 481.154 -104.308 0.000193859 102.832 
-44.2908 -171.941 481.145 75.555 0.000106136 -77.1727 
-44.7573 -172.047 481.137 75.418 0.000506142 -77.178 
-45.2249 -172.154 481.129 -104.719 9.38569e-05 102.816 
-45.6929 -172.259 481.122 75.144 0.00020614 -77.1896 
-46.159 -172.364 481.114 -104.992 0.00039386 102.804 
-46.6276 -172.474 481.105 74.872 0.000106136 -77.2026 
-47.0922 -172.578 481.098 -105.263 0.000493859 102.79 
-47.5593 -172.687 481.089 -105.398 9.38608e-05 102.783 
-48.0272 -172.794 481.081 74.467 0.00040614 -77.2247 
-48.4962 -172.901 481.073 -105.668 9.38608e-05 102.767 
-48.9626 -173.007 481.065 74.198 0.000406141 -77.2411 
-49.4302 -173.113 481.057 -105.936 9.38646e-05 102.75 
-49.8955 -173.219 481.05 -106.069 0.00059386 102.741 
-50.3633 -173.329 481.041 -106.202 9.3853e-05 102.732 
-50.8302 -173.432 481.033 -106.335 0.000593859 102.722 
-51.2995 -173.54 481.025 -106.468 9.38646e-05 102.712 
-51.7667 -173.648 481.016 73.4 0.00050614 -77.2986 
-52.232 -173.757 481.008 0 6.03709e-06 -4.0403 
-52.7007 -173.862 481 73.137 0.00050614 -77.3205 
-53.1675 -173.968 480.992 73.006 0.000106146 -77.3319 
-53.6351 -174.073 480.985 -107.125 0.000393858 102.656 
-54.1023 -174.184 480.975 72.745 0.000206138 -77.3559 
-54.5685 -174.288 480.968 -107.385 0.000293859 102.632 
-55.0372 -174.397 480.96 72.485 0.000306143 -77.3812 
-55.5019 -174.499 480.953 -107.644 0.000193861 102.606 
-55.9696 -174.607 480.944 -107.773 0.000593859 102.592 
-56.4376 -174.713 480.936 -107.902 9.38608e-05 102.578 
-56.9038 -174.82 480.928 -108.03 0.000493859 102.564 
-57.3727 -174.932 480.919 0 6.15665e-06 -5.6086 
-57.837 -175.037 480.911 71.715 0.000506139 -77.4655 
-58.3055 -175.14 480.904 0 6.15665e-06 -5.8937 
-58.7737 -175.249 480.895 71.46 0.000606142 -77.4963 
-59.2381 -175.354 480.888 -108.666 0.000893859 102.488 
-59.7079 -175.461 480.88 -108.793 0.000393861 102.472 
-60.1723 -175.569 480.872 71.082 0.000106143 -77.5451 
-60.641 -175.676 480.863 -109.044 0.000493858 102.438 
-61.107 -175.781 480.856 0 6.09716e-06 -6.7484 
-61.5742 -175.887 480.848 -109.294 0.000493858 102.403 
-62.0442 -175.998 480.839 -109.419 9.38608e-05 102.385 
-62.5098 -176.102 480.831 -109.543 0.00069386 102.367 
-62.9783 -176.211 480.823 -109.667 0.000193861 102.348 
-63.4424 -176.315 480.816 -109.79 0.000793859 102.329 
-63.9094 -176.423 480.807 -109.913 0.00039386 102.31 
-64.3771 -176.529 480.799 -110.036 9.38608e-05 102.29 
-64.8456 -176.635 480.791 69.841 0.000306141 -77.73 
-65.3123 -176.742 480.783 -110.281 0.000393857 102.25 
-65.7814 -176.852 480.773 69.597 0.000906141 -77.7711 
-66.2465 -176.958 480.766 69.476 0.000206143 -77.7921 
-66.7124 -177.063 480.759 -110.645 0.000493859 102.187 
-67.1812 -177.173 480.75 -110.766 0.000193856 102.165 
-67.6486 -177.275 480.743 -110.887 0.000993859 102.143 
-68.1154 -177.382 480.734 68.993 0.000206143 -77.8796 
-68.5839 -177.49 480.726 -111.127 0.000593857 102.098 
-69.0496 -177.598 480.718 -111.246 0.000393859 102.075 
-69.5161 -177.704 480.71 -111.365 0.000293857 102.051 
-69.9833 -177.809 480.702 -111.484 0.000193859 102.027 
-70.451 -177.921 480.693 -111.602 9.38608e-05 102.003 
-70.9166 -178.025 480.686 0 6.21557e-06 -9.7411 
-71.3858 -178.135 480.677 68.162 0.000106146 -78.0458 
-71.8529 -178.236 480.67 68.044 0.000106133 -78.0709 
-72.3205 -178.345 480.661 67.927 0.000106143 -78.0963 
-72.7889 -178.453 480.653 0 6.09716e-06 -10.312 
-73.2549 -178.561 480.645 -112.306 9.3853e-05 101.852 
-73.7217 -178.667 480.637 -112.422 0.000193856 101.826 
-74.1892 -178.773 480.629 -112.538 0.000293859 101.799 
-74.6543 -178.879 480.621 -112.653 0.000493858 101.772 
-75.1202 -178.984 480.614 -112.768 0.000693859 101.744 
-75.5892 -179.093 480.605 67.117 0.000106136 -78.2835 
-76.0566 -179.196 480.597 -112.998 0.000193857 101.688 
-76.5246 -179.305 480.589 -113.112 0.000393859 101.66 
-76.9927 -179.413 480.58 66.774 0.000206143 -78.3687 
-77.4591 -179.522 480.572 -113.339 9.38608e-05 101.602 
-77.9256 -179.628 480.564 66.548 0.000506139 -78.4271 
-78.3934 -179.735 480.556 0 6.21557e-06 -12.0219 
-78.8582 -179.84 480.548 66.323 0.000506142 -78.4869 
-79.3275 -179.945 480.54 0 6.15665e-06 -12.3073 
-79.7938 -180.057 480.532 66.099 0.000506142 -78.5479 
-80.2615 -180.16 480.524 -114.013 9.38608e-05 101.421 
-80.7292 -180.27 480.515 65.876 0.000306138 -78.6103 
-81.1952 -180.373 480.508 -114.235 0.000393858 101.358 
-81.6644 -180.48 480.5 -114.346 9.38608e-05 101.326 
-82.1312 -180.588 480.492 65.544 0.000206142 -78.7063 
-82.5987 -180.695 480.483 65.434 0.000406141 -78.7389 
-83.0639 -180.802 480.475 65.325 0.000506141 -78.7719 
-83.5303 -180.909 480.468 -114.784 0.000293861 101.195 
-83.9969 -181.014 480.46 -114.893 0.000193859 101.161 
-84.4642 -181.117 480.452 -115.002 0.000193863 101.127 
-84.9323 -181.229 480.443 -115.11 0.000193859 101.093 
-85.3978 -181.332 480.436 -115.218 0.000193859 101.059 
-85.8674 -181.441 480.427 -115.326 0.000293861 101.024 
-86.3339 -181.549 480.419 64.567 0.000506139 -79.0115 
-86.8017 -181.657 480.411 64.46 0.000406143 -79.047 
-87.2703 -181.764 480.402 64.353 0.000106143 -79.0828 
-87.7357 -181.871 480.394 64.247 0.000906141 -79.119 
-88.2026 -181.977 480.387 64.141 0.000606142 -79.1554 
-88.6701 -182.083 480.379 64.035 0.000206138 -79.1922 
-89.1383 -182.187 480.371 -116.071 0.000193857 100.771 
-89.6041 -182.292 480.363 -116.176 0.000693859 100.733 
-90.0733 -182.402 480.355 -116.281 0.000193861 100.696 
