58.4655 -87.0284 498.786 -56.1069 9.38608e-05 11.094 
58.4685 -87.0264 498.786 -56.1049 0.000293858 11.092 
58.4737 -87.023 498.785 -56.1015 0.000793859 11.089 
58.4801 -87.017 498.784 -56.0968 0.00039386 11.084 
58.4884 -87.0098 498.782 -56.0908 0.000193859 11.079 
58.4989 -87.0011 498.781 -56.0834 9.3853e-05 11.072 
58.5106 -86.9899 498.779 123.925 0.000806141 -168.937 
58.522 -86.9741 498.78 -56.0647 0.000493858 11.054 
58.5378 -86.9602 498.777 0 6.21557e-06 -45.0103 
58.5557 -86.9449 498.774 123.96 0.000306142 -168.968 
58.5754 -86.9283 498.771 123.974 0.000506141 -168.982 
58.5942 -86.9058 498.771 -56.0111 0.000493858 11.004 
58.6174 -86.8852 498.767 124.006 0.000306142 -169.012 
58.6434 -86.8645 498.762 0 6.03709e-06 -45.0052 
58.6675 -86.8368 498.762 -55.9568 0.000493857 10.953 
58.6967 -86.8121 498.757 -55.936 0.000193856 10.934 
58.7242 -86.7803 498.755 0 6.15665e-06 -45.0008 
58.7574 -86.753 498.749 -55.8904 9.38608e-05 10.891 
58.789 -86.7184 498.747 -55.8655 0.000193856 10.868 
58.8254 -86.6872 498.741 124.161 0.000406141 -169.156 
58.8609 -86.6499 498.738 -55.8119 9.38608e-05 10.818 
58.9016 -86.6158 498.732 124.217 0.000206142 -169.209 
58.9403 -86.5746 498.728 124.247 0.000306142 -169.237 
58.982 -86.5331 498.725 -55.7212 0.000693859 10.733 
59.0279 -86.4937 498.717 124.312 0.000106143 -169.297 
59.0726 -86.4483 498.713 -55.6541 0.000193861 10.67 
59.1194 -86.4015 498.708 -55.6185 0.000693857 10.637 
59.1705 -86.3566 498.7 124.419 0.00060614 -169.397 
59.2214 -86.307 498.694 -55.5432 0.000293858 10.567 
59.2733 -86.2548 498.689 -55.5036 0.000293859 10.53 
59.3275 -86.2011 498.683 -55.4625 0.000393858 10.492 
59.3834 -86.1461 498.677 -55.4202 0.000693859 10.452 
59.4437 -86.0929 498.667 124.624 0.000806141 -169.589 
59.5037 -86.035 498.661 124.669 0.00020614 -169.631 
59.565 -85.9744 498.654 124.715 0.000406141 -169.674 
59.629 -85.9136 498.647 -55.2371 0.000493859 10.281 
59.6941 -85.8502 498.639 -55.188 0.000593858 10.235 
59.7604 -85.7841 498.631 124.863 0.000206143 -169.812 
59.8295 -85.7177 498.623 -55.0856 0.000193856 10.139 
59.9007 -85.6498 498.615 -55.0323 0.000793859 10.089 
59.973 -85.5794 498.607 -54.9777 0.000393857 10.038 
60.0471 -85.5075 498.598 -54.9218 0.000293859 9.986 
60.1233 -85.434 498.589 -54.8644 0.000193865 9.933 
60.2015 -85.359 498.579 -54.8057 0.000393859 9.878 
60.2816 -85.2826 498.57 -54.7456 0.00059386 9.821 
60.3627 -85.2035 498.56 0 6.15665e-06 -44.9202 
60.4467 -85.1241 498.55 -54.6214 0.000493859 9.705 
60.5318 -85.0419 498.54 -54.5572 0.000193861 9.645 
60.6189 -84.9582 498.529 0 6.09716e-06 -44.9076 
60.7078 -84.873 498.519 125.575 0.000106146 -170.479 
60.7986 -84.7863 498.508 0 6.15665e-06 -44.8984 
60.8915 -84.698 498.496 -54.2867 0.000193861 9.392 
60.9863 -84.6081 498.485 -54.2156 0.000493859 9.326 
61.082 -84.5155 498.473 125.857 0.000106136 -170.742 
61.1805 -84.4226 498.461 -54.0694 0.00049386 9.189 
61.2802 -84.3267 498.449 -53.9941 0.000193861 9.119 
61.3816 -84.2295 498.437 0 6.09716e-06 -44.8706 
61.485 -84.1305 498.424 126.16 0.00010614 -171.026 
61.5903 -84.03 498.412 0 6.15665e-06 -44.8602 
61.6974 -83.9279 498.399 -53.6795 9.38646e-05 8.825 
61.8056 -83.8228 498.385 126.403 0.00060614 -171.252 
61.9165 -83.7175 498.372 126.486 0.000306141 -171.33 
62.0283 -83.6093 498.359 126.571 0.000806142 -171.41 
62.1429 -83.5006 498.345 126.657 0.00020614 -171.49 
62.2552 -83.3847 498.335 -53.2549 0.000493859 8.428 
62.3726 -83.2715 498.321 -53.1658 0.000293861 8.344 
62.4918 -83.1566 498.307 -53.0753 9.3853e-05 8.26 
62.6129 -83.0401 498.292 -52.9834 9.3853e-05 8.174 
62.7391 -82.9262 498.274 127.11 0.000806142 -171.913 
62.8638 -82.8062 498.259 127.205 0.00070614 -172.002 
62.9902 -82.6846 498.244 127.301 0.000406141 -172.092 
63.1185 -82.5612 498.229 127.398 0.000106133 -172.183 
63.2485 -82.436 498.214 -52.503 0.000293862 7.724 
63.3795 -82.308 498.199 127.597 0.00020614 -172.369 
63.5131 -82.1793 498.183 -52.301 0.000293857 7.536 
63.6476 -82.0477 498.168 0 6.09716e-06 -44.7589 
63.7847 -81.9155 498.152 -52.0934 0.00059386 7.341 
63.9259 -81.7847 498.133 128.013 0.00060614 -172.758 
64.0665 -81.6489 498.117 -51.8802 0.000193861 7.142 
64.2079 -81.5102 498.101 -51.7715 9.38569e-05 7.04 
64.3511 -81.3695 498.085 -51.6613 9.38646e-05 6.937 
64.5001 -81.2326 498.065 -51.5498 9.38569e-05 6.833 
64.6467 -81.0883 498.048 -51.4368 9.38569e-05 6.727 
64.7982 -80.9465 498.028 128.678 0.000806141 -173.38 
64.949 -80.7996 498.012 -51.2067 0.000393859 6.512 
65.1005 -80.6497 497.996 -51.0895 0.00049386 6.402 
65.2571 -80.5022 497.975 129.029 0.000206143 -173.709 
65.4162 -80.3539 497.955 0 6.09716e-06 -44.6719 
65.5726 -80.1983 497.938 -50.7295 0.000293859 6.065 
65.7342 -80.0449 497.918 129.393 0.000406141 -174.05 
65.8947 -79.8867 497.901 -50.4824 0.000993859 5.834 
66.0595 -79.7294 497.88 -50.3567 0.000293859 5.716 
66.2258 -79.5702 497.86 129.77 0.000306142 -174.403 
66.3946 -79.4102 497.839 -50.1011 9.38569e-05 5.477 
66.564 -79.247 497.819 130.029 0.00050614 -174.644 
66.7361 -79.0828 497.798 130.16 0.00010614 -174.767 
66.9085 -78.9157 497.777 130.293 0.000706141 -174.892 
67.0836 -78.7475 497.757 130.427 0.000306141 -175.017 
67.2602 -78.5773 497.736 -49.4373 9.38569e-05 4.856 
67.4382 -78.405 497.716 -49.3003 0.000493858 4.728 
67.6177 -78.2307 497.695 -49.1619 0.000793859 4.598 
67.8023 -78.0584 497.671 -49.0221 0.000193859 4.467 
67.9847 -77.8799 497.651 -48.8809 0.000493858 4.335 
68.1723 -77.7033 497.626 131.262 0.000206143 -175.798 
68.3575 -77.5206 497.606 -48.5942 9.38685e-05 4.067 
68.5479 -77.3397 497.582 131.551 0.000706142 -176.069 
68.737 -77.1538 497.562 -48.3019 0.000493861 3.793 
68.9311 -76.9697 497.538 -48.1536 0.000693859 3.654 
69.1257 -76.7824 497.514 131.996 0.00020614 -176.486 
69.3226 -76.5939 497.49 132.147 0.000106136 -176.627 
69.5208 -76.4032 497.467 132.3 0.000106143 -176.77 
69.7204 -76.2103 497.443 132.454 0.00020614 -176.914 
69.9223 -76.0162 497.42 -47.3911 0.000693858 2.94 
70.1282 -75.8228 497.393 132.766 0.000506142 -177.206 
70.3326 -75.6242 497.37 -47.0763 0.000193861 2.646 
70.5384 -75.4233 497.347 -46.9168 0.000893858 2.496 
70.7481 -75.223 497.32 133.244 0.000606141 -177.654 
70.9611 -75.0224 497.294 133.406 0.00010614 -177.806 
71.1704 -74.8147 497.271 -46.43 0.000293859 2.041 
71.3859 -74.6095 497.245 -46.2649 0.00059386 1.886 
71.6014 -74.401 497.219 133.902 0.00020614 -178.27 
71.8193 -74.191 497.194 134.069 0.000206136 -178.427 
72.0391 -73.9799 497.168 -45.7615 0.000793859 1.415 
72.2629 -73.769 497.139 134.409 0.000306141 -178.745 
72.4852 -73.5529 497.114 -45.4189 0.000393859 1.094 
72.7123 -73.3383 497.085 0 6.15665e-06 -44.3136 
72.9365 -73.1175 497.061 -45.071 0.000493858 0.768003 
73.1659 -72.8979 497.033 135.105 0.00020614 -179.396 
73.3972 -72.677 497.005 0 6.27393e-06 -44.2795 
73.6295 -72.4536 496.977 0 6.09716e-06 -44.2688 
73.8629 -72.2276 496.95 135.641 0.000106133 -179.898 
74.0984 -72.0001 496.923 -44.1772 0.000593858 -0.0680031 
74.3385 -71.7741 496.892 -43.9945 0.000193861 -0.239003 
74.5758 -71.5416 496.865 -43.8104 0.00059386 -0.412003 
74.818 -71.3103 496.835 136.375 0.000106143 179.415 
75.0622 -71.0774 496.806 136.562 0.000106146 179.24 
75.3072 -70.8419 496.776 136.75 0.00020614 179.064 
75.5531 -70.6039 496.747 136.939 0.00050614 178.887 
75.8008 -70.3643 496.719 0 6.27393e-06 -44.1619 
76.0534 -70.1258 496.687 137.322 0.000706142 178.528 
76.3039 -69.8819 496.659 -42.4846 0.000293858 -1.653 
76.5591 -69.639 496.627 -42.29 0.000193863 -1.835 
76.8152 -69.3935 496.596 137.906 0.00010614 177.982 
77.072 -69.1452 496.566 138.103 0.000606141 177.797 
77.3307 -68.8952 496.535 138.302 0.000406143 177.612 
77.591 -68.6436 496.506 -41.4987 0.000593861 -2.575 
77.855 -68.392 496.473 138.702 0.00070614 177.237 
78.1179 -68.1357 496.443 -41.0955 0.000893859 -2.953 
78.3842 -67.8796 496.411 -40.8921 0.000193859 -3.143 
78.6523 -67.6216 496.379 -40.6874 0.000193861 -3.334 
78.9263 -67.3651 496.344 0 6.15665e-06 -44.0084 
79.1955 -67.1016 496.313 139.726 0.00050614 176.279 
79.4717 -66.8406 496.279 139.934 0.000306139 176.084 
79.7443 -66.5733 496.249 -39.8563 0.00069386 -4.112 
80.0214 -66.3068 496.216 -39.6456 0.000393858 -4.309 
80.3002 -66.0383 496.183 -39.4336 0.000893859 -4.507 
80.5836 -65.7704 496.147 0 6.27393e-06 -43.9275 
80.8633 -65.4963 496.115 140.994 0.00010614 175.093 
81.1498 -65.2244 496.081 -38.7907 0.000393858 -5.108 
81.4356 -64.9489 496.046 141.426 0.000306142 174.689 
81.7228 -64.6715 496.012 141.644 0.000406141 174.485 
82.0115 -64.392 495.979 -38.1375 0.000293861 -5.719 
82.3048 -64.1129 495.943 142.083 0.000406139 174.075 
82.5995 -63.8319 495.907 142.304 0.00040614 173.868 
82.8945 -63.5479 495.871 142.526 0.000706141 173.661 
83.1909 -63.2619 495.837 142.749 0.000306141 173.452 
83.4885 -62.9739 495.803 -37.0266 0.000693859 -6.758 
83.7897 -62.6852 495.765 143.199 0.000606141 173.032 
84.0932 -62.3955 495.729 143.425 0.00020614 172.82 
84.397 -62.1026 495.693 143.653 0.000206143 172.607 
84.7019 -61.8078 495.658 -36.1186 0.000393859 -7.606 
85.0113 -61.5131 495.619 144.111 0.000306142 172.179 
85.3175 -61.2132 495.585 -35.6585 0.000693859 -8.036 
85.6283 -60.9134 495.548 -35.4269 0.000193859 -8.252 
85.9445 -60.6146 495.508 144.806 0.000606141 171.531 
86.2576 -60.3105 495.473 -34.9609 0.000293859 -8.687 
86.5751 -60.0064 495.434 145.274 0.000306142 171.094 
86.8936 -59.7002 495.396 145.509 0.000206142 170.874 
87.2133 -59.3919 495.359 -34.2547 0.000493859 -9.347 
87.5373 -59.0836 495.319 145.983 0.00020614 170.432 
87.8624 -58.773 495.279 146.221 0.000306141 170.21 
88.1873 -58.4594 495.24 146.46 0.000706141 169.987 
88.5145 -58.1443 495.202 -33.3005 0.000393861 -10.237 
88.8401 -57.8254 495.165 -33.0598 9.38608e-05 -10.462 
89.1726 -57.5079 495.125 -32.8182 0.000393859 -10.687 
89.5048 -57.1874 495.086 -32.5758 0.000393861 -10.913 
89.8425 -56.8676 495.044 147.667 0.000106143 168.86 
90.1765 -56.5426 495.006 -32.0886 0.000993859 -11.367 
90.5147 -56.2173 494.966 -31.8438 0.000593859 -11.595 
90.8584 -55.8927 494.922 148.402 0.000106143 168.176 
91.1971 -55.5621 494.883 148.648 0.000306138 167.946 
91.5425 -55.2328 494.841 -31.105 9.38608e-05 -12.284 
91.8875 -54.9003 494.8 -30.8572 9.3853e-05 -12.515 
92.2332 -54.5657 494.76 -30.6088 0.00069386 -12.746 
92.583 -54.2306 494.718 149.64 0.000206138 167.022 
92.9349 -53.894 494.676 -30.1099 0.000493858 -13.21 
93.2862 -53.5543 494.635 -29.8595 0.00069386 -13.444 
93.6418 -53.2141 494.591 150.392 0.000506141 166.323 
93.9991 -52.8724 494.548 150.643 0.000106136 166.089 
94.3559 -52.5275 494.506 150.896 0.000206143 165.854 
94.7127 -52.1814 494.465 -28.8523 0.000293858 -14.381 
95.0739 -51.8375 494.421 -28.6007 0.000493858 -14.615 
95.4331 -51.4927 494.378 -28.3499 0.000293858 -14.848 
95.7907 -51.1468 494.335 151.9 0.000306142 164.92 
96.149 -50.8015 494.293 -27.8503 0.000793859 -15.312 
96.509 -50.4571 494.249 152.398 0.00050614 164.457 
96.8699 -50.1131 494.205 152.646 0.00020614 164.226 
97.229 -49.7681 494.163 152.894 0.00020614 163.997 
97.5863 -49.4223 494.12 153.14 0.000506142 163.768 
97.9431 -49.0762 494.079 153.386 0.000206136 163.54 
98.3045 -48.7323 494.035 153.631 0.000206138 163.312 
98.6641 -48.3876 493.991 153.875 0.000506143 163.086 
99.0232 -48.0427 493.949 154.119 0.00020614 162.86 
99.3806 -47.6969 493.907 154.362 0.00010614 162.635 
99.7376 -47.351 493.866 -25.3963 0.00059386 -17.59 
100.098 -47.0067 493.822 0 6.15665e-06 -42.9681 
100.458 -46.662 493.778 -24.9146 9.38685e-05 -18.036 
100.816 -46.3166 493.736 155.325 0.000106143 161.742 
101.174 -45.971 493.694 -24.436 0.00039386 -18.48 
101.535 -45.627 493.65 155.802 0.000406141 161.3 
101.89 -45.2805 493.609 -23.9606 0.000493858 -18.92 
102.249 -44.9356 493.566 -23.7241 9.38685e-05 -19.139 
102.608 -44.5903 493.524 -23.4883 0.00049386 -19.357 
102.97 -44.2467 493.478 156.747 0.000406141 160.426 
103.327 -43.9007 493.438 -23.0193 0.000393859 -19.79 
103.687 -43.5562 493.394 157.214 0.000106143 159.994 
104.047 -43.2117 493.351 -22.5536 0.000193857 -20.221 
104.405 -42.8662 493.308 -22.3219 0.000293859 -20.435 
104.762 -42.5203 493.267 0 6.15665e-06 -42.7391 
105.123 -42.1763 493.222 158.139 0.00040614 159.139 
105.484 -41.8321 493.178 158.368 0.000106136 158.928 
105.839 -41.4854 493.139 -21.4036 0.000893859 -21.283 
106.202 -41.142 493.093 158.824 0.000306141 158.507 
106.558 -40.7959 493.051 159.051 0.00070614 158.298 
106.916 -40.4504 493.01 -20.7236 0.000693859 -21.91 
107.276 -40.1057 492.966 159.501 0.000206145 157.883 
107.635 -39.761 492.923 159.726 0.00020614 157.676 
107.993 -39.4156 492.88 159.949 0.00050614 157.471 
108.351 -39.0701 492.838 0 6.15665e-06 -42.5627 
108.713 -38.726 492.794 160.393 0.000706142 157.062 
109.069 -38.3801 492.753 -19.3864 0.00039386 -23.141 
109.429 -38.0354 492.71 -19.1665 0.000293861 -23.344 
109.787 -37.6903 492.667 -18.9475 9.38608e-05 -23.545 
110.145 -37.345 492.625 -18.7293 0.00059386 -23.746 
110.508 -37.0011 492.58 0 6.21557e-06 -42.457 
110.863 -36.6547 492.539 -18.2955 0.000193861 -24.144 
111.223 -36.3102 492.496 -18.0799 0.000193861 -24.342 
111.582 -35.9653 492.453 0 6.21557e-06 -42.4042 
111.94 -35.6198 492.41 162.349 0.000306142 155.265 
112.298 -35.2744 492.369 -17.4383 0.000193859 -24.931 
112.659 -34.93 492.324 162.774 0.00040614 154.875 
113.02 -34.5859 492.28 162.985 0.000206142 154.681 
113.375 -34.2395 492.24 -16.8044 0.000893859 -25.512 
113.734 -33.8944 492.198 -16.5949 0.000793859 -25.704 
114.096 -33.5505 492.152 163.614 0.000406141 154.105 
114.453 -33.205 492.111 -16.1784 0.000193859 -26.085 
114.815 -32.8605 492.066 164.029 0.000206138 153.726 
115.169 -32.5142 492.026 -15.7653 0.000193863 -26.463 
115.529 -32.1695 491.983 -15.5601 0.00039386 -26.65 
115.887 -31.8243 491.94 -15.3557 0.000593859 -26.837 
116.25 -31.4803 491.895 164.848 0.000406139 152.977 
116.607 -31.1349 491.854 -14.9496 0.000493858 -27.208 
116.967 -30.79 491.81 165.252 0.000606141 152.608 
117.322 -30.4439 491.77 -14.5469 9.38646e-05 -27.575 
117.682 -30.0991 491.727 -14.3468 0.00069386 -27.758 
118.045 -29.755 491.681 165.852 0.00080614 152.061 
118.402 -29.4097 491.639 166.051 0.00040614 151.88 
118.758 -29.0639 491.598 0 6.09716e-06 -42.0518 
119.12 -28.7196 491.554 -13.5552 0.000193861 -28.479 
119.479 -28.3748 491.51 166.641 0.000606141 151.343 
119.839 -28.0298 491.467 166.835 0.000506141 151.166 
120.197 -27.6844 491.425 167.03 0.000506142 150.989 
120.555 -27.3394 491.383 -12.7774 0.000493859 -29.186 
120.916 -26.9947 491.338 167.415 0.000606142 150.639 
121.272 -26.6492 491.298 -12.3936 0.000193856 -29.535 
121.632 -26.3043 491.254 167.797 0.00010614 150.292 
121.991 -25.9592 491.211 167.987 0.000406141 150.12 
122.35 -25.6143 491.169 -11.8242 0.000293858 -30.051 
122.707 -25.2687 491.127 168.364 0.000106143 149.778 
123.069 -24.9244 491.082 168.551 0.000606142 149.609 
123.425 -24.5787 491.041 168.738 0.000106143 149.44 
123.785 -24.234 490.997 168.923 0.00060614 149.272 
124.145 -23.8891 490.954 169.108 0.000206143 149.105 
124.505 -23.5443 490.912 -10.7084 0.000193861 -31.061 
124.861 -23.1987 490.869 169.475 0.000406141 148.773 
125.218 -22.8533 490.828 169.657 0.000106143 148.609 
125.581 -22.5089 490.783 -10.1617 0.000193859 -31.555 
125.936 -22.1632 490.743 -9.98119 0.000493858 -31.718 
126.295 -21.8183 490.699 170.199 0.000206142 148.12 
126.655 -21.4733 490.656 0 6.03709e-06 -41.6636 
127.013 -21.1283 490.614 -9.4445 0.000293859 -32.202 
127.376 -20.7839 490.569 170.733 0.000506142 147.639 
127.733 -20.4385 490.527 170.909 0.000306142 147.48 
128.095 -20.094 490.483 171.085 0.00010614 147.322 
128.449 -19.7482 490.442 -8.7404 9.38608e-05 -32.835 
128.81 -19.4034 490.399 -8.56641 0.000393859 -32.992 
129.167 -19.0582 490.356 171.607 0.000406141 146.853 
129.526 -18.7131 490.314 171.779 0.000206138 146.698 
129.883 -18.3678 490.272 0 6.15665e-06 -41.5053 
130.246 -18.0234 490.227 -7.87851 0.000293859 -33.609 
130.602 -17.6778 490.186 -7.70853 0.000493858 -33.762 
130.962 -17.333 490.143 172.461 0.000206143 146.087 
131.322 -16.9881 490.099 -7.37098 9.38569e-05 -34.064 
131.682 -16.6431 490.056 -7.20338 0.00039386 -34.214 
132.039 -16.2979 490.014 172.963 0.000306144 145.637 
132.396 -15.9527 489.972 -6.87056 9.38608e-05 -34.511 
132.758 -15.6081 489.927 173.295 0.000506142 145.341 
133.114 -15.2626 489.886 173.459 0.000106143 145.194 
133.476 -14.9179 489.842 -6.37719 0.00039386 -34.952 
133.836 -14.5729 489.799 173.786 0.000106133 144.903 
134.194 -14.2279 489.756 173.948 0.00060614 144.758 
134.553 -13.8829 489.714 0 6.09716e-06 -41.2758 
134.91 -13.5376 489.671 174.27 0.000406141 144.472 
135.267 -13.1924 489.63 -5.57035 0.000193856 -35.671 
135.63 -12.8477 489.586 174.589 0.000106143 144.188 
135.985 -12.5023 489.544 -5.25295 0.000693858 -35.953 
136.346 -12.1574 489.501 -5.09538 0.000493861 -36.093 
136.705 -11.8124 489.458 -4.93856 0.000293862 -36.232 
137.064 -11.4674 489.415 -4.78249 0.000193859 -36.37 
137.422 -11.1223 489.373 -4.62717 0.000193863 -36.508 
137.779 -10.7771 489.331 -4.47259 0.000193861 -36.645 
138.142 -10.4324 489.286 -4.31874 0.000293857 -36.781 
138.497 -10.0871 489.245 -4.16563 0.000393858 -36.917 
138.858 -9.74215 489.201 175.987 0.000406141 142.949 
139.219 -9.39727 489.157 176.138 0.00010614 142.815 
139.577 -9.0522 489.114 176.289 0.000806141 142.681 
139.937 -8.7072 489.072 176.44 0.000406143 142.549 
140.295 -8.36213 489.029 -3.41101 9.38608e-05 -37.583 
140.652 -8.01692 488.987 176.738 0.00040614 142.286 
141.009 -7.6718 488.946 -3.1142 0.000193861 -37.845 
141.371 -7.32693 488.901 177.033 0.000106146 142.026 
141.732 -6.98201 488.858 177.18 0.000306142 141.897 
142.086 -6.63676 488.817 -2.6743 0.000493859 -38.232 
142.446 -6.29175 488.774 -2.52907 0.000493859 -38.359 
142.805 -5.94671 488.731 -2.38454 0.000493861 -38.486 
143.163 -5.60166 488.688 -2.24071 0.000593861 -38.612 
143.527 -5.25679 488.644 177.902 0.000306142 141.262 
143.884 -4.91166 488.602 0 6.15665e-06 -40.8181 
144.24 -4.56653 488.56 -1.81334 0.000293857 -38.987 
144.601 -4.22155 488.516 178.328 0.000206142 140.89 
144.961 -3.87655 488.473 178.468 0.000706141 140.767 
145.316 -3.53143 488.432 -1.39211 0.000893859 -39.355 
145.675 -3.18638 488.389 -1.25304 0.000593858 -39.477 
146.034 -2.84135 488.346 -1.11465 0.000393861 -39.597 
146.397 -2.49639 488.301 179.023 0.00070614 140.283 
146.756 -2.15134 488.259 -0.839857 0.000293854 -39.837 
147.112 -1.80626 488.217 -0.703451 0.000393857 -39.956 
147.474 -1.46125 488.173 179.432 0.000406141 139.926 
147.828 -1.11618 488.132 179.567 0.000106136 139.809 
148.19 -0.771156 488.088 -0.298155 0.000293858 -40.308 
148.55 -0.426116 488.045 179.836 0.000206143 139.576 
148.908 -0.081074 488.002 179.969 0.000606142 139.46 
149.268 0.263969 487.959 0.101323 9.38646e-05 -40.655 
149.626 0.609009 487.917 -179.767 0.000106136 139.231 
149.983 0.954038 487.875 -179.636 0.000206135 139.117 
150.346 1.29912 487.831 -179.505 0.000206145 139.004 
150.702 1.64413 487.789 -179.375 0.000106129 138.892 
151.063 1.9892 487.745 -179.246 0.000806141 138.78 
151.419 2.3342 487.704 0.883173 0.000493859 -41.331 
