-135.808 -35.2514 377.421 14.551 0.000206138 -104.053 
-135.805 -35.2532 377.42 14.552 0.000606141 -104.053 
-135.798 -35.2512 377.423 -165.448 0.000193856 75.947 
-135.787 -35.2534 377.425 -165.446 0.00049386 75.947 
-135.78 -35.2542 377.421 -165.445 9.38685e-05 75.946 
-135.766 -35.2557 377.421 -165.443 9.38685e-05 75.946 
-135.746 -35.2555 377.425 -165.441 0.000393861 75.945 
-135.73 -35.2563 377.423 -165.439 9.3853e-05 75.944 
-135.706 -35.2577 377.426 -165.436 9.38608e-05 75.944 
-135.686 -35.2601 377.422 14.567 0.00050614 -104.057 
-135.659 -35.2631 377.423 14.571 0.00070614 -104.058 
-135.631 -35.2636 377.423 14.574 0.00060614 -104.059 
-135.597 -35.2648 377.427 14.578 0.000106143 -104.06 
-135.566 -35.2693 377.425 14.583 0.000306142 -104.062 
-135.528 -35.2721 377.427 14.588 0.000106143 -104.063 
-135.489 -35.2747 377.428 -165.407 0.000493858 75.936 
-135.449 -35.2767 377.429 -165.402 0.000393861 75.934 
-135.405 -35.2805 377.428 14.604 0.000306141 -104.068 
-135.361 -35.2842 377.427 14.61 0.00070614 -104.069 
-135.312 -35.2865 377.43 -165.384 0.000293857 75.929 
-135.26 -35.2906 377.431 -165.377 0.000693859 75.927 
-135.206 -35.2942 377.432 -165.37 0.000393859 75.925 
-135.151 -35.2975 377.432 -165.363 0.000493861 75.923 
-135.094 -35.3027 377.432 14.645 0.000106136 -104.079 
-135.031 -35.3064 377.435 -165.347 0.00079386 75.918 
-134.971 -35.3108 377.433 14.661 0.00010614 -104.084 
-134.903 -35.3158 377.434 14.67 0.000506142 -104.087 
-134.837 -35.3209 377.435 -165.321 0.000393859 75.911 
-134.766 -35.3275 377.435 14.689 0.000406141 -104.092 
-134.69 -35.3303 377.439 -165.302 0.000293859 75.905 
-134.617 -35.3362 377.437 14.708 0.00080614 -104.098 
-134.537 -35.3429 377.439 14.719 0.000406142 -104.101 
-134.457 -35.3495 377.441 -165.27 0.000293859 75.896 
-134.374 -35.355 377.441 14.741 0.000606141 -104.107 
-134.291 -35.3608 377.441 14.752 0.00010614 -104.11 
-134.199 -35.3667 377.444 14.764 0.000306141 -104.114 
-134.108 -35.3728 377.447 -165.224 0.000893859 75.882 
-134.018 -35.3791 377.444 14.788 0.00050614 -104.121 
-133.923 -35.3864 377.446 14.801 0.000606141 -104.125 
-133.822 -35.3923 377.451 -165.186 0.000693858 75.871 
-133.723 -35.401 377.45 -165.172 0.00039386 75.867 
-133.617 -35.408 377.454 -165.158 0.00039386 75.863 
-133.515 -35.4159 377.452 14.856 0.00010615 -104.141 
-133.406 -35.4244 377.454 14.871 0.000306139 -104.146 
-133.297 -35.4326 377.455 14.886 0.00020614 -104.15 
-133.18 -35.439 377.46 -165.099 0.000393859 75.845 
-133.067 -35.4487 377.459 -165.083 0.000293859 75.84 
-132.947 -35.4566 377.463 -165.067 0.000593858 75.835 
-132.83 -35.465 377.46 14.949 0.000706142 -104.17 
-132.707 -35.4743 377.462 14.966 0.000706142 -104.175 
-132.579 -35.4822 377.468 -165.017 0.00069386 75.82 
-132.453 -35.4906 377.469 -165 0.000493859 75.814 
-132.324 -35.5007 377.468 15.018 0.000306142 -104.191 
-132.189 -35.5116 377.471 -164.963 0.000293859 75.803 
-132.054 -35.5196 377.474 -164.945 0.000193857 75.797 
-131.916 -35.5295 377.476 -164.926 0.000593859 75.791 
-131.776 -35.5412 377.477 -164.906 0.000293861 75.785 
-131.635 -35.5499 377.477 15.113 0.00060614 -104.221 
-131.487 -35.5617 377.481 15.134 0.00010615 -104.228 
-131.339 -35.5709 377.485 -164.846 0.000793859 75.765 
-131.192 -35.5825 377.482 15.175 0.00100614 -104.241 
-131.036 -35.5918 377.489 -164.804 0.00069386 75.752 
-130.882 -35.604 377.49 -164.782 0.000693859 75.745 
-130.726 -35.6154 377.491 -164.76 9.38608e-05 75.737 
-130.562 -35.6273 377.495 15.263 0.000106143 -104.27 
-130.403 -35.6399 377.493 15.286 0.000806141 -104.278 
-130.238 -35.6511 377.496 15.309 0.00020614 -104.285 
-130.071 -35.6638 377.498 15.333 0.00020614 -104.293 
-129.897 -35.6746 377.505 -164.643 0.000193859 75.699 
-129.726 -35.6863 377.505 0 6.21557e-06 -88.929 
-129.554 -35.6996 377.505 15.406 0.000906142 -104.318 
-129.375 -35.7113 377.508 15.431 0.000306139 -104.327 
-129.195 -35.7245 377.511 15.457 0.000306142 -104.335 
-129.013 -35.7373 377.514 -164.517 9.38569e-05 75.656 
-128.829 -35.7516 377.515 15.51 0.000106136 -104.354 
-128.638 -35.764 377.521 -164.463 9.38608e-05 75.637 
-128.45 -35.7794 377.521 15.565 0.000306142 -104.373 
-128.256 -35.7929 377.525 15.593 0.000306142 -104.382 
-128.061 -35.806 377.528 -164.379 9.38569e-05 75.608 
-127.864 -35.8205 377.531 0 6.27393e-06 -88.753 
-127.665 -35.8347 377.533 -164.321 0.000193856 75.587 
-127.465 -35.8503 377.534 15.709 0.00020614 -104.424 
-127.257 -35.8638 377.539 15.739 0.000106143 -104.434 
-127.049 -35.8769 377.543 -164.231 0.000393859 75.555 
-126.842 -35.8927 377.542 15.8 0.00070614 -104.457 
-126.63 -35.909 377.545 15.832 0.000406141 -104.468 
-126.415 -35.9245 377.547 15.864 0.00070614 -104.48 
-126.196 -35.9384 377.554 -164.104 0.000393859 75.508 
-125.978 -35.9548 377.555 0 6.09716e-06 -88.575 
-125.753 -35.9713 377.56 0 6.09716e-06 -88.554 
-125.528 -35.9874 377.564 -164.003 0.00039386 75.471 
-125.304 -36.0038 377.563 16.031 0.000806141 -104.542 
-125.075 -36.0207 377.565 16.066 0.00050614 -104.556 
-124.84 -36.0355 377.573 -163.899 9.3853e-05 75.431 
-124.607 -36.0532 377.574 -163.863 0.000293858 75.417 
-124.368 -36.071 377.58 -163.826 0.00079386 75.403 
-124.131 -36.0869 377.58 16.21 0.00020614 -104.611 
-123.888 -36.1054 377.584 -163.752 0.000193861 75.374 
-123.643 -36.1229 377.588 0 6.03709e-06 -88.354 
-123.397 -36.14 377.591 -163.676 0.000293857 75.344 
-123.149 -36.1582 377.593 0 6.15665e-06 -88.308 
-122.893 -36.1764 377.599 -163.597 0.000193857 75.313 
-122.641 -36.1952 377.6 16.443 0.000206143 -104.703 
-122.383 -36.2119 377.605 16.483 0.000206143 -104.719 
-122.123 -36.2301 377.61 -163.476 0.000293861 75.264 
-121.861 -36.2495 377.614 -163.434 0.000193856 75.247 
-121.597 -36.2682 377.617 -163.392 0.000593858 75.23 
-121.331 -36.2881 377.619 -163.349 0.000493859 75.212 
-121.063 -36.307 377.621 16.694 0.000306142 -104.806 
-120.79 -36.326 377.627 -163.262 0.000493858 75.176 
-120.518 -36.3474 377.627 16.783 0.000306141 -104.843 
-120.239 -36.3665 377.632 16.828 0.00070614 -104.862 
-119.959 -36.387 377.636 16.874 0.00060614 -104.881 
-119.679 -36.4069 377.64 0 6.15665e-06 -87.981 
-119.396 -36.4278 377.643 0 6.03709e-06 -87.954 
-119.106 -36.4463 377.65 -162.986 0.000393859 75.059 
-118.818 -36.467 377.652 17.062 0.000606141 -104.962 
-118.525 -36.4879 377.658 17.111 0.00020614 -104.983 
-118.234 -36.5113 377.658 17.161 0.000306139 -105.005 
-117.937 -36.5324 377.663 0 6.21557e-06 -87.816 
-117.638 -36.5523 377.667 17.261 0.00020614 -105.05 
-117.335 -36.5751 377.671 17.313 0.000906141 -105.073 
-117.029 -36.5962 377.679 -162.635 0.000893859 74.904 
-116.724 -36.6171 377.682 -162.583 9.38608e-05 74.88 
-116.417 -36.6413 377.683 17.471 0.00020614 -105.144 
-116.103 -36.6629 377.69 0 6.21557e-06 -87.644 
-115.789 -36.6837 377.696 -162.421 0.00069386 74.806 
-115.471 -36.7073 377.701 -162.365 0.000893859 74.781 
-115.156 -36.7309 377.7 17.691 0.000506142 -105.245 
-114.831 -36.7531 377.709 -162.252 0.000593858 74.728 
-114.507 -36.7754 377.713 -162.195 0.000193861 74.701 
-114.182 -36.8007 377.716 -162.136 0.000293859 74.674 
-113.855 -36.8247 377.718 17.923 0.000106143 -105.354 
-113.521 -36.848 377.725 0 6.27393e-06 -87.4 
-113.186 -36.8704 377.732 -161.957 0.000593859 74.588 
-112.853 -36.8947 377.732 18.104 0.000306142 -105.442 
-112.513 -36.9208 377.737 -161.833 0.000293859 74.528 
-112.171 -36.943 377.742 18.229 0.00070614 -105.502 
-111.829 -36.9686 377.747 18.293 0.000106146 -105.534 
-111.483 -36.9947 377.75 0 6.15665e-06 -87.208 
-111.131 -37.018 377.759 -161.577 0.00059386 74.402 
-110.781 -37.0431 377.762 18.489 0.000306142 -105.631 
-110.425 -37.0678 377.769 -161.444 0.000293859 74.335 
-110.071 -37.0943 377.771 18.624 0.000606141 -105.699 
-109.711 -37.1203 377.777 0 6.21557e-06 -87.041 
-109.349 -37.1447 377.783 -161.238 0.000193857 74.231 
-108.986 -37.1718 377.789 -161.167 0.000793859 74.194 
-108.62 -37.1974 377.794 -161.096 0.000993859 74.158 
-108.251 -37.2232 377.799 -161.024 0.000693859 74.12 
-107.879 -37.2512 377.803 19.05 0.00010614 -105.918 
-107.507 -37.2781 377.807 19.124 0.000406141 -105.957 
-107.133 -37.3055 377.81 19.199 0.000106136 -105.997 
-106.752 -37.3319 377.818 -160.725 0.000693859 73.963 
-106.373 -37.3598 377.82 0 6.09716e-06 -86.726 
-105.987 -37.3864 377.828 19.43 0.00020614 -106.12 
-105.6 -37.4137 377.835 -160.491 0.000193857 73.837 
-105.216 -37.4428 377.836 -160.411 9.38608e-05 73.794 
-104.823 -37.4702 377.842 19.67 0.00050614 -106.25 
-104.429 -37.498 377.848 19.752 0.000506141 -106.295 
-104.034 -37.5264 377.853 0 6.15665e-06 -86.506 
-103.636 -37.5547 377.858 0 6.15665e-06 -86.469 
-103.235 -37.5847 377.863 20.005 0.00040614 -106.435 
-102.83 -37.612 377.873 -159.909 0.00069386 73.517 
-102.424 -37.6422 377.876 -159.821 0.000393859 73.467 
-102.017 -37.6705 377.88 20.267 0.000406141 -106.583 
-101.605 -37.6996 377.889 -159.643 0.000293859 73.366 
-101.193 -37.7298 377.891 20.448 0.00040614 -106.686 
-100.776 -37.7589 377.9 -159.46 0.000393859 73.261 
-100.36 -37.7908 377.902 20.634 0.00020614 -106.793 
-99.9377 -37.8191 377.909 20.728 0.00020614 -106.848 
-99.514 -37.8495 377.916 -159.176 0.000193861 73.096 
-99.0873 -37.8794 377.923 -159.079 0.000293857 73.039 
-98.6589 -37.9111 377.93 -158.98 0.000893859 72.981 
-98.2322 -37.9421 377.93 0 6.15665e-06 -85.959 
-97.7985 -37.9728 377.936 21.22 0.000306139 -107.138 
-97.3628 -38.0052 377.942 0 6.03709e-06 -85.877 
-96.9211 -38.0357 377.953 -158.573 0.000793859 72.738 
-96.4803 -38.0668 377.958 -158.468 0.000193861 72.674 
-96.0383 -38.098 377.964 -158.362 9.38608e-05 72.61 
-95.593 -38.13 377.968 21.746 0.000406141 -107.456 
-95.1458 -38.1635 377.973 21.856 0.000306142 -107.523 
-94.6926 -38.1949 377.983 -158.033 0.000293859 72.408 
-94.2418 -38.2274 377.987 -157.921 0.000393859 72.338 
-93.7876 -38.2606 377.991 -157.807 0.000193857 72.267 
-93.3268 -38.2932 378.001 -157.691 0.000493859 72.195 
-92.8683 -38.3269 378.005 -157.574 0.000293857 72.121 
-92.4037 -38.358 378.014 -157.456 0.000793859 72.046 
-91.9389 -38.3929 378.018 22.665 0.000306142 -108.03 
-91.4694 -38.4258 378.027 -157.213 0.000293861 71.892 
-91.0008 -38.459 378.03 22.91 0.000606141 -108.187 
-90.5263 -38.4933 378.039 -156.964 9.38608e-05 71.732 
-90.0528 -38.5279 378.042 23.163 0.00070614 -108.35 
-89.5742 -38.5619 378.051 -156.708 9.3853e-05 71.566 
-89.093 -38.5946 378.06 -156.578 0.000493859 71.48 
-88.6114 -38.6305 378.062 23.555 0.000606142 -108.607 
-88.1254 -38.6642 378.071 23.689 0.00010614 -108.695 
-87.6404 -38.7015 378.074 23.826 0.000106143 -108.786 
-87.148 -38.7352 378.082 23.964 0.00040614 -108.878 
-86.6543 -38.7696 378.091 24.104 0.000306139 -108.972 
-86.1612 -38.8074 378.094 24.247 0.000506142 -109.067 
-85.6631 -38.8423 378.103 24.391 0.00050614 -109.164 
-85.1659 -38.877 378.113 -155.464 0.00069386 70.737 
-84.6705 -38.9119 378.117 0 6.15665e-06 -84.681 
-84.1737 -38.949 378.123 24.831 0.000706141 -109.464 
-83.6785 -38.9844 378.129 24.98 0.000206138 -109.566 
-83.1811 -39.0198 378.136 25.131 0.000606141 -109.67 
-82.6851 -39.055 378.143 0 6.21557e-06 -84.493 
-82.1867 -39.0902 378.152 25.437 0.000206143 -109.883 
-81.6927 -39.1266 378.155 25.592 0.00040614 -109.991 
-81.1948 -39.162 378.165 -154.251 0.000493861 69.899 
-80.6985 -39.1973 378.17 25.907 0.00050614 -110.212 
-80.2027 -39.2336 378.175 26.067 0.000406141 -110.325 
-79.7069 -39.269 378.182 26.228 0.000306142 -110.44 
-79.2102 -39.3048 378.189 26.391 0.00010615 -110.556 
-78.7134 -39.3395 378.197 -153.445 0.000193857 69.327 
-78.216 -39.3745 378.206 -153.279 0.000493859 69.207 
-77.7208 -39.4112 378.209 26.889 0.000106146 -110.914 
-77.2226 -39.4454 378.22 -152.942 0.000293858 68.964 
-76.7265 -39.4812 378.225 27.229 0.000206142 -111.16 
-76.231 -39.5178 378.231 -152.598 0.000393857 68.714 
-75.7342 -39.5525 378.238 0 6.03709e-06 -83.838 
-75.2368 -39.5873 378.245 27.752 0.000406141 -111.543 
-74.7401 -39.6229 378.254 -152.07 0.000193856 68.326 
-74.2454 -39.66 378.257 28.11 0.000106143 -111.807 
-73.748 -39.6943 378.267 -151.709 0.00059386 68.058 
-73.2519 -39.7312 378.271 -151.525 0.00039386 67.922 
-72.7561 -39.7668 378.277 -151.34 9.38685e-05 67.784 
-72.2596 -39.8023 378.283 28.847 0.00010614 -112.357 
-71.7624 -39.8375 378.291 29.036 0.000306139 -112.499 
-71.2646 -39.8725 378.299 29.227 0.000506141 -112.643 
-70.7676 -39.908 378.308 -150.58 0.000293859 67.211 
-70.2736 -39.9437 378.311 0 6.03709e-06 -83.323 
-69.7754 -39.9785 378.322 -150.189 0.00079386 66.913 
-69.2794 -40.0146 378.327 -149.99 0.000593859 66.761 
-68.783 -40.0503 378.333 -149.789 0.000293857 66.607 
-68.286 -40.0856 378.34 0 6.15665e-06 -83.135 
-67.7897 -40.1211 378.348 -149.381 0.00069386 66.292 
-67.2943 -40.1569 378.351 30.826 0.000606141 -113.868 
-66.7965 -40.1925 378.36 0 6.27393e-06 -82.995 
-66.3014 -40.2279 378.364 31.247 0.000406142 -114.195 
-65.8026 -40.2623 378.376 -148.539 9.38608e-05 65.638 
-65.3072 -40.2984 378.382 -148.323 0.000593858 65.468 
-64.8095 -40.3341 378.389 0 6.15665e-06 -82.807 
-64.3134 -40.3688 378.396 -147.884 0.000293862 65.123 
-63.8188 -40.4054 378.399 32.339 0.000506142 -115.053 
-63.3205 -40.4407 378.408 32.565 0.000306141 -115.232 
-62.8256 -40.4775 378.412 32.793 0.000206138 -115.413 
-62.3279 -40.5118 378.424 -146.977 0.000793858 64.403 
-61.8316 -40.5479 378.43 -146.744 0.000693859 64.217 
-61.3351 -40.5829 378.436 -146.509 0.00049386 64.029 
-60.8399 -40.6197 378.437 33.729 0.000806141 -116.162 
-60.3433 -40.6546 378.446 33.969 0.000206143 -116.356 
-59.8459 -40.6895 378.456 -145.788 0.000193859 63.448 
-59.3497 -40.7259 378.46 34.458 0.00040614 -116.751 
-58.8547 -40.7621 378.465 34.706 0.000306142 -116.952 
-58.3563 -40.7963 378.477 -145.043 0.00079386 62.844 
-57.8596 -40.8321 378.484 -144.789 0.00059386 62.637 
-57.3647 -40.8681 378.485 35.467 0.000606141 -117.573 
-56.8675 -40.9041 378.494 35.727 0.000106143 -117.785 
-56.37 -40.9387 378.503 -144.011 0.000293861 61.999 
-55.874 -40.9745 378.507 36.254 0.000506141 -118.219 
-55.3784 -41.0108 378.512 36.522 0.00050614 -118.44 
-54.8798 -41.0449 378.525 -143.207 0.000293859 61.336 
-54.384 -41.0811 378.532 -142.933 0.000793859 61.109 
-53.8883 -41.1173 378.533 37.344 0.000806141 -119.121 
-53.392 -41.153 378.542 -142.376 0.000393859 60.646 
-52.894 -41.1872 378.551 -142.093 0.000293859 60.409 
-52.3986 -41.2232 378.555 0 6.15665e-06 -81.637 
-51.9025 -41.2585 378.561 38.482 0.000606141 -120.073 
-51.4064 -41.2949 378.567 38.775 0.00050614 -120.319 
-50.9095 -41.3303 378.574 39.071 0.000606141 -120.568 
-50.4133 -41.3657 378.582 0 6.09716e-06 -81.45 
-49.9156 -41.401 378.591 -140.327 0.000393858 58.924 
-49.4203 -41.4362 378.594 39.978 0.000606141 -121.335 
-48.9221 -41.4714 378.605 -139.712 9.38685e-05 58.403 
-48.4273 -41.5072 378.61 -139.4 0.000493859 58.137 
-47.9306 -41.5437 378.617 -139.083 0.000493859 57.867 
-47.434 -41.578 378.624 -138.764 0.000293857 57.594 
-46.9367 -41.6138 378.632 -138.44 0.000693859 57.318 
-46.441 -41.6501 378.635 41.887 0.000306139 -122.962 
-45.9441 -41.6844 378.646 -137.783 0.000293857 56.754 
-45.4472 -41.7206 378.65 42.552 0.000406141 -123.534 
-44.951 -41.7564 378.656 42.89 0.000506142 -123.825 
-44.4557 -41.792 378.662 43.231 0.000106146 -124.12 
-43.9585 -41.8275 378.67 0 6.15665e-06 -80.842 
-43.4621 -41.8626 378.679 -136.074 0.000593858 55.279 
-42.9658 -41.8993 378.682 44.28 0.000206142 -125.028 
-42.4686 -41.9339 378.693 -135.363 0.000493859 54.662 
-41.9722 -41.9692 378.698 44.998 0.000206136 -125.652 
-41.4758 -42.0047 378.704 45.363 0.00040614 -125.971 
-40.9796 -42.0404 378.711 45.732 0.000106136 -126.293 
-40.4829 -42.0767 378.719 -133.894 0.000693859 53.381 
-39.9876 -42.1131 378.721 0 6.09716e-06 -80.467 
-39.4899 -42.1467 378.731 46.864 0.000306142 -127.285 
-38.9943 -42.1838 378.736 47.25 0.000106146 -127.623 
-38.4977 -42.2196 378.741 47.64 0.000406142 -127.966 
-38.0014 -42.2553 378.748 48.034 0.000306139 -128.314 
-37.5044 -42.2898 378.755 48.432 0.00080614 -128.665 
-37.0078 -42.3258 378.764 -131.165 9.3853e-05 50.979 
-36.5105 -42.3606 378.773 -130.758 0.000393859 50.619 
-36.0149 -42.3968 378.777 -130.347 9.38608e-05 50.255 
-35.5196 -42.4328 378.782 -129.932 9.38608e-05 49.886 
-35.0228 -42.468 378.788 50.488 0.000506142 -130.487 
-34.5256 -42.5035 378.795 50.913 0.000806141 -130.865 
-34.0285 -42.5384 378.803 51.342 0.000706142 -131.247 
-33.5328 -42.5743 378.813 -128.225 0.00059386 48.366 
-33.036 -42.6097 378.816 52.213 0.00070614 -132.025 
-32.5391 -42.6441 378.827 -127.345 0.000193861 47.58 
-32.0431 -42.6806 378.833 -126.898 0.000293858 47.18 
-31.5458 -42.7158 378.839 53.554 0.000306142 -133.225 
-31.0496 -42.7517 378.847 -125.99 0.000293858 46.366 
-30.5539 -42.7876 378.849 54.47 0.000806141 -134.048 
-30.0575 -42.8231 378.859 -125.065 0.000193859 45.534 
-29.561 -42.8591 378.863 55.405 0.000606142 -134.889 
-29.0642 -42.8938 378.874 -124.121 0.000793859 44.684 
-28.5674 -42.9291 378.881 -123.642 0.000293857 44.251 
-28.0701 -42.9644 378.888 56.842 0.000106143 -136.185 
-27.575 -43.0019 378.889 57.33 0.000306143 -136.626 
-27.078 -43.0358 378.899 57.822 0.000406141 -137.072 
-26.5813 -43.0708 378.909 -121.681 0.000493859 42.478 
-26.0852 -43.1075 378.914 -121.179 0.000493859 42.023 
-25.5884 -43.1421 378.919 59.327 0.000406141 -138.437 
-25.0918 -43.1779 378.926 59.838 0.000406141 -138.901 
-24.5953 -43.213 378.934 60.353 0.000306142 -139.369 
-24.0988 -43.249 378.943 -119.127 0.000793859 40.158 
-23.6027 -43.2849 378.947 61.397 0.000106146 -140.319 
-23.1064 -43.3218 378.951 0 6.15665e-06 -78.875 
-22.6085 -43.3548 378.963 0 6.09716e-06 -78.828 
-22.1123 -43.3904 378.97 62.996 0.000106143 -141.778 
-21.6175 -43.4282 378.97 63.537 0.000206143 -142.272 
-21.1203 -43.4627 378.979 64.083 0.000506141 -142.771 
-20.6235 -43.4977 378.989 -115.367 0.000193857 36.726 
-20.1274 -43.5338 378.993 65.187 0.000306139 -143.782 
-19.6317 -43.5706 378.998 -114.255 9.38608e-05 35.707 
-19.1334 -43.6037 379.011 -113.692 0.000293858 35.191 
-18.6379 -43.641 379.011 66.874 0.000706141 -145.328 
-18.1416 -43.6768 379.019 -112.556 0.000193857 34.149 
-17.6443 -43.7107 379.029 68.018 0.000206142 -146.378 
-17.1491 -43.748 379.032 -111.405 0.000293861 33.091 
-16.6513 -43.7819 379.044 -110.823 0.000393859 32.556 
-16.1548 -43.8177 379.05 -110.238 0.00039386 32.018 
-15.6584 -43.8526 379.057 -109.65 9.38608e-05 31.477 
-15.1623 -43.8901 379.058 70.942 0.00050614 -149.068 
-14.6655 -43.9248 379.067 71.537 0.000406141 -149.616 
-14.1689 -43.9596 379.078 -107.865 0.000493858 29.832 
-13.6728 -43.9956 379.082 0 6.09716e-06 -77.986 
-13.1767 -44.0319 379.088 -106.66 0.000193857 28.721 
-12.6802 -44.0672 379.094 -106.053 9.38646e-05 28.16 
-12.1832 -44.1016 379.102 74.557 0.000406141 -152.403 
-11.6865 -44.138 379.111 -104.83 0.000693859 27.032 
-11.1907 -44.1734 379.114 75.784 0.00050614 -153.536 
-10.6936 -44.2089 379.125 -103.598 0.000993859 25.893 
-10.1974 -44.2437 379.131 0 6.03709e-06 -77.659 
-9.70087 -44.2805 379.137 -102.357 0.000593858 24.746 
-9.20449 -44.3144 379.145 78.266 0.000106143 -155.831 
-8.708 -44.3523 379.146 78.892 0.000306142 -156.41 
-8.21141 -44.387 379.156 -100.481 9.38646e-05 23.01 
-7.71525 -44.4238 379.16 -99.8525 9.38569e-05 22.428 
-7.21847 -44.4576 379.172 -99.2225 0.000693859 21.845 
-6.72204 -44.4936 379.178 -98.5912 0.000793859 21.261 
-6.22549 -44.5284 379.186 -97.9589 0.000493859 20.675 
-5.7292 -44.5654 379.187 82.6744 0.00020614 -159.911 
-5.2325 -44.5993 379.197 83.3085 0.000406141 -160.499 
-4.7362 -44.6369 379.2 83.9433 0.000106146 -161.087 
-4.2396 -44.6713 379.212 -95.4215 0.00079386 18.325 
-3.7431 -44.7064 379.218 -94.786 0.000293859 17.736 
-3.24661 -44.7417 379.225 -94.1503 0.000293859 17.147 
-2.75008 -44.7775 379.233 -93.5145 0.000793859 16.558 
-2.2537 -44.8138 379.236 87.121 0.000106143 -164.03 
-1.75716 -44.8485 379.246 -92.2437 0.000493858 15.381 
-1.2607 -44.8838 379.251 88.3911 0.000306141 -165.207 
-0.764178 -44.921 379.256 -90.9746 0.000393857 14.206 
-0.267714 -44.9554 379.263 89.6588 0.000306141 -166.381 
0.228747 -44.9916 379.271 -89.7087 0.000493859 13.033 
0.725258 -45.0266 379.28 -89.0772 0.000893859 12.449 
1.22179 -45.0622 379.283 91.5531 0.000106146 -168.135 
1.71824 -45.0983 379.288 92.1819 0.000606141 -168.717 
2.2147 -45.1326 379.3 -87.1907 0.000493859 10.703 
2.71115 -45.1677 379.307 -86.565 0.000193859 10.124 
3.20776 -45.2053 379.308 94.0589 0.000606141 -170.453 
3.7043 -45.2409 379.317 -85.3191 0.000293859 8.972 
4.20066 -45.2757 379.327 -84.6993 0.000693859 8.399 
4.69715 -45.3111 379.331 95.9184 0.00020614 -172.172 
5.19365 -45.3469 379.336 96.5337 0.000506141 -172.741 
5.69025 -45.3831 379.342 97.1466 0.000206142 -173.307 
6.18671 -45.4181 379.35 97.7569 0.000206142 -173.87 
6.68315 -45.4536 379.358 -81.6356 0.00039386 5.569 
7.17948 -45.4882 379.368 -81.0309 0.00059386 5.011 
7.67618 -45.5249 379.372 -80.4291 0.000593858 4.456 
8.17272 -45.5607 379.377 -79.8304 0.000193861 3.904 
8.66905 -45.5956 379.383 100.765 0.000506141 -176.645 
9.16551 -45.6309 379.39 101.357 0.00050614 -177.19 
9.66205 -45.6668 379.399 -78.0537 0.000193857 2.268 
10.1584 -45.7016 379.408 -77.4682 0.000693858 1.729 
10.655 -45.7375 379.412 103.114 0.000106136 -178.806 
11.1517 -45.7741 379.417 103.692 0.000206142 -179.337 
11.6482 -45.8095 379.422 104.267 0.000406142 -179.865 
12.1448 -45.8458 379.43 -75.1628 9.38608e-05 -0.389003 
12.6409 -45.8797 379.438 105.404 0.000606142 179.091 
13.1375 -45.9157 379.447 -74.033 0.000493858 -1.425 
13.634 -45.9514 379.45 106.526 0.000506139 178.063 
14.1302 -45.9858 379.462 -72.9192 0.000293858 -2.445 
14.6267 -46.0214 379.467 0 6.15665e-06 -75.3175 
15.1235 -46.0578 379.474 -71.822 0.000493858 -3.449 
15.6195 -46.092 379.482 0 6.09716e-06 -75.2237 
16.1165 -46.129 379.484 109.258 0.00070614 175.564 
16.613 -46.1647 379.494 -70.208 0.000593858 -4.922 
17.1096 -46.2004 379.498 110.321 0.00020614 174.595 
17.6064 -46.2368 379.503 0 6.15665e-06 -75.0368 
18.1025 -46.2714 379.51 111.367 0.000906141 173.643 
18.5989 -46.3066 379.517 111.883 0.00070614 173.174 
19.0957 -46.3428 379.526 -67.6058 0.000393859 -7.291 
19.5917 -46.3773 379.536 -67.0988 0.00049386 -7.751 
20.0883 -46.413 379.54 113.404 0.000306141 171.794 
20.5852 -46.4497 379.545 0 6.15665e-06 -74.7564 
21.0815 -46.4846 379.551 114.395 0.000706141 170.896 
21.5781 -46.5204 379.558 114.884 0.000306139 170.454 
22.0745 -46.5559 379.566 -64.632 0.000193859 -9.984 
22.5702 -46.5897 379.576 115.848 0.000206142 169.584 
23.0672 -46.6265 379.579 116.323 0.000506141 169.155 
23.5632 -46.6609 379.591 -63.2068 0.000393859 -11.268 
24.0599 -46.697 379.596 -62.7409 0.000493858 -11.687 
24.5566 -46.7328 379.603 -62.2795 0.00069386 -12.102 
25.0533 -46.769 379.604 118.177 0.000806141 167.488 
25.5497 -46.8044 379.613 118.629 0.000206142 167.083 
26.046 -46.8394 379.623 -60.9229 0.000693859 -13.318 
26.5425 -46.875 379.628 119.52 0.00020614 166.286 
27.0396 -46.9117 379.633 -60.0411 0.000193857 -14.106 
27.536 -46.9468 379.64 120.393 0.000106143 165.506 
28.0322 -46.9821 379.647 120.823 0.00020614 165.124 
28.5284 -47.0171 379.656 0 6.15665e-06 -74.007 
29.0257 -47.0539 379.659 121.669 0.000406141 164.371 
29.5216 -47.0887 379.669 -57.9149 0.000493858 -15.998 
30.0181 -47.1241 379.674 122.497 0.000206138 163.636 
30.5145 -47.1595 379.68 122.905 0.000606142 163.275 
31.0108 -47.1949 379.687 123.308 0.000606141 162.919 
31.5072 -47.2302 379.695 123.707 0.000206142 162.567 
32.0036 -47.2657 379.705 -55.8981 0.000493859 -17.781 
32.5005 -47.3018 379.708 124.493 0.000306142 161.875 
32.9973 -47.3379 379.713 124.879 0.000606142 161.536 
33.4929 -47.372 379.725 -54.739 0.000493859 -18.8 
33.989 -47.4072 379.732 0 6.15665e-06 -73.492 
34.4875 -47.4455 379.733 0 6.21557e-06 -73.4451 
34.9829 -47.4795 379.741 126.383 0.000506142 160.219 
35.4792 -47.5148 379.751 -53.2514 0.000493858 -20.1 
35.9763 -47.551 379.755 0 6.21557e-06 -73.3045 
36.4732 -47.5873 379.76 -52.5317 9.3853e-05 -20.726 
36.9697 -47.6228 379.766 127.822 0.000406141 158.967 
37.4662 -47.6582 379.774 128.172 0.000306139 158.663 
37.9618 -47.6927 379.782 128.519 0.000606141 158.364 
38.4584 -47.7285 379.791 -51.139 0.000693859 -21.932 
38.9551 -47.7642 379.794 129.2 0.00050614 157.776 
39.4503 -47.7982 379.806 129.535 0.000106143 157.488 
39.9473 -47.8344 379.811 129.866 0.00010614 157.204 
40.4444 -47.8706 379.818 -49.8066 0.000593859 -23.077 
40.9398 -47.9049 379.825 130.517 0.000106143 156.646 
41.4381 -47.9425 379.827 130.838 0.000206142 156.372 
41.934 -47.9775 379.837 -48.8454 0.000293859 -23.898 
42.4308 -48.0133 379.841 131.468 0.000406141 155.836 
42.9263 -48.0477 379.853 -48.2221 0.000393857 -24.427 
43.4226 -48.0831 379.859 0 6.15665e-06 -72.6026 
43.9192 -48.1187 379.866 -47.6125 0.000293859 -24.943 
44.4151 -48.1538 379.874 -47.3128 0.000193859 -25.196 
44.9131 -48.1909 379.876 132.984 0.000106143 154.554 
45.4086 -48.2254 379.886 -46.7231 0.000293859 -25.692 
45.9063 -48.2621 379.89 -46.4331 0.00039386 -25.935 
46.4022 -48.2972 379.896 133.854 0.000806141 153.825 
46.8995 -48.3336 379.902 134.137 0.00020614 153.588 
47.396 -48.3692 379.909 -45.5822 0.000193857 -26.646 
47.892 -48.4041 379.918 -45.3047 0.000293858 -26.877 
48.3872 -48.4384 379.927 -45.0303 0.000193859 -27.104 
48.8847 -48.475 379.931 135.241 0.000106143 152.671 
49.3817 -48.511 379.935 135.51 0.000706141 152.45 
49.8769 -48.5453 379.948 -44.2249 0.000593859 -27.769 
50.3735 -48.5809 379.954 -43.9622 0.000693859 -27.985 
50.8695 -48.6161 379.962 -43.7024 0.000493859 -28.198 
51.368 -48.6535 379.964 -43.4454 0.000193856 -28.408 
51.8626 -48.6872 379.973 136.809 0.00020614 151.384 
52.3608 -48.7245 379.977 -42.9398 9.38608e-05 -28.82 
52.8553 -48.7581 379.988 -42.691 0.000293859 -29.022 
53.3523 -48.7941 379.994 -42.4449 0.000393857 -29.221 
53.8487 -48.8296 380.001 -42.2015 0.000293859 -29.418 
54.3444 -48.8645 380.009 -41.9607 9.38608e-05 -29.612 
54.8429 -48.9019 380.011 138.278 0.000306141 150.197 
55.3384 -48.9366 380.02 -41.4868 0.000293859 -29.992 
55.8357 -48.9728 380.025 138.746 0.000306142 149.821 
56.3334 -49.0094 380.03 0 6.15665e-06 -71.3859 
56.8272 -49.0426 380.042 -40.7946 0.000193854 -30.544 
57.3239 -49.0782 380.049 -40.5687 0.000293857 -30.723 
57.8219 -49.1152 380.05 139.655 0.000606142 149.1 
58.3185 -49.1509 380.059 -40.1242 0.000293859 -31.074 
58.8133 -49.1849 380.069 -39.9054 0.000193857 -31.246 
59.3109 -49.2215 380.073 0 6.15665e-06 -71.1049 
59.8081 -49.2575 380.078 140.525 0.000306142 148.417 
60.3047 -49.2931 380.084 140.737 0.000606141 148.252 
60.8018 -49.3292 380.091 0 6.03709e-06 -70.9638 
61.2972 -49.3639 380.098 141.155 0.000406141 147.928 
61.7933 -49.3991 380.107 -38.6397 9.38569e-05 -32.231 
62.2888 -49.4338 380.117 -38.4363 0.00059386 -32.387 
62.786 -49.47 380.121 -38.2351 9.38608e-05 -32.542 
63.2829 -49.5059 380.126 141.964 0.000506141 147.306 
63.7802 -49.5421 380.132 0 6.15665e-06 -70.6837 
64.276 -49.577 380.138 142.357 0.000606141 147.007 
64.7726 -49.6126 380.146 142.55 0.000306142 146.861 
65.2684 -49.6476 380.155 -37.2591 9.38608e-05 -33.284 
65.7663 -49.6842 380.158 142.93 0.00050614 146.574 
66.261 -49.7185 380.168 143.118 0.000106143 146.433 
66.7591 -49.7552 380.173 -36.697 0.000293859 -33.705 
67.2555 -49.7906 380.179 143.487 0.000306142 146.158 
67.7525 -49.8267 380.185 -36.3316 9.38608e-05 -33.977 
68.2479 -49.8615 380.193 143.848 0.00050614 145.89 
68.7439 -49.8966 380.201 0 6.15665e-06 -70.2154 
69.2395 -49.9314 380.211 -35.7969 0.000493859 -34.371 
69.7373 -49.9679 380.214 0 6.03709e-06 -70.1212 
70.2344 -50.004 380.219 144.551 0.000406141 145.375 
70.7285 -50.0378 380.231 -35.278 0.000193861 -34.75 
71.2261 -50.0741 380.237 -35.1084 0.00079386 -34.873 
71.7219 -50.1091 380.245 -34.9404 0.000493859 -34.994 
72.2199 -50.1457 380.246 145.226 0.00070614 144.887 
72.716 -50.181 380.255 -34.6094 9.3853e-05 -35.231 
73.2117 -50.216 380.265 -34.4463 0.000893859 -35.348 
73.7082 -50.2517 380.269 145.715 0.000106143 144.538 
74.2057 -50.2879 380.275 145.875 0.000106146 144.425 
74.7029 -50.3238 380.281 146.034 0.00010614 144.313 
75.1993 -50.3594 380.287 -33.8094 9.3853e-05 -35.797 
75.6955 -50.3947 380.295 -33.6539 0.000293858 -35.906 
76.191 -50.4297 380.304 -33.5 0.000593861 -36.013 
76.6893 -50.4664 380.307 146.653 0.000106143 143.881 
77.1841 -50.5007 380.317 -33.1963 0.000393859 -36.223 
77.6812 -50.5368 380.322 0 6.15665e-06 -69.3727 
78.1781 -50.5726 380.328 147.102 0.000406141 143.573 
78.6745 -50.6081 380.334 147.249 0.00070614 143.473 
79.1716 -50.644 380.341 -32.606 0.000193857 -36.626 
79.6672 -50.679 380.349 -32.4618 9.38608e-05 -36.723 
80.1622 -50.7136 380.358 -32.319 0.000193857 -36.82 
80.66 -50.7499 380.362 147.823 0.000706141 143.086 
81.1554 -50.7848 380.372 -32.0372 0.00059386 -37.008 
81.6522 -50.8205 380.377 0 6.21557e-06 -68.9982 
82.1498 -50.8569 380.383 -31.7606 0.000493858 -37.191 
82.6459 -50.8921 380.39 -31.6241 9.3853e-05 -37.28 
83.1416 -50.9271 380.397 148.511 0.000206135 142.631 
83.6381 -50.9628 380.406 -31.355 0.000593858 -37.456 
84.136 -50.9991 380.409 148.778 0.00040614 142.458 
84.6304 -51.0334 380.418 148.909 0.000306139 142.373 
85.1288 -51.0701 380.423 149.04 0.000106143 142.29 
85.6255 -51.1058 380.428 149.169 0.00070614 142.207 
86.1199 -51.1402 380.44 -30.7029 0.00079386 -37.874 
86.616 -51.1754 380.447 -30.5759 0.000393861 -37.954 
87.1147 -51.2123 380.449 149.55 0.000806142 141.967 
87.6112 -51.2477 380.457 -30.3253 9.38685e-05 -38.111 
88.1059 -51.2823 380.466 -30.2017 0.000193861 -38.188 
88.6035 -51.3185 380.47 149.921 0.000606141 141.736 
89.0989 -51.3534 380.481 -29.9576 0.000693859 -38.338 
89.5958 -51.3893 380.486 -29.8372 0.000193861 -38.412 
90.0922 -51.4248 380.492 150.282 0.000106143 141.516 
90.5884 -51.4601 380.499 150.401 0.000306139 141.444 
91.0856 -51.496 380.506 -29.482 0.000593859 -38.627 
91.5843 -51.5329 380.509 150.634 0.000306139 141.304 
92.0793 -51.5675 380.518 0 6.21557e-06 -68.0153 
92.5741 -51.6021 380.528 -29.1359 0.00039386 -38.832 
93.0717 -51.6383 380.532 0 6.15665e-06 -67.9215 
93.5689 -51.6743 380.538 151.09 0.000206142 141.036 
94.0659 -51.7102 380.544 151.201 0.000306141 140.971 
94.5625 -51.7457 380.55 151.312 0.00020614 140.907 
95.0588 -51.781 380.558 -28.5783 9.3853e-05 -39.156 
95.5547 -51.8163 380.566 -28.4696 0.000493858 -39.218 
96.0489 -51.8507 380.575 -28.3618 9.3853e-05 -39.279 
96.5476 -51.8873 380.578 151.745 0.000106136 140.661 
97.0424 -51.9221 380.589 -28.1488 0.00079386 -39.398 
97.5392 -51.9577 380.594 151.956 0.000106143 140.544 
98.0368 -51.9939 380.6 -27.9393 0.000193857 -39.514 
98.5328 -52.0292 380.606 152.164 0.000306142 140.429 
99.0297 -52.065 380.613 -27.7332 0.00039386 -39.626 
99.5251 -52.0999 380.621 -27.6314 0.000193859 -39.681 
100.024 -52.1365 380.624 152.47 0.000806141 140.264 
100.52 -52.1719 380.633 -27.4303 0.000393859 -39.789 
101.018 -52.2081 380.637 152.669 0.00020614 140.159 
101.511 -52.2424 380.648 -27.2324 0.000393857 -39.893 
102.009 -52.2782 380.653 -27.1346 0.000193861 -39.944 
102.506 -52.314 380.66 -27.0376 9.3853e-05 -39.994 
103.002 -52.3496 380.666 -26.9414 0.000293858 -40.044 
103.497 -52.3845 380.674 153.154 0.00040614 139.908 
103.993 -52.4198 380.682 -26.7513 9.38569e-05 -40.14 
104.492 -52.4567 380.685 153.343 0.000106143 139.813 
104.986 -52.491 380.695 153.436 0.000206143 139.766 
105.485 -52.5277 380.699 153.528 0.000106143 139.721 
105.979 -52.5616 380.71 -26.3798 0.000193861 -40.324 
106.477 -52.5979 380.716 -26.2887 0.00069386 -40.369 
106.973 -52.6335 380.722 -26.1984 0.000393858 -40.412 
107.469 -52.6688 380.729 -26.1087 0.000293857 -40.455 
107.965 -52.704 380.737 -26.0197 0.000393857 -40.497 
108.464 -52.7408 380.739 154.069 0.000206142 139.461 
108.959 -52.7758 380.748 -25.8438 0.000293859 -40.58 
109.458 -52.8125 380.752 0 6.15665e-06 -66.3769 
109.951 -52.8465 380.762 154.329 0.000106136 139.341 
110.45 -52.8827 380.767 0 6.15665e-06 -66.2829 
110.946 -52.9183 380.773 154.5 0.000706142 139.264 
111.443 -52.9544 380.78 154.584 0.00010614 139.226 
111.939 -52.9897 380.787 154.668 0.000406142 139.189 
112.435 -53.0248 380.794 154.751 0.00040614 139.153 
112.93 -53.0598 380.803 154.834 0.000306138 139.117 
113.429 -53.0964 380.806 154.916 0.000906141 139.082 
113.924 -53.131 380.815 154.997 0.000306142 139.048 
114.422 -53.1675 380.82 155.078 0.000506141 139.014 
114.916 -53.2019 380.83 -24.8424 0.000493861 -41.019 
115.412 -53.2374 380.836 155.237 0.000306142 138.948 
115.91 -53.2734 380.843 -24.684 9.38608e-05 -41.084 
116.406 -53.3088 380.85 155.394 0.000306141 138.884 
116.903 -53.3444 380.857 -24.5279 0.00059386 -41.146 
117.398 -53.3794 380.865 -24.4507 0.000593858 -41.177 
117.897 -53.4162 380.868 155.626 0.000106143 138.793 
118.392 -53.4509 380.877 -24.298 0.000393859 -41.236 
118.89 -53.4872 380.882 -24.2224 9.38608e-05 -41.265 
119.387 -53.5229 380.887 155.853 0.000906141 138.707 
119.881 -53.5572 380.898 -24.0729 0.000193857 -41.321 
120.378 -53.5934 380.904 -23.999 0.000593858 -41.348 
120.874 -53.6288 380.911 -23.9256 9.38569e-05 -41.374 
121.37 -53.664 380.918 156.147 0.00010615 138.6 
121.867 -53.6996 380.925 -23.7803 0.00099386 -41.426 
122.366 -53.7364 380.929 -23.7084 0.000193854 -41.451 
122.861 -53.7712 380.937 -23.637 0.000693859 -41.476 
123.359 -53.8071 380.942 156.434 0.00070614 138.5 
123.853 -53.8417 380.952 -23.4957 0.000193859 -41.523 
124.351 -53.878 380.957 -23.4258 0.000293862 -41.546 
124.848 -53.9137 380.963 156.644 0.000306141 138.431 
125.344 -53.9493 380.969 156.713 0.000806141 138.409 
125.842 -53.9852 380.976 0 6.15665e-06 -64.832 
126.337 -54.0204 380.983 0 6.21557e-06 -64.785 
126.833 -54.0557 380.991 -23.0835 0.000193857 -41.655 
127.328 -54.0906 380.999 -23.0164 0.000693859 -41.675 
127.826 -54.1268 381.003 157.05 0.000606141 138.305 
128.321 -54.1616 381.012 -22.8836 0.000293859 -41.714 
128.82 -54.1981 381.017 -22.8179 0.000393858 -41.733 
129.317 -54.234 381.023 157.247 0.000306142 138.249 
129.814 -54.2695 381.029 157.312 0.000706141 138.23 
130.306 -54.3034 381.04 -22.6233 9.38608e-05 -41.787 
130.803 -54.3388 381.047 -22.5593 9.3853e-05 -41.804 
131.303 -54.3762 381.049 157.504 0.000706141 138.179 
131.799 -54.4116 381.057 157.567 0.000206142 138.163 
132.294 -54.4466 381.065 -22.3699 0.000493858 -41.853 
132.788 -54.4811 381.074 -22.3076 0.000393859 -41.869 
133.288 -54.5179 381.078 -22.2457 0.000493861 -41.884 
133.786 -54.554 381.083 157.816 0.000106146 138.101 
134.279 -54.5885 381.093 -22.1232 0.000393859 -41.913 
134.776 -54.6243 381.099 -22.0625 0.000293862 -41.927 
135.274 -54.6601 381.105 -22.0022 0.000293859 -41.94 
135.769 -54.6953 381.112 158.058 0.000406141 138.047 
136.266 -54.7308 381.119 0 6.21557e-06 -63.8487 
136.761 -54.7658 381.127 158.176 0.000206143 138.022 
137.262 -54.8029 381.13 158.235 0.000306139 138.01 
137.756 -54.8379 381.138 158.294 0.00010614 137.998 
138.25 -54.8723 381.147 -21.6484 0.000293858 -42.013 
138.749 -54.9088 381.152 158.409 0.00010614 137.976 
139.247 -54.9451 381.157 158.467 0.000306139 137.966 
139.741 -54.9795 381.167 -21.4766 0.000793859 -42.044 
140.237 -55.0151 381.173 -21.4201 9.38608e-05 -42.054 
140.734 -55.0506 381.18 158.636 0.00040614 137.936 
141.231 -55.0863 381.187 -21.308 0.000393858 -42.073 
141.727 -55.1216 381.194 -21.2525 0.000293858 -42.081 
142.222 -55.1569 381.202 -21.1974 0.000493858 -42.09 
142.722 -55.1935 381.205 0 6.15665e-06 -63.2405 
143.217 -55.2287 381.214 -21.0881 0.000593858 -42.105 
143.715 -55.2647 381.218 158.966 0.00050614 137.887 
144.21 -55.2995 381.227 -20.9801 0.000593858 -42.12 
144.707 -55.3356 381.233 159.073 0.000106143 137.874 
145.205 -55.3713 381.238 159.127 0.000506141 137.867 
145.697 -55.4054 381.249 -20.8207 0.000293859 -42.139 
146.194 -55.441 381.255 -20.7682 0.000293862 -42.144 
146.691 -55.4769 381.262 -20.7161 0.000493859 -42.15 
147.192 -55.5141 381.265 159.336 0.00010614 137.845 
147.687 -55.5491 381.273 159.387 0.000406142 137.841 
148.181 -55.5838 381.281 159.439 0.000506142 137.836 
148.677 -55.619 381.289 -20.5105 0.00069386 -42.168 
149.176 -55.6556 381.294 0 6.03709e-06 -62.6319 
149.67 -55.6902 381.303 -20.4096 0.000593859 -42.175 
150.168 -55.7262 381.308 -20.3595 0.00039386 -42.178 
150.665 -55.7619 381.313 159.69 0.00050614 137.819 
151.163 -55.7981 381.32 159.74 0.000306138 137.816 
151.659 -55.8336 381.326 159.789 0.00080614 137.814 
152.157 -55.8694 381.333 159.838 0.000106136 137.812 
152.652 -55.9049 381.34 159.886 0.000206138 137.81 
153.148 -55.94 381.347 0 6.27393e-06 -62.2566 
153.644 -55.9751 381.355 -20.0176 0.000393857 -42.193 
154.137 -56.0097 381.363 0 6.21557e-06 -62.1639 
154.637 -56.0466 381.367 160.078 0.00020614 137.806 
155.131 -56.0809 381.377 160.125 0.000206142 137.805 
155.63 -56.1177 381.381 -19.8285 9.38608e-05 -42.195 
156.128 -56.1535 381.387 160.218 0.00040614 137.806 
156.621 -56.1878 381.397 -19.7355 0.000293861 -42.194 
157.118 -56.2236 381.403 -19.6894 0.000293859 -42.193 
157.615 -56.2594 381.409 -19.6436 0.000393859 -42.192 
158.111 -56.2948 381.416 160.402 0.000206138 137.809 
158.607 -56.3304 381.423 -19.5528 0.000393859 -42.189 
159.103 -56.3652 381.431 -19.5077 0.000193857 -42.188 
159.602 -56.4021 381.434 160.537 0.000706142 137.814 
160.097 -56.4368 381.442 160.582 0.000406141 137.817 
160.591 -56.4719 381.451 -19.3742 9.3853e-05 -42.181 
161.09 -56.5084 381.456 160.67 0.00020614 137.822 
161.59 -56.5448 381.461 160.714 0.000306143 137.825 
162.082 -56.5787 381.47 160.757 0.000106143 137.828 
162.581 -56.6153 381.476 -19.1996 0.000193857 -42.168 
163.078 -56.6508 381.482 160.844 0.00020614 137.836 
163.574 -56.6865 381.489 160.886 0.00040614 137.84 
164.071 -56.7219 381.495 160.929 0.000306139 137.844 
164.567 -56.7576 381.502 160.971 0.000106136 137.848 
165.063 -56.793 381.51 -18.9867 0.000393861 -42.147 
165.558 -56.8278 381.517 -18.9448 9.38608e-05 -42.142 
166.058 -56.8649 381.521 0 6.21557e-06 -61.0402 
166.553 -56.8997 381.53 -18.8618 9.38608e-05 -42.131 
167.047 -56.9343 381.538 -18.8206 0.000393857 -42.126 
167.545 -56.9705 381.543 0 6.15665e-06 -60.8996 
168.044 -57.0069 381.549 161.261 0.000306144 137.886 
168.537 -57.0411 381.558 -18.6983 0.000693858 -42.108 
169.034 -57.0768 381.564 161.342 0.000106143 137.899 
169.532 -57.1131 381.571 -18.618 0.000293859 -42.094 
170.028 -57.1484 381.577 0 6.03709e-06 -60.6651 
170.524 -57.1838 381.584 161.462 0.000206143 137.92 
171.02 -57.2193 381.591 161.501 0.000106136 137.927 
171.516 -57.2546 381.598 -18.4598 0.000193863 -42.065 
172.012 -57.2896 381.606 -18.4207 0.00069386 -42.057 
172.511 -57.3261 381.61 161.618 0.00060614 137.95 
173.006 -57.3612 381.619 -18.3433 0.000293858 -42.041 
173.504 -57.3976 381.623 161.695 0.00060614 137.967 
173.998 -57.4321 381.632 161.733 0.00020614 137.976 
174.496 -57.4682 381.638 161.771 0.00070614 137.985 
174.994 -57.5043 381.643 161.809 0.000906141 137.994 
175.487 -57.5387 381.653 -18.1533 9.38608e-05 -41.997 
175.985 -57.5743 381.659 -18.1158 0.000293858 -41.988 
176.481 -57.6098 381.666 161.921 0.000306142 138.022 
176.978 -57.6457 381.672 -18.0416 0.000293859 -41.968 
177.473 -57.6811 381.679 -18.0048 0.000193861 -41.959 
177.969 -57.7161 381.687 -17.9681 0.000193861 -41.948 
178.47 -57.7532 381.691 162.068 0.00060614 138.062 
178.965 -57.7882 381.698 162.105 0.000106143 138.073 
179.46 -57.8231 381.707 -17.8593 0.000593859 -41.917 
179.958 -57.8594 381.711 162.177 0.000606141 138.094 
180.453 -57.8943 381.72 -17.7877 0.000493858 -41.895 
180.951 -57.9305 381.725 162.248 0.00020614 138.117 
181.449 -57.9664 381.731 162.283 0.000706139 138.128 
181.941 -58.0009 381.74 0 6.09716e-06 -59.5417 
182.439 -58.0368 381.746 162.353 0.000106146 138.151 
182.936 -58.0723 381.753 -17.6118 9.38608e-05 -41.837 
183.434 -58.1083 381.759 -17.5772 0.000393859 -41.824 
183.929 -58.1435 381.766 162.457 0.000106136 138.188 
184.425 -58.1786 381.773 162.492 0.000306141 138.201 
184.922 -58.2144 381.781 -17.4743 0.00059386 -41.787 
185.416 -58.2496 381.788 -17.4404 0.000793859 -41.774 
185.917 -58.2863 381.792 -17.4066 9.38569e-05 -41.761 
186.41 -58.3209 381.8 162.627 0.000306139 138.252 
186.91 -58.3574 381.805 162.661 0.00060614 138.266 
187.404 -58.3922 381.814 -17.3062 0.00039386 -41.721 
187.902 -58.4283 381.819 162.727 0.000406141 138.293 
188.395 -58.4625 381.828 162.76 0.00010614 138.307 
188.894 -58.4988 381.834 -17.2073 0.00049386 -41.679 
189.391 -58.5348 381.84 -17.1747 0.000293861 -41.665 
189.889 -58.5706 381.847 -17.1422 0.000193861 -41.651 
190.385 -58.6059 381.853 162.89 0.000606141 138.364 
190.881 -58.6415 381.86 162.922 0.000206138 138.378 
191.377 -58.6767 381.867 162.954 0.000606141 138.393 
191.873 -58.7125 381.874 -17.0139 9.38491e-05 -41.592 
192.368 -58.7476 381.881 -16.9822 9.38569e-05 -41.577 
192.863 -58.7824 381.889 -16.9506 0.000293859 -41.561 
193.363 -58.8191 381.894 163.081 0.00040614 138.454 
193.858 -58.8542 381.902 -16.888 0.000193861 -41.531 
194.357 -58.8906 381.907 0 6.15665e-06 -58.3719 
194.85 -58.9249 381.916 163.174 0.000106146 138.501 
195.35 -58.9613 381.921 -16.7951 9.38608e-05 -41.483 
195.847 -58.9974 381.927 163.236 0.000606141 138.533 
196.339 -59.0317 381.936 0 6.09716e-06 -58.184 
196.837 -59.0674 381.942 163.296 0.000306141 138.566 
197.334 -59.1032 381.948 163.327 0.000306142 138.583 
197.831 -59.1388 381.955 163.357 0.00020614 138.599 
198.328 -59.1747 381.962 -16.6134 9.38569e-05 -41.384 
198.823 -59.2098 381.969 163.416 0.000306142 138.633 
199.32 -59.2452 381.976 -16.5539 0.000393858 -41.35 
199.815 -59.2804 381.983 -16.5244 0.000293857 -41.332 
200.315 -59.317 381.988 163.505 0.000606141 138.685 
200.809 -59.3521 381.995 163.534 0.000306143 138.703 
201.304 -59.3871 382.003 -16.4367 0.000193861 -41.28 
201.803 -59.4235 382.008 163.592 0.000106143 138.738 
202.298 -59.4581 382.017 -16.3788 0.000693859 -41.244 
202.796 -59.4941 382.022 163.65 0.000206138 138.774 
203.295 -59.5307 382.028 0 6.15665e-06 -57.5286 
203.787 -59.5648 382.037 -16.2931 0.000493858 -41.189 
204.284 -59.6007 382.043 -16.2648 9.38569e-05 -41.171 
204.782 -59.6364 382.05 163.763 0.000106143 138.848 
205.279 -59.672 382.056 163.792 0.00010614 138.867 
205.776 -59.7078 382.063 -16.1806 9.38569e-05 -41.114 
206.271 -59.743 382.07 163.847 0.000506142 138.905 
206.767 -59.7785 382.076 -16.1251 9.38608e-05 -41.076 
207.262 -59.8138 382.084 163.902 0.000206142 138.943 
207.759 -59.8491 382.091 -16.0701 0.00069386 -41.038 
208.259 -59.8857 382.096 163.957 0.00010614 138.982 
208.753 -59.9209 382.104 -16.0157 0.000193859 -40.998 
209.248 -59.9557 382.112 -15.9886 0.000693858 -40.979 
209.747 -59.992 382.117 -15.9616 0.000393858 -40.959 
210.24 -60.0265 382.125 -15.9348 0.000193863 -40.939 
210.739 -60.0629 382.131 -15.9081 0.000293857 -40.919 
211.237 -60.0987 382.136 164.119 0.000506141 139.101 
211.731 -60.1337 382.145 -15.8551 0.000893859 -40.878 
212.228 -60.1693 382.152 -15.8287 0.000493859 -40.858 
212.725 -60.2052 382.158 -15.8025 0.000293858 -40.837 
213.222 -60.241 382.164 -15.7764 0.000293858 -40.816 
213.719 -60.2767 382.171 -15.7504 0.000393857 -40.796 
214.215 -60.3119 382.178 164.276 0.000306141 139.225 
214.711 -60.3474 382.185 -15.6987 0.000193857 -40.754 
215.206 -60.3824 382.192 164.327 0.00010614 139.267 
215.703 -60.4181 382.199 -15.6475 0.00079386 -40.711 
216.203 -60.4545 382.204 164.378 0.00020614 139.31 
216.698 -60.4896 382.211 0 6.27393e-06 -56.2647 
217.192 -60.5246 382.219 -15.5715 0.000393857 -40.647 
217.692 -60.5612 382.224 0 6.15665e-06 -56.1714 
218.186 -60.596 382.232 -15.5214 0.000793859 -40.603 
218.684 -60.632 382.238 164.504 0.000306142 139.419 
219.178 -60.6668 382.246 -15.4717 0.000793859 -40.559 
219.675 -60.7026 382.252 -15.447 9.38608e-05 -40.537 
220.173 -60.7384 382.258 164.578 0.00050614 139.485 
220.67 -60.7745 382.264 164.602 0.00080614 139.507 
221.163 -60.8089 382.273 -15.3736 0.000993859 -40.47 
221.659 -60.8441 382.28 0 6.21557e-06 -55.7973 
222.156 -60.8801 382.287 -15.3252 9.3853e-05 -40.425 
222.653 -60.9156 382.294 -15.3011 0.000393859 -40.402 
223.15 -60.951 382.301 -15.2771 0.000893859 -40.379 
223.65 -60.9879 382.305 164.747 0.000406141 139.644 
224.145 -61.0229 382.312 164.771 0.000506139 139.667 
224.641 -61.0585 382.319 -15.2059 0.00049386 -40.31 
225.136 -61.0934 382.327 -15.1823 0.00069386 -40.287 
225.636 -61.1298 382.332 0 6.09716e-06 -55.4228 
226.13 -61.165 382.34 -15.1355 0.00059386 -40.24 
226.629 -61.2009 382.345 164.888 0.000706141 139.783 
227.123 -61.2357 382.354 -15.089 9.38569e-05 -40.193 
227.622 -61.2723 382.359 -15.066 0.000193859 -40.169 
228.114 -61.3066 382.368 -15.043 0.000393861 -40.145 
228.612 -61.3424 382.374 164.98 0.000206143 139.878 
229.111 -61.3786 382.38 -14.9973 0.000293858 -40.097 
229.609 -61.4144 382.386 0 6.21557e-06 -55.0476 
230.106 -61.4501 382.392 165.048 0.00010614 139.951 
230.596 -61.4839 382.401 0 6.15665e-06 -54.9545 
231.093 -61.5197 382.408 -14.9071 0.000193854 -40 
231.589 -61.5554 382.415 -14.8848 0.00059386 -39.976 
232.091 -61.5919 382.42 165.138 0.000906141 140.049 
232.587 -61.6276 382.427 165.16 0.000206142 140.073 
233.082 -61.6625 382.434 165.182 0.000306142 140.098 
233.576 -61.6979 382.441 165.204 0.000206142 140.123 
234.071 -61.7328 382.448 0 6.15665e-06 -54.6265 
234.571 -61.7693 382.454 165.247 0.000706141 140.173 
235.066 -61.8042 382.461 165.269 0.00010614 140.198 
235.565 -61.8407 382.467 165.291 0.000406141 140.223 
236.059 -61.8758 382.475 -14.6879 0.000393858 -39.752 
236.558 -61.9115 382.481 165.334 0.000606141 140.274 
237.051 -61.9465 382.489 -14.6451 0.00059386 -39.701 
237.549 -61.9823 382.495 0 6.15665e-06 -54.2988 
238.047 -62.0181 382.501 165.397 0.000506142 140.35 
238.544 -62.0539 382.507 165.419 0.000906141 140.376 
239.037 -62.0886 382.516 -14.5605 0.000893859 -39.598 
239.533 -62.1241 382.523 165.46 0.00010614 140.428 
240.03 -62.1596 382.529 -14.5187 9.38608e-05 -39.546 
240.527 -62.1955 382.536 -14.498 0.000393861 -39.52 
241.024 -62.2311 382.543 -14.4773 0.000793858 -39.494 
241.519 -62.2664 382.55 -14.4567 0.00039386 -39.468 
242.02 -62.3027 382.555 165.564 0.000806141 140.558 
242.516 -62.3384 382.562 -14.4157 9.38569e-05 -39.415 
243.011 -62.3733 382.569 -14.3953 0.000193861 -39.389 
243.505 -62.4083 382.576 -14.375 0.000493859 -39.362 
244.006 -62.4448 382.582 165.645 0.00010614 140.664 
244.5 -62.48 382.59 -14.3347 0.000393858 -39.309 
245 -62.5166 382.595 -14.3147 9.38685e-05 -39.282 
245.492 -62.551 382.603 0 6.15665e-06 -53.5497 
245.992 -62.5873 382.609 0 6.15665e-06 -53.5028 
246.484 -62.6219 382.617 -14.255 0.000193859 -39.201 
246.983 -62.6579 382.623 -14.2352 0.000493859 -39.174 
247.481 -62.6941 382.629 0 6.15665e-06 -53.3626 
247.979 -62.7299 382.635 165.804 0.000406141 140.88 
248.47 -62.7642 382.644 -14.1765 0.00039386 -39.093 
248.968 -62.7997 382.651 -14.157 0.000293859 -39.065 
249.465 -62.8353 382.657 -14.1376 0.000393861 -39.038 
249.96 -62.8706 382.664 165.882 0.000406142 140.99 
250.457 -62.9063 382.671 0 6.09716e-06 -53.0821 
250.954 -62.9421 382.677 -14.08 0.000593859 -38.955 
251.449 -62.9772 382.684 -14.0609 0.000293857 -38.927 
251.95 -63.0139 382.69 165.958 0.000906141 141.1 
252.446 -63.0495 382.697 -14.023 9.38685e-05 -38.872 
252.941 -63.0844 382.704 -14.0041 0.000193861 -38.844 
253.435 -63.1194 382.712 -13.9853 0.000493859 -38.816 
253.935 -63.156 382.717 166.033 0.000106146 141.212 
254.43 -63.1907 382.725 -13.9479 0.000493858 -38.759 
254.928 -63.2272 382.73 166.071 0.000806141 141.269 
255.422 -63.2621 382.738 -13.9109 9.3853e-05 -38.703 
255.922 -63.2982 382.744 -13.8924 9.3853e-05 -38.675 
256.414 -63.3325 382.752 -13.874 0.000293862 -38.646 
256.912 -63.3684 382.758 166.144 0.000406141 141.382 
257.411 -63.4048 382.764 -13.8375 9.38569e-05 -38.589 
257.908 -63.4405 382.77 166.181 0.000306139 141.44 
258.4 -63.4748 382.779 -13.8012 0.000393859 -38.532 
258.897 -63.5108 382.785 -13.7832 0.000293857 -38.503 
259.394 -63.5463 382.792 -13.7652 0.000293862 -38.474 
259.891 -63.582 382.799 -13.7473 0.000493859 -38.445 
260.387 -63.6175 382.806 166.271 0.000206142 141.584 
260.883 -63.653 382.812 -13.7117 0.000293858 -38.387 
261.379 -63.6882 382.819 166.306 0.00010614 141.642 
261.875 -63.7235 382.826 -13.6763 0.000693859 -38.329 
262.376 -63.7605 382.832 166.341 0.000506142 141.7 
262.87 -63.7952 382.839 166.359 0.000406141 141.73 
263.365 -63.8305 382.846 166.376 0.000306142 141.759 
263.867 -63.8672 382.851 -13.6064 9.38608e-05 -38.212 
264.359 -63.902 382.859 166.411 0.000506142 141.818 
264.853 -63.9368 382.867 -13.5718 9.3853e-05 -38.153 
265.353 -63.9732 382.873 166.445 0.000206138 141.877 
265.847 -64.0083 382.88 -13.5375 0.00069386 -38.093 
266.345 -64.0441 382.886 166.48 0.000306141 141.936 
266.845 -64.0804 382.892 166.497 0.000106136 141.966 
267.337 -64.1147 382.9 -13.4864 9.38608e-05 -38.004 
267.836 -64.1508 382.906 -13.4695 0.000593859 -37.974 
268.333 -64.1868 382.913 -13.4527 9.3853e-05 -37.944 
268.831 -64.2225 382.919 166.564 0.000206142 142.086 
269.328 -64.2583 382.926 166.581 0.000306141 142.116 
269.819 -64.2924 382.934 -13.4025 0.000593858 -37.854 
270.316 -64.328 382.941 -13.3859 0.000693858 -37.823 
270.811 -64.3635 382.947 0 6.15665e-06 -51.1624 
271.308 -64.399 382.955 -13.3529 0.000293858 -37.763 
271.81 -64.4361 382.959 166.664 0.000106143 142.267 
272.305 -64.4711 382.967 166.68 0.000506141 142.298 
272.801 -64.5066 382.973 -13.3038 0.000293856 -37.672 
273.296 -64.5415 382.981 -13.2875 0.000193857 -37.641 
273.791 -64.5766 382.988 -13.2713 0.000193861 -37.61 
274.291 -64.6132 382.994 166.745 0.00060614 142.42 
274.785 -64.6481 383.001 166.761 0.000306143 142.451 
275.285 -64.6846 383.007 166.777 0.00080614 142.482 
275.779 -64.7194 383.014 166.793 0.000306144 142.513 
276.273 -64.7544 383.022 -13.1912 0.000393856 -37.456 
276.772 -64.7905 383.028 -13.1753 0.000293858 -37.426 
277.27 -64.8264 383.034 166.841 0.00070614 142.606 
277.763 -64.8614 383.041 -13.1438 0.000393858 -37.363 
278.261 -64.8973 383.048 166.872 0.00040614 142.668 
278.76 -64.9331 383.054 166.888 0.000106143 142.699 
279.251 -64.9679 383.062 -13.0969 0.000393861 -37.27 
279.749 -65.0033 383.069 0 6.09716e-06 -50.3203 
280.246 -65.0389 383.075 166.934 0.000206142 142.793 
280.743 -65.0747 383.082 166.95 0.000306141 142.824 
281.24 -65.1103 383.088 166.965 0.000306142 142.855 
281.736 -65.146 383.095 166.98 0.000206142 142.887 
282.233 -65.1814 383.102 -13.0044 9.38646e-05 -37.081 
282.729 -65.217 383.109 -12.9892 0.00049386 -37.05 
283.224 -65.252 383.116 0 6.03709e-06 -49.992 
283.726 -65.289 383.122 167.041 0.000406141 143.013 
284.22 -65.3239 383.128 167.056 0.000606141 143.045 
284.716 -65.3593 383.135 -12.9288 0.000293857 -36.923 
285.21 -65.3947 383.143 -12.9139 0.000293861 -36.891 
285.711 -65.4307 383.149 167.101 0.000606141 143.141 
286.204 -65.4659 383.156 167.116 0.000306143 143.173 
286.704 -65.5023 383.162 167.131 0.000906142 143.205 
