-1.28189 -118.363 382.555 0 6.03709e-06 -10.5206 
-1.28079 -118.357 382.56 -90.62 0.000293859 80.1001 
-1.27932 -118.354 382.558 89.3807 0.00020614 -99.8997 
-1.27716 -118.346 382.563 89.3817 0.000606142 -99.8993 
-1.27438 -118.337 382.566 89.383 0.000706141 -99.8988 
-1.27094 -118.324 382.575 -90.6154 0.000293859 80.1017 
-1.26685 -118.309 382.583 -90.6135 0.00049386 80.1024 
-1.26213 -118.292 382.591 89.3887 0.000106143 -99.8968 
-1.25701 -118.277 382.599 -90.6089 0.000393859 80.1041 
-1.25103 -118.258 382.606 89.3939 0.000806141 -99.8949 
-1.2446 -118.236 382.619 -90.6031 9.38608e-05 80.1062 
-1.23732 -118.21 382.631 89.4003 0.000706142 -99.8926 
-1.22959 -118.182 382.648 -90.5961 0.000593861 80.1087 
-1.22128 -118.156 382.659 -90.5922 9.38608e-05 80.1101 
-1.21229 -118.124 382.675 89.412 0.000206138 -99.8884 
-1.20248 -118.092 382.691 89.4166 0.000406142 -99.8867 
-1.19219 -118.053 382.712 89.4214 0.000306142 -99.885 
-1.18135 -118.02 382.727 0 6.21557e-06 -10.4567 
-1.16983 -117.98 382.747 89.4319 0.000606141 -99.8813 
-1.15765 -117.935 382.773 0 6.27393e-06 -10.4417 
-1.1451 -117.893 382.792 89.4435 0.000206142 -99.8771 
-1.13169 -117.846 382.816 89.4498 0.000206138 -99.8749 
-1.11766 -117.799 382.841 0 6.15665e-06 -10.4162 
-1.10301 -117.749 382.864 89.4633 0.000606141 -99.8702 
-1.08771 -117.695 382.893 0 6.03709e-06 -10.3972 
-1.07202 -117.641 382.922 -90.5221 0.00069386 80.1349 
-1.05549 -117.585 382.949 -90.5143 0.000693859 80.1376 
-1.03836 -117.527 382.977 89.4938 0.00020614 -99.8596 
-1.02059 -117.465 383.01 -90.4978 9.38685e-05 80.1433 
-1.00221 -117.402 383.042 -90.4891 0.000693859 80.1463 
-0.983229 -117.337 383.074 -90.4801 0.000393859 80.1493 
-0.963649 -117.273 383.106 -90.4708 0.000293859 80.1525 
-0.943428 -117.202 383.143 -90.4612 0.000393857 80.1557 
-0.922603 -117.129 383.179 89.5487 0.000306142 -99.8409 
-0.901199 -117.057 383.215 -90.4411 0.000193857 80.1625 
-0.879162 -116.98 383.256 -90.4306 0.00089386 80.166 
-0.856356 -116.905 383.291 89.5803 0.000206142 -99.8304 
-0.833139 -116.825 383.332 89.5914 0.000206143 -99.8267 
-0.809095 -116.739 383.377 -90.3971 9.38608e-05 80.177 
-0.784704 -116.657 383.416 89.6146 0.000406141 -99.8191 
-0.759504 -116.571 383.461 -90.3733 0.000293857 80.1848 
-0.733516 -116.483 383.505 -90.3608 9.38608e-05 80.1888 
-0.707149 -116.393 383.549 89.6519 0.000806141 -99.8071 
-0.680194 -116.3 383.598 -90.3351 0.000493859 80.197 
-0.652453 -116.203 383.647 0 6.21557e-06 -10.1205 
-0.624148 -116.107 383.695 89.692 0.000406141 -99.7945 
-0.595278 -116.01 383.743 89.706 0.00050614 -99.7901 
-0.565618 -115.907 383.796 89.7204 0.000406142 -99.7857 
-0.535604 -115.803 383.849 89.735 0.000106143 -99.7812 
-0.504828 -115.698 383.901 89.75 0.000606141 -99.7766 
-0.47328 -115.588 383.958 -90.2346 9.38608e-05 80.228 
-0.441404 -115.482 384.01 0 6.03709e-06 -9.9863 
-0.408557 -115.371 384.067 -90.2029 9.38608e-05 80.2375 
-0.375351 -115.253 384.128 -90.1866 0.000493858 80.2423 
-0.34142 -115.139 384.184 0 6.03709e-06 -9.9228 
-0.306937 -115.019 384.245 89.8471 0.00020614 -99.7479 
-0.271723 -114.898 384.306 89.8645 0.000306141 -99.743 
-0.23598 -114.778 384.367 89.8822 0.000106136 -99.7379 
-0.1997 -114.651 384.432 -90.0998 0.000293859 80.2671 
-0.162701 -114.524 384.497 -90.0814 0.000893859 80.2723 
-0.124982 -114.395 384.562 -90.0626 0.000693858 80.2774 
-0.0867485 -114.264 384.626 89.9565 0.00020614 -99.7174 
-0.0480025 -114.129 384.696 0 6.15665e-06 -9.7362 
-0.00835342 -113.998 384.76 89.9958 0.00050614 -99.7068 
0.031599 -113.856 384.834 -89.9841 0.000193857 80.2985 
0.0724471 -113.719 384.903 -89.9635 9.38685e-05 80.3039 
0.113785 -113.575 384.976 -89.9426 0.000293859 80.3092 
0.155815 -113.435 385.044 90.0787 0.000406141 -99.6854 
0.198317 -113.285 385.123 -89.8997 0.000193857 80.3201 
0.241504 -113.139 385.195 0 6.27393e-06 -9.5522 
0.285352 -112.987 385.273 -89.8553 9.3853e-05 80.331 
0.329868 -112.835 385.35 -89.8325 0.000393859 80.3365 
0.375044 -112.68 385.427 90.1907 0.000106143 -99.658 
0.420683 -112.526 385.504 90.2142 0.000406141 -99.6525 
0.466954 -112.365 385.586 90.2381 0.000406141 -99.6469 
0.51407 -112.204 385.668 90.2625 0.000206142 -99.6414 
0.561633 -112.043 385.749 -89.7128 0.000293857 80.3641 
0.609799 -111.874 385.835 0 6.03709e-06 -9.318 
0.658628 -111.711 385.916 90.3378 0.000106136 -99.6248 
0.708053 -111.542 386.002 0 6.21557e-06 -9.2556 
0.758061 -111.366 386.093 -89.61 0.000493858 80.3862 
0.808713 -111.195 386.178 -89.5833 9.3853e-05 80.3917 
0.860129 -111.017 386.268 0 6.21557e-06 -9.1589 
0.911954 -110.84 386.358 -89.5286 9.38646e-05 80.4027 
0.964558 -110.66 386.448 90.4994 0.00050614 -99.5919 
1.01775 -110.48 386.537 90.5278 0.00080614 -99.5865 
1.0715 -110.295 386.632 -89.4434 9.38569e-05 80.4189 
1.126 -110.109 386.726 -89.4141 0.000193857 80.4242 
1.18102 -109.917 386.826 -89.3844 0.00059386 80.4295 
1.23665 -109.728 386.919 -89.3543 0.000293857 80.4348 
1.29297 -109.534 387.018 -89.3237 0.000193861 80.44 
1.34983 -109.339 387.116 -89.2927 0.000393859 80.4451 
1.40742 -109.143 387.215 90.7388 0.000206142 -99.5498 
1.46549 -108.942 387.318 -89.2293 0.000493861 80.4553 
1.52432 -108.743 387.416 90.8031 0.000506141 -99.5398 
1.58381 -108.54 387.518 90.836 0.000306142 -99.5349 
1.64374 -108.331 387.627 -89.1307 0.000193857 80.47 
1.70442 -108.125 387.729 0 6.03709e-06 -8.6222 
1.76571 -107.914 387.836 0 6.15665e-06 -8.5832 
1.82749 -107.702 387.943 -89.0279 0.000293861 80.484 
1.89011 -107.489 388.05 91.0074 0.000106143 -99.5115 
1.95314 -107.271 388.162 -88.9569 0.00079386 80.4929 
2.01688 -107.055 388.269 91.0793 0.000106143 -99.5029 
2.08134 -106.834 388.38 91.1161 0.000606143 -99.4987 
2.14619 -106.608 388.497 -88.8467 9.38452e-05 80.5054 
2.21193 -106.385 388.608 -88.8089 9.38646e-05 80.5093 
2.27818 -106.157 388.724 -88.7706 0.000393859 80.5132 
2.34501 -105.927 388.84 0 6.03709e-06 -8.2149 
2.41245 -105.697 388.956 91.3075 0.00020614 -99.4796 
2.48066 -105.466 389.072 0 6.15665e-06 -8.1287 
2.5493 -105.228 389.192 91.3878 0.000506139 -99.4729 
2.61855 -104.991 389.313 -88.5713 0.000293861 80.5303 
2.68867 -104.751 389.433 91.4703 0.000706141 -99.4668 
2.75909 -104.508 389.559 -88.4877 0.00069386 80.536 
2.83044 -104.265 389.678 91.555 0.000606142 -99.4614 
2.90223 -104.019 389.804 91.5982 0.000706142 -99.4589 
2.97473 -103.771 389.928 91.642 0.000406141 -99.4566 
3.04776 -103.518 390.058 -88.3136 0.000193861 80.5454 
3.12155 -103.267 390.182 91.7314 0.000806141 -99.4527 
3.19571 -103.012 390.312 91.7769 0.000606141 -99.451 
3.27072 -102.756 390.441 0 6.15665e-06 -7.6265 
3.34621 -102.495 390.576 -88.1301 0.000793859 80.5517 
3.42241 -102.236 390.705 0 6.15665e-06 -7.53 
3.49924 -101.97 390.839 91.9654 0.000406142 -99.4466 
3.57673 -101.706 390.974 -87.9859 0.000393859 80.554 
3.65472 -101.439 391.107 92.0634 0.000406141 -99.4457 
3.73334 -101.167 391.247 -87.8866 9.38608e-05 80.5543 
3.81284 -100.899 391.38 0 6.38906e-06 -7.2819 
3.89266 -100.624 391.518 92.2154 0.000806141 -99.4465 
3.97312 -100.346 391.663 -87.7326 0.000693859 80.5527 
4.05431 -100.068 391.801 92.3201 0.00040614 -99.4484 
4.13604 -99.7859 391.945 92.3735 0.000106143 -99.4498 
4.21846 -99.5037 392.088 -87.5724 0.000393859 80.5485 
4.30148 -99.2194 392.231 -87.5176 0.000393856 80.5465 
4.38509 -98.9333 392.375 92.5379 0.000306142 -99.4559 
4.46952 -98.6469 392.517 92.5942 0.00070614 -99.4586 
4.55434 -98.3547 392.666 92.6512 0.000706141 -99.4616 
4.63993 -98.062 392.814 92.709 0.000306139 -99.465 
4.72587 -97.7639 392.968 -87.2325 0.000393861 80.5312 
4.8129 -97.469 393.115 -87.1731 0.000493861 80.527 
4.89999 -97.1669 393.269 0 5.97642e-06 -6.5906 
4.98804 -96.8658 393.422 -87.0522 0.000893859 80.5175 
5.07663 -96.5616 393.575 -86.9905 9.38569e-05 80.5122 
5.16608 -96.2568 393.727 93.0721 0.000306139 -99.4936 
5.25581 -95.9479 393.886 -86.8646 0.000693858 80.5002 
5.34648 -95.6407 394.038 -86.8004 9.38569e-05 80.4935 
5.43765 -95.3279 394.196 93.2647 0.00010614 -99.5136 
5.52935 -95.0134 394.354 93.3306 0.00100614 -99.5212 
5.62158 -94.6946 394.517 93.3974 0.000406141 -99.5293 
5.71454 -94.3753 394.68 -86.5349 0.000593859 80.4621 
5.80836 -94.0579 394.837 93.5337 0.000106146 -99.547 
5.90256 -93.7349 395 93.6032 0.000306142 -99.5566 
5.9971 -93.4063 395.169 93.6736 0.000106143 -99.5668 
6.0927 -93.081 395.331 93.745 0.00060614 -99.5775 
6.18884 -92.7515 395.5 -86.1826 0.000393859 80.4112 
6.2854 -92.4185 395.667 93.8907 0.000106146 -99.6006 
6.38287 -92.0853 395.835 93.9651 0.000306143 -99.6131 
6.4809 -91.7514 396.003 0 6.15665e-06 -5.5857 
6.57946 -91.4123 396.177 -85.8832 0.00059386 80.3602 
6.67857 -91.071 396.35 -85.8058 0.000793859 80.3458 
6.77824 -90.7279 396.523 -85.7274 0.000293859 80.3308 
6.87869 -90.3843 396.697 -85.6479 0.000293858 80.3152 
6.97996 -90.0388 396.87 94.4328 0.000306142 -99.7012 
7.08153 -89.6891 397.048 -85.4855 0.000593858 80.2817 
7.18399 -89.3412 397.221 94.5973 0.000106143 -99.7361 
7.2869 -88.9878 397.4 94.6813 0.000406141 -99.7546 
7.3906 -88.6338 397.578 94.7665 0.00010614 -99.774 
7.49455 -88.2745 397.763 -85.1472 0.000493861 80.2059 
7.59941 -87.9166 397.941 94.9403 0.000306139 -99.815 
7.70486 -87.5548 398.125 -84.9709 0.000293858 80.1633 
7.8109 -87.1911 398.309 -84.8809 0.000293859 80.1407 
7.91747 -86.8254 398.493 95.2103 0.000206142 -99.8828 
8.02499 -86.4592 398.677 95.3029 0.00020614 -99.9071 
8.13267 -86.0876 398.867 -84.6033 0.000293862 80.0677 
8.24108 -85.7139 399.057 -84.5081 0.000293859 80.0415 
8.35021 -85.3399 399.247 -84.4116 0.000693859 80.0143 
8.46001 -84.9639 399.437 -84.3137 0.000593858 79.986 
8.57044 -84.5859 399.626 0 6.09716e-06 -4.2574 
8.68163 -84.2073 399.816 95.8863 0.000106143 -100.073 
8.79318 -83.8234 400.011 -84.0115 0.000293858 79.896 
8.90541 -83.4375 400.207 -83.9078 0.000193859 79.863 
9.01827 -83.0511 400.403 -83.8027 0.00059386 79.83 
9.13189 -82.6627 400.598 -83.696 0.000493859 79.796 
9.24605 -82.2723 400.794 96.4122 0.000106143 -100.24 
9.36049 -81.8764 400.995 96.522 0.000106136 -100.277 
9.47586 -81.4802 401.197 -83.3665 0.000293859 79.685 
9.59218 -81.0852 401.393 96.7466 0.000706141 -100.354 
9.70884 -80.6865 401.595 96.8613 0.000306139 -100.395 
9.82586 -80.2823 401.803 -83.0222 0.000693859 79.563 
9.94384 -79.8794 402.004 -82.904 0.000293859 79.52 
10.0621 -79.4713 402.212 -82.784 0.000293861 79.475 
10.1816 -79.0658 402.414 97.3378 0.000106143 -100.571 
10.3012 -78.655 402.622 -82.5386 9.38608e-05 79.381 
10.4216 -78.2423 402.83 97.5869 0.000306139 -100.668 
10.5422 -77.8257 403.045 -82.2857 0.000993859 79.282 
10.6639 -77.4089 403.253 97.8437 0.000306141 -100.77 
10.7864 -76.9929 403.461 0 6.21557e-06 -2.849 
10.909 -76.5702 403.676 98.1084 0.00010614 -100.879 
11.0325 -76.1469 403.891 -81.7561 0.000293859 79.064 
11.1566 -75.7215 404.106 -81.6185 0.000293859 79.005 
11.2809 -75.2944 404.321 98.5209 0.000406141 -101.055 
11.4053 -74.8686 404.537 -81.3383 0.000293859 78.883 
11.5296 -74.4415 404.753 -81.1959 9.3853e-05 78.82 
11.6539 -74.0143 404.97 -81.052 0.000193857 78.755 
11.7787 -73.5901 405.181 99.0935 0.000406141 -101.311 
11.9029 -73.1628 405.399 -80.7595 0.000193861 78.621 
12.0268 -72.7341 405.617 0 6.21557e-06 -2.0599 
12.1516 -72.3098 405.83 -80.4606 9.38608e-05 78.48 
12.2761 -71.884 406.043 99.6913 0.000606141 -101.593 
12.4001 -71.4552 406.263 99.8449 0.000106136 -101.667 
12.5245 -71.0293 406.477 100 0.000306141 -101.744 
12.649 -70.6033 406.692 100.157 0.000306142 -101.822 
12.7735 -70.1774 406.908 100.316 0.000106143 -101.901 
12.8979 -69.7512 407.124 -79.5236 0.000393857 78.017 
13.0221 -69.3238 407.34 0 6.15665e-06 -1.4273 
13.1471 -68.9005 407.551 100.803 0.000106146 -102.151 
13.2712 -68.4726 407.768 -79.0311 9.38646e-05 77.762 
13.3954 -68.0449 407.987 -78.8631 0.000393859 77.673 
13.52 -67.6198 408.199 0 6.15665e-06 -1.1113 
13.6441 -67.192 408.419 -78.5215 0.000693859 77.49 
13.7685 -66.7653 408.632 101.652 0.000306139 -102.605 
13.893 -66.34 408.846 101.828 0.000106136 -102.702 
14.0177 -65.9146 409.061 -77.9941 0.000293857 77.2 
14.142 -65.4878 409.277 102.186 0.00020614 -102.901 
14.2662 -65.0607 409.493 102.368 0.000406141 -103.004 
14.3905 -64.6335 409.709 102.552 0.000406141 -103.109 
14.5149 -64.2076 409.926 -77.2617 0.00079386 76.783 
14.6397 -63.7831 410.138 -77.0732 9.3853e-05 76.674 
14.7635 -63.354 410.356 103.118 0.000306141 -103.438 
14.8882 -62.9291 410.569 103.311 0.000606141 -103.552 
15.0123 -62.5012 410.788 -76.4939 0.000293859 76.332 
15.137 -62.0761 411.002 -76.2961 0.000293857 76.213 
15.2612 -61.6491 411.217 103.904 0.000406141 -103.908 
15.3858 -61.2235 411.432 0 6.15665e-06 0.0756031 
15.51 -60.7964 411.648 104.312 0.000506141 -104.157 
15.6346 -60.3704 411.864 -75.4807 0.000193859 75.714 
15.7586 -59.9428 412.081 -75.2706 9.38569e-05 75.583 
15.8834 -59.5177 412.292 104.942 0.000906141 -104.551 
16.0076 -59.0911 412.511 -74.8425 0.000293857 75.313 
16.1323 -58.6656 412.723 105.376 0.000506141 -104.826 
16.2561 -58.2371 412.943 0 6.15665e-06 0.628403 
16.3806 -57.8111 413.157 105.82 0.000506142 -105.112 
16.5054 -57.3862 413.371 -73.9537 0.000193857 74.741 
16.6299 -56.9597 413.586 106.276 0.000106146 -105.41 
16.7541 -56.5329 413.802 106.508 0.00020614 -105.563 
16.8782 -56.1058 414.019 106.743 0.000206142 -105.719 
17.0024 -55.6784 414.236 106.981 0.000106143 -105.878 
17.1276 -55.2547 414.447 0 6.15665e-06 1.1821 
17.2515 -54.8268 414.666 -72.5336 0.000293859 73.795 
17.3761 -54.401 414.879 107.714 0.000406141 -106.373 
17.4998 -53.9725 415.099 0 6.03709e-06 1.4195 
17.6247 -53.5475 415.313 -71.7815 0.000393859 73.28 
17.7489 -53.1207 415.528 108.476 0.000106143 -106.898 
17.8736 -52.6949 415.744 -71.2636 0.000493858 72.92 
17.9976 -52.2675 415.96 0 6.15665e-06 1.7354 
18.122 -51.841 416.177 -70.732 0.00059386 72.547 
18.2469 -51.4164 416.388 -70.461 0.000293858 72.355 
18.3705 -50.9879 416.607 109.814 0.000106143 -107.841 
18.4954 -50.5625 416.819 110.092 0.000506142 -108.04 
18.6191 -50.1344 417.04 -69.6258 0.000193856 71.757 
18.7441 -49.7095 417.254 -69.3399 0.000793859 71.55 
18.8684 -49.2829 417.469 -69.0502 0.000293858 71.34 
18.9925 -48.8557 417.684 111.243 0.000106143 -108.875 
19.1169 -48.4295 417.901 -68.459 0.000393859 70.906 
19.242 -48.0049 418.111 111.843 0.000206143 -109.316 
19.3661 -47.5777 418.329 -67.8516 9.38646e-05 70.457 
19.49 -47.1499 418.548 -67.5417 0.000393857 70.226 
19.615 -46.7251 418.761 -67.2276 0.00059386 69.991 
19.7392 -46.2983 418.975 113.091 0.000306141 -110.248 
19.8638 -45.8725 419.189 113.414 0.000406143 -110.492 
19.9882 -45.4459 419.404 113.741 0.000606141 -110.74 
20.1128 -45.0201 419.62 -65.9272 9.38569e-05 69.007 
20.2366 -44.5923 419.837 114.409 0.000406141 -111.25 
20.3607 -44.1652 420.055 0 6.09716e-06 3.2383 
20.486 -43.7409 420.267 -64.904 9.38608e-05 68.221 
20.6094 -43.3124 420.486 -64.5534 9.38608e-05 67.95 
20.7342 -42.8867 420.7 115.802 0.00020614 -112.327 
20.8591 -42.4615 420.914 -63.8375 0.000293859 67.392 
20.9831 -42.0342 421.129 116.528 0.000406141 -112.894 
21.1074 -41.6077 421.345 116.899 0.00050614 -113.186 
21.232 -41.1815 421.562 -62.7257 0.000193861 66.517 
21.356 -40.7545 421.78 -62.3447 0.000693859 66.215 
21.4807 -40.3287 421.992 118.042 0.000306139 -114.092 
21.6047 -39.9014 422.211 -61.5666 0.000493859 65.596 
21.7291 -39.4751 422.425 118.831 0.000106143 -114.723 
21.8538 -39.0493 422.639 119.233 0.000106136 -115.046 
21.978 -38.6225 422.854 119.642 0.00050614 -115.376 
22.1023 -38.1959 423.07 120.056 0.000206138 -115.711 
22.227 -37.7699 423.288 -59.5239 0.000493859 63.948 
22.3519 -37.3445 423.499 120.902 0.00010614 -116.399 
22.4753 -36.9165 423.718 121.334 0.000306141 -116.751 
22.6007 -36.4915 423.93 -58.2284 9.3853e-05 62.89 
22.7243 -36.064 424.151 -57.7845 0.000893859 62.525 
22.8483 -35.6369 424.366 -57.3344 0.000193861 62.154 
22.9724 -35.2101 424.582 123.122 0.00010614 -118.223 
23.0984 -34.7862 424.792 -56.4154 9.38646e-05 61.393 
23.2218 -34.3583 425.009 124.054 0.000406142 -118.997 
23.3461 -33.9317 425.228 -55.4708 0.000493858 60.607 
23.4706 -33.5054 425.441 125.011 0.000306139 -119.796 
23.5951 -33.0792 425.654 125.5 0.000806141 -120.206 
23.7204 -32.6541 425.869 0 6.21557e-06 5.3732 
23.8449 -32.2277 426.084 0 6.09716e-06 5.4523 
23.9683 -31.8 426.301 127.006 0.000706141 -121.475 
24.0926 -31.3735 426.518 127.522 0.000306142 -121.911 
24.2166 -30.9466 426.737 -51.9558 0.000393858 57.645 
24.3417 -30.5211 426.949 -51.4263 9.38608e-05 57.195 
24.4665 -30.0952 427.163 0 6.15665e-06 5.8481 
24.5911 -29.669 427.377 0 6.15665e-06 5.9266 
24.7155 -29.2425 427.593 0 6.15665e-06 6.0062 
24.8396 -28.8158 427.81 0 6.15665e-06 6.0848 
24.9633 -28.3886 428.027 0 6.09716e-06 6.1636 
25.0877 -27.9622 428.246 -48.1015 0.000893859 54.345 
25.2118 -27.5354 428.459 132.478 0.000206145 -126.156 
25.3365 -27.1094 428.672 133.064 0.000506141 -126.663 
25.4617 -26.6838 428.887 -46.3425 9.38569e-05 52.823 
25.5854 -26.2566 429.103 134.258 0.000506141 -127.699 
25.7095 -25.83 429.32 134.866 0.000306142 -128.228 
25.834 -25.4037 429.538 -44.5188 0.00069386 51.236 
25.9592 -24.978 429.75 -43.8965 0.000293859 50.693 
26.0836 -24.5516 429.963 136.733 0.000306139 -129.857 
26.2072 -24.1244 430.185 -42.6304 0.000593859 49.585 
26.3311 -23.6976 430.4 -41.9867 0.000193861 49.02 
26.4554 -23.2711 430.616 -41.336 0.000293859 48.449 
26.581 -22.8458 430.827 0 6.09716e-06 7.1917 
26.7045 -22.4186 431.046 -40.0136 0.000193861 47.285 
26.8294 -21.9926 431.258 140.658 0.000206142 -133.308 
26.9545 -21.5667 431.472 141.336 0.00020614 -133.907 
27.0771 -21.1389 431.694 -37.9789 0.000293859 45.487 
27.2035 -20.714 431.903 0 6.09716e-06 7.5876 
27.3274 -20.2872 432.12 -36.5893 9.3853e-05 44.256 
27.4512 -19.8604 432.339 -35.885 0.000493858 43.63 
27.5762 -19.4343 432.551 -35.1743 9.38569e-05 42.999 
27.701 -19.0082 432.765 145.542 0.00010614 -137.639 
27.8243 -18.5811 432.987 -33.735 0.000893859 41.718 
27.9487 -18.1547 433.196 146.993 0.000906141 -138.932 
28.0728 -17.728 433.413 147.728 0.000706141 -139.587 
28.1977 -17.302 433.632 -31.5331 0.000593859 39.753 
28.3224 -16.8757 433.844 149.212 0.000106136 -140.913 
28.4453 -16.4484 434.065 -30.0386 0.000293859 38.417 
28.5703 -16.0224 434.28 -29.284 0.000593859 37.741 
28.6948 -15.596 434.496 -28.5247 0.000793859 37.061 
28.82 -15.1701 434.706 0 6.03709e-06 8.6149 
28.9433 -14.7431 434.924 0 6.15665e-06 8.6947 
29.0686 -14.3171 435.137 153.778 0.000106136 -145.005 
29.1932 -13.8908 435.351 154.554 0.000406142 -145.701 
29.3157 -13.4635 435.573 -24.6674 9.38608e-05 33.599 
29.4415 -13.0377 435.782 156.115 0.000606141 -147.104 
29.5665 -12.6115 436 -23.1006 0.000393861 32.19 
29.6893 -12.1845 436.219 -22.3132 9.38608e-05 31.482 
29.8138 -11.7581 436.432 158.477 0.000406141 -149.229 
29.9389 -11.332 436.646 159.268 0.000306138 -149.941 
30.063 -10.9054 436.862 160.062 0.000506141 -150.656 
30.1874 -10.479 437.079 0 6.27393e-06 9.4854 
30.3109 -10.0523 437.297 0 6.21557e-06 9.5644 
30.4361 -9.62618 437.509 162.449 0.000306139 -152.806 
30.5616 -9.20014 437.723 0 6.09716e-06 9.7223 
30.686 -8.77369 437.938 164.044 0.000106136 -154.242 
30.8094 -8.34699 438.154 164.841 0.000706142 -154.961 
30.9343 -7.92072 438.372 -14.362 0.000393861 24.322 
31.0597 -7.49451 438.583 166.434 0.000106146 -156.396 
31.1823 -7.06769 438.804 -12.7707 9.3853e-05 22.888 
31.3067 -6.64131 439.018 168.023 0.000206142 -157.826 
31.4314 -6.21492 439.234 0 6.15665e-06 10.2762 
31.5548 -5.78832 439.451 169.605 0.000206138 -159.25 
31.6814 -5.36231 439.662 -9.60669 0.000193861 20.041 
31.8038 -4.93557 439.882 -8.82126 9.38685e-05 19.334 
31.9295 -4.50935 440.096 -8.03863 0.00049386 18.631 
32.0539 -4.08293 440.312 -7.25907 0.000493859 17.93 
32.1771 -3.65637 440.529 -6.48287 9.38569e-05 17.233 
32.3021 -3.23003 440.74 174.29 0.000806141 -163.46 
32.4258 -2.80355 440.959 0 6.09716e-06 10.9085 
32.5514 -2.37723 441.173 -4.1769 0.000293859 15.164 
32.6758 -1.9508 441.388 -3.41661 0.000193861 14.483 
32.799 -1.52433 441.605 177.339 0.000306141 -166.193 
32.924 -1.09794 441.823 -1.90998 0.000893859 13.135 
33.048 -0.671517 442.035 178.836 0.000306141 -167.532 
33.1738 -0.245118 442.249 -0.423345 9.38569e-05 11.806 
33.2971 0.181305 442.464 -179.688 0.000706142 -168.85 
33.4222 0.607732 442.681 1.04172 9.38646e-05 10.499 
33.5463 1.03415 442.899 1.76573 0.000693859 9.854 
33.671 1.46058 443.111 0 6.21557e-06 11.6988 
33.7962 1.88705 443.325 0 6.27393e-06 11.7779 
33.9205 2.31348 443.54 -176.098 0.000206136 -172.044 
34.0438 2.73983 443.757 -175.399 0.000606142 -172.665 
34.1676 3.16619 443.975 -174.706 0.000106136 -173.279 
34.2923 3.59264 444.188 -174.019 0.000906141 -173.886 
34.4159 4.01896 444.409 6.66062 0.000293859 5.513 
34.5404 4.44539 444.624 7.33371 0.000293859 4.919 
34.6658 4.87193 444.834 -172 0.000706142 -175.668 
34.7902 5.29836 445.052 8.6593 0.000193857 3.752 
34.9156 5.72495 445.265 9.31166 9.38569e-05 3.178 
35.0372 6.1509 445.487 0 6.03709e-06 12.569 
35.1645 6.57781 445.695 -169.405 0.00010614 -177.947 
35.288 7.00412 445.912 -168.774 0.000106133 -178.499 
35.4111 7.43021 446.131 -168.15 0.000106146 -179.044 
35.5367 7.85688 446.344 12.4671 9.38608e-05 0.418003 
35.6603 8.2832 446.559 -166.923 0.00060614 179.888 
35.7851 8.7097 446.775 -166.321 0.000206142 179.364 
35.9094 9.13604 446.993 14.2743 0.00039386 -1.152 
36.0336 9.56242 447.205 -165.138 0.00070614 178.339 
36.1589 9.9891 447.419 -164.557 0.00060614 177.838 
36.2822 10.4152 447.642 16.0167 0.00079386 -2.657 
36.4073 10.8419 447.851 -163.417 0.000506142 176.856 
36.5318 11.2683 448.07 17.1425 0.000493859 -3.625 
36.6565 11.6948 448.283 -162.305 0.000106143 175.902 
36.7811 12.1213 448.497 -161.76 0.000406141 175.436 
36.9055 12.5478 448.713 -161.222 0.000206143 174.977 
37.0284 12.9737 448.93 -160.691 0.00060614 174.525 
37.1527 13.4 449.15 19.8331 0.000493859 -5.92 
37.2774 13.8265 449.363 20.3503 9.38608e-05 -6.358 
37.402 14.2531 449.578 20.8607 0.000193859 -6.789 
37.5254 14.6791 449.795 -158.636 0.000206143 172.786 
37.652 15.1064 450.006 21.8612 9.38608e-05 -7.632 
37.7741 15.5319 450.226 -157.649 0.000106136 171.957 
37.8997 15.9588 450.441 22.835 0.000293861 -8.447 
38.0239 16.3851 450.657 23.312 0.00049386 -8.845 
38.1489 16.8118 450.867 -156.217 0.000706142 170.763 
38.2722 17.2378 451.087 -155.753 0.000206143 170.378 
38.3978 17.6647 451.301 0 6.15665e-06 14.7036 
38.5222 18.0911 451.516 0 6.09716e-06 14.7831 
38.6455 18.5171 451.733 -154.399 0.000206138 169.261 
38.7693 18.9431 451.952 26.0407 0.000293858 -11.1 
38.8939 19.3697 452.165 -153.526 0.000306139 168.546 
39.0189 19.7965 452.38 0 6.15665e-06 15.0992 
39.1431 20.2227 452.596 27.3225 9.38646e-05 -12.144 
39.2682 20.6495 452.807 -152.262 0.00080614 167.519 
39.3919 21.0756 453.027 28.1478 9.38608e-05 -12.811 
39.5167 21.5022 453.241 0 6.09716e-06 15.4159 
39.6407 21.9284 453.457 -151.05 0.000106143 166.544 
39.7652 22.3549 453.675 29.3435 0.000793859 -13.77 
39.8897 22.7814 453.887 -150.269 0.000406141 165.922 
40.0147 23.2081 454.101 -149.887 0.00050614 165.619 
40.139 23.6345 454.317 -149.51 0.000506141 165.321 
40.2627 24.0606 454.534 -149.138 0.000506142 165.028 
40.3869 24.4868 454.753 31.2287 0.00069386 -15.26 
40.5113 24.9133 454.966 -148.41 0.000106143 164.458 
40.6364 25.3401 455.181 31.9469 0.000293859 -15.82 
40.7596 25.7657 455.398 -147.701 0.000106143 163.908 
40.8855 26.1932 455.61 -147.355 0.000406141 163.64 
41.0089 26.6189 455.83 32.9877 0.000493859 -16.623 
41.1337 27.0457 456.044 33.3252 0.000693859 -16.881 
41.2569 27.4713 456.261 0 6.03709e-06 16.523 
41.3829 27.8987 456.472 -146.014 0.000306141 162.615 
41.5063 28.3245 456.692 34.3102 0.000593858 -17.629 
41.6302 28.7506 456.906 -145.37 0.00020614 162.13 
41.7549 29.1772 457.123 34.9448 0.000293862 -18.106 
41.8814 29.6051 457.334 35.2557 9.38646e-05 -18.338 
42.004 30.0302 457.553 35.5624 0.000293859 -18.565 
42.1284 30.4567 457.767 -144.135 0.000106136 161.211 
42.2525 30.8829 457.983 -143.836 0.000206138 160.992 
42.3763 31.3089 458.201 36.4581 9.38646e-05 -19.224 
42.5019 31.7362 458.413 -143.251 0.000206142 160.565 
42.6272 32.1633 458.627 0 6.09716e-06 17.3925 
42.7511 32.5893 458.843 -142.682 0.00040614 160.153 
42.8745 33.0151 459.06 -142.402 0.000306139 159.953 
43.0001 33.4424 459.273 -142.127 0.00070614 159.757 
43.1231 33.8677 459.493 38.1451 0.000293857 -20.436 
43.247 34.2937 459.709 -141.587 0.000106146 159.374 
43.374 34.7223 459.919 0 6.15665e-06 17.8674 
43.4963 35.147 460.138 -141.06 0.000406141 159.006 
43.6219 35.5743 460.352 -140.802 0.000206142 158.827 
43.7461 36.0006 460.567 -140.548 0.000406142 158.652 
43.8701 36.4267 460.784 0 6.09716e-06 18.1829 
43.9939 36.8527 461.003 39.9521 0.000893859 -21.69 
44.1188 37.2795 461.217 40.1972 0.000493859 -21.856 
44.2424 37.7053 461.432 -139.561 0.000306142 157.981 
44.367 38.1319 461.649 40.6779 0.00059386 -22.178 
44.4928 38.5595 461.861 40.9137 9.38569e-05 -22.335 
44.6173 38.986 462.074 -138.854 0.000706142 157.511 
44.7394 39.4105 462.296 41.3765 9.38569e-05 -22.64 
44.8661 39.8389 462.506 -138.397 0.000306142 157.212 
44.9893 40.2643 462.724 0 6.15665e-06 18.8947 
45.1148 40.6918 462.938 0 6.27393e-06 18.9742 
45.2392 41.1181 463.153 -137.732 0.000206143 156.785 
45.3636 41.5445 463.369 42.4838 0.000293859 -23.352 
45.4868 41.9699 463.588 42.6972 0.000493861 -23.486 
45.6114 42.3964 463.801 -137.092 0.00040614 156.382 
45.7359 42.823 464.016 -136.884 0.000606141 156.253 
45.8604 43.2496 464.232 43.3218 9.38608e-05 -23.873 
45.9839 43.6751 464.45 43.5249 0.000493859 -23.997 
46.1088 44.1019 464.664 -136.274 0.00020614 155.881 
46.2336 44.5289 464.878 0 6.09716e-06 19.686 
46.3576 44.9548 465.095 -135.88 0.00010615 155.645 
46.4815 45.3808 465.313 44.3135 0.000793859 -24.47 
46.6069 45.8081 465.526 44.5048 0.000493859 -24.582 
46.7313 46.2346 465.741 44.6939 9.3853e-05 -24.692 
46.8547 46.6602 465.957 -135.119 0.000406141 155.2 
46.9783 47.0856 466.175 45.0654 9.38608e-05 -24.905 
47.1044 47.5138 466.388 45.2479 0.000393859 -25.009 
47.2285 47.9399 466.602 -134.572 0.000306141 154.89 
47.3528 48.3662 466.819 -134.393 0.00010614 154.791 
47.4761 48.7916 467.036 45.7829 9.38569e-05 -25.306 
47.6021 49.2196 467.249 45.9571 0.000193861 -25.402 
47.7261 49.6457 467.464 -133.871 0.00070614 154.505 
47.8503 50.072 467.68 -133.7 0.00060614 154.414 
47.9746 50.4983 467.897 46.4681 0.000493859 -25.675 
48.0997 50.9254 468.11 -133.366 0.000406143 154.237 
48.2248 51.3526 468.325 -133.201 0.000206143 154.152 
48.3491 51.779 468.541 -133.038 0.000106136 154.068 
48.4727 52.2044 468.758 47.1228 9.38569e-05 -26.014 
48.5979 52.6318 468.971 -132.718 0.000706142 153.906 
48.7207 53.0566 469.191 47.4394 0.000593858 -26.172 
48.8443 53.4822 469.406 0 6.27393e-06 21.3461 
48.9709 53.9108 469.618 -132.251 0.000606141 153.676 
49.0939 54.3358 469.836 0 6.15665e-06 21.5043 
49.2187 54.7628 470.05 -131.948 0.000406141 153.532 
49.3438 55.19 470.266 48.201 0.000293859 -26.538 
49.4672 55.6152 470.483 48.3484 0.000193861 -26.607 
49.5934 56.0437 470.695 48.4942 9.38608e-05 -26.673 
49.7153 56.4672 470.915 48.6384 0.000193859 -26.739 
49.84 56.8941 471.13 48.7812 0.000493858 -26.802 
49.9667 57.3231 471.341 -131.078 0.000206143 153.136 
50.09 57.7483 471.559 49.0621 0.000393859 -26.925 
50.2152 58.1757 471.773 49.2004 9.38685e-05 -26.984 
50.3398 58.6024 471.988 0 6.27393e-06 22.2952 
50.4637 59.0282 472.204 49.4726 9.38608e-05 -27.098 
50.5869 59.4532 472.422 49.6066 0.000293861 -27.153 
50.712 59.8806 472.636 -130.261 0.000206136 152.793 
50.8366 60.3071 472.851 -130.13 0.00050614 152.741 
50.9605 60.733 473.067 -130 0.000606142 152.69 
51.0846 61.1592 473.284 50.1289 0.000493858 -27.359 
51.21 61.5866 473.497 -129.744 0.00020614 152.593 
51.3346 62.0134 473.712 -129.618 0.00060614 152.546 
51.4586 62.4394 473.928 -129.493 0.000706142 152.5 
51.5821 62.8646 474.145 -129.37 0.000606142 152.456 
51.7058 63.2902 474.363 50.7524 0.00069386 -27.587 
51.8307 63.7172 474.577 50.8734 0.000393859 -27.629 
51.955 64.1436 474.793 50.9932 0.000293862 -27.67 
52.0787 64.5693 475.01 51.1119 0.000393859 -27.71 
52.2046 64.9975 475.222 -128.771 0.000106143 152.252 
52.3299 65.4251 475.436 -128.654 0.000306142 152.215 
52.4519 65.8485 475.656 51.4608 0.000793859 -27.821 
52.578 66.277 475.868 -128.425 0.00080614 152.144 
52.7017 66.7024 476.085 -128.312 0.000106136 152.11 
52.8274 67.1307 476.298 0 6.15665e-06 23.8766 
52.9491 67.5537 476.518 51.9104 0.000293859 -27.955 
53.0757 67.983 476.729 -127.98 0.00100614 152.015 
53.1999 68.4092 476.946 52.1288 9.38608e-05 -28.015 
53.3228 68.8336 477.164 52.2364 0.000493859 -28.043 
53.4479 69.2609 477.379 52.343 0.000293858 -28.071 
53.5725 69.6875 477.594 52.4486 0.000393857 -28.098 
53.6956 70.1124 477.811 -127.447 0.000106143 151.877 
53.822 70.5414 478.023 -127.343 0.000206143 151.852 
53.9442 70.9649 478.242 52.7596 9.38685e-05 -28.171 
54.0695 71.3927 478.457 52.8614 0.000693859 -28.194 
54.1936 71.8187 478.673 52.9622 0.00069386 -28.216 
54.3192 72.2465 478.885 -126.938 0.00080614 151.764 
54.4422 72.6712 479.103 0 6.15665e-06 24.905 
54.5676 73.0991 479.318 53.2591 0.000293858 -28.275 
54.6918 73.5251 479.533 -126.644 0.000106143 151.707 
54.8155 73.9506 479.75 0 6.21557e-06 25.1415 
54.9416 74.3792 479.963 -126.452 0.000506143 151.673 
55.0643 74.8035 480.181 53.6425 0.00049386 -28.342 
55.1887 75.2298 480.396 -126.264 0.00020614 151.643 
55.3134 75.6567 480.612 53.8291 0.000693859 -28.371 
55.4397 76.0859 480.824 -126.079 0.000106136 151.616 
55.5619 76.5092 481.042 -125.988 0.00040614 151.604 
55.6874 76.9373 481.256 -125.897 0.000206138 151.593 
55.8117 77.3634 481.472 -125.808 0.000606141 151.582 
55.9355 77.7891 481.688 -125.719 0.000506139 151.572 
56.0589 78.2142 481.905 0 6.27393e-06 25.9325 
56.1848 78.6428 482.119 0 6.15665e-06 26.0118 
56.3095 79.0696 482.333 -125.457 0.00050614 151.547 
56.4338 79.4959 482.549 -125.371 0.000506139 151.541 
56.5578 79.9217 482.766 -125.286 0.00010615 151.535 
56.6804 80.3457 482.983 -125.201 0.000106136 151.529 
56.8066 80.7745 483.197 54.8823 0.000293856 -28.475 
56.9315 81.2016 483.412 54.9652 0.000193857 -28.479 
57.0551 81.627 483.628 -124.953 0.000306142 151.518 
57.1793 82.0531 483.844 55.129 0.00059386 -28.485 
57.3051 82.4817 484.058 0 6.03709e-06 26.7229 
57.4269 82.9044 484.276 0 6.15665e-06 26.8021 
57.5521 83.3319 484.491 55.3696 0.00039386 -28.488 
57.6761 83.7579 484.707 55.4485 0.000393859 -28.488 
57.8027 84.1875 484.919 -124.473 0.00010614 151.513 
57.9254 84.6112 485.137 -124.396 0.000106133 151.514 
58.0504 85.0387 485.351 -124.319 0.000506142 151.517 
58.1752 85.4658 485.566 -124.243 0.000506142 151.519 
58.2997 85.8924 485.782 55.8332 9.38608e-05 -28.477 
58.4232 86.3173 485.999 55.9082 0.000293857 -28.473 
58.5491 86.7461 486.212 -124.017 0.000106143 151.531 
58.6712 87.1689 486.431 56.0565 9.38608e-05 -28.463 
58.7957 87.5956 486.646 -123.87 0.00010614 151.542 
58.92 88.0219 486.862 56.2025 0.000193861 -28.451 
59.0469 88.4521 487.074 0 6.03709e-06 27.8306 
59.1699 88.8763 487.292 56.3461 0.000393858 -28.437 
59.2945 89.3033 487.506 -123.583 0.000606141 151.571 
59.4198 89.7311 487.721 -123.513 0.000106136 151.58 
59.544 90.1573 487.937 -123.443 0.000106136 151.589 
59.6671 90.5818 488.153 -123.373 0.00050614 151.599 
59.7909 91.007 488.37 56.6954 0.000693859 -28.391 
59.9163 91.4353 488.584 56.7637 0.000493859 -28.38 
60.0408 91.8619 488.799 -123.169 0.00020614 151.632 
60.1651 92.2881 489.015 -123.101 0.000406141 151.644 
60.2891 92.7138 489.231 56.9652 9.38452e-05 -28.344 
60.412 93.1381 489.448 57.0314 9.3853e-05 -28.331 
60.5378 93.5664 489.662 -122.903 0.000306144 151.682 
60.6631 93.9944 489.877 -122.838 0.00020614 151.696 
60.7876 94.4208 490.092 -122.773 0.00040614 151.711 
60.9117 94.8469 490.308 -122.709 0.00010614 151.726 
61.0348 95.2714 490.525 -122.645 0.000206142 151.741 
61.1607 95.7001 490.738 -122.582 0.00070614 151.757 
61.2834 96.1238 490.956 57.4806 0.000293859 -28.227 
61.408 96.5507 491.171 -122.457 0.00010614 151.79 
61.5324 96.9772 491.387 57.6047 0.000193857 -28.193 
61.6559 97.402 491.603 0 6.15665e-06 29.491 
61.7821 97.8313 491.817 -122.273 0.000706141 151.843 
61.905 98.2556 492.034 57.7874 0.000293859 -28.138 
62.03 98.6829 492.249 -122.153 0.000106136 151.881 
62.1549 99.1099 492.464 0 6.03709e-06 29.8069 
62.2786 99.5355 492.68 -122.034 0.00020614 151.92 
62.4022 99.9607 492.896 58.0248 9.38646e-05 -28.059 
62.5286 100.39 493.11 0 6.15665e-06 30.0441 
62.6512 100.814 493.327 58.1409 0.000593859 -28.017 
62.7763 101.242 493.542 58.1984 0.000693858 -27.996 
62.9007 101.668 493.757 58.2554 0.000393858 -27.974 
63.0248 102.094 493.973 58.312 0.000693859 -27.951 
63.151 102.523 494.187 -121.632 0.000406141 152.072 
63.2741 102.947 494.404 0 6.15665e-06 30.519 
63.3997 103.376 494.618 58.4795 9.38646e-05 -27.881 
63.5247 103.803 494.833 -121.466 0.000206142 152.143 
63.6485 104.229 495.048 -121.411 0.000906141 152.167 
63.7732 104.655 495.264 -121.357 0.000106143 152.192 
63.8968 105.081 495.481 58.6973 0.000393859 -27.783 
64.0195 105.504 495.698 58.7508 0.000493858 -27.757 
64.1449 105.932 495.912 58.804 9.38569e-05 -27.732 
64.2694 106.359 496.127 -121.143 0.00060614 152.295 
64.3947 106.787 496.342 58.9092 0.000293858 -27.679 
64.5183 107.212 496.558 -121.039 0.000306142 152.348 
64.6417 107.637 496.774 -120.987 0.000206136 152.376 
64.7678 108.066 496.988 -120.936 0.000606142 152.404 
64.8909 108.491 497.205 59.1153 0.000693859 -27.568 
65.0162 108.918 497.42 59.1659 0.000493859 -27.54 
65.1406 109.345 497.636 -120.784 0.00010614 152.489 
65.2647 109.771 497.851 0 6.09716e-06 31.7842 
65.3888 110.196 498.067 59.3158 0.00059386 -27.453 
65.5149 110.626 498.281 -120.635 0.000206138 152.577 
65.6371 111.049 498.498 -120.586 0.000406141 152.607 
65.7629 111.478 498.713 59.4628 9.38685e-05 -27.362 
65.888 111.905 498.928 59.5111 9.38608e-05 -27.332 
66.0121 112.331 499.143 -120.441 0.000306139 152.699 
66.1362 112.757 499.359 -120.393 0.000106136 152.731 
66.2593 113.181 499.575 -120.346 0.000306142 152.763 
66.3824 113.605 499.792 59.7012 9.38608e-05 -27.205 
66.5083 114.034 500.007 0 6.21557e-06 32.575 
66.6334 114.462 500.221 -120.206 0.000406141 152.86 
66.7583 114.889 500.436 -120.159 0.000206142 152.892 
66.8823 115.315 500.652 -120.114 0.000506142 152.926 
67.0064 115.741 500.868 -120.068 0.000106143 152.959 
67.1295 116.165 501.084 -120.023 0.000206136 152.993 
67.2555 116.595 501.299 -119.978 0.000706142 153.027 
67.3786 117.019 501.516 60.0669 0.000393858 -26.939 
67.5037 117.446 501.731 60.1113 9.38491e-05 -26.904 
67.6286 117.874 501.946 60.1555 0.000393858 -26.869 
67.7528 118.3 502.161 60.1993 0.000293857 -26.834 
67.8761 118.724 502.377 -119.757 0.000306139 153.202 
68 119.15 502.594 60.2862 0.000693858 -26.762 
68.1262 119.58 502.808 60.3292 0.000293859 -26.726 
68.2487 120.002 503.025 60.3719 0.00049386 -26.69 
68.3739 120.43 503.239 60.4144 0.000293861 -26.653 
68.4983 120.857 503.455 -119.543 0.000406141 153.383 
68.6226 121.283 503.67 -119.501 0.00040614 153.421 
68.7468 121.709 503.886 60.5403 9.38569e-05 -26.542 
68.8703 122.134 504.102 60.5817 0.000193863 -26.504 
68.9966 122.564 504.316 -119.377 0.00020614 153.533 
69.1193 122.987 504.533 0 6.15665e-06 34.2358 
69.2447 123.415 504.748 -119.296 0.00020614 153.61 
69.3699 123.844 504.963 60.745 0.000193859 -26.351 
69.4947 124.27 505.178 60.7851 9.38569e-05 -26.312 
69.6184 124.696 505.394 -119.175 0.000306142 153.727 
69.7421 125.121 505.61 -119.135 0.000306141 153.766 
69.8657 125.546 505.826 60.9043 0.000393859 -26.194 
69.9916 125.975 506.04 -119.057 0.000406141 153.845 
70.1143 126.399 506.257 60.9825 0.000393859 -26.114 
70.2395 126.826 506.472 -118.979 0.000306142 153.926 
70.3642 127.253 506.687 -118.94 0.000406141 153.966 
70.4891 127.681 506.903 0 6.09716e-06 35.1051 
70.6133 128.106 507.118 0 6.09716e-06 35.1841 
70.7372 128.532 507.334 61.174 0.000593859 -25.911 
70.8634 128.962 507.548 -118.788 0.000306139 154.131 
70.9866 129.386 507.765 61.249 0.000393858 -25.827 
71.112 129.814 507.979 -118.714 0.00040614 154.214 
71.2343 130.237 508.196 61.3232 0.000393858 -25.743 
71.3589 130.664 508.411 -118.64 0.000306143 154.299 
71.4835 131.09 508.627 -118.604 0.00040614 154.341 
71.6078 131.517 508.842 0 6.09716e-06 35.8168 
71.7315 131.942 509.058 0 6.15665e-06 35.8959 
71.8581 132.373 509.273 -118.495 0.00050614 154.47 
71.9817 132.798 509.489 61.5405 0.000593861 -25.486 
72.1068 133.225 509.704 -118.424 0.000906141 154.557 
72.2296 133.649 509.92 61.6113 0.000293857 -25.399 
72.3545 134.076 510.135 -118.354 0.000106143 154.645 
72.4794 134.504 510.351 61.6813 9.3853e-05 -25.311 
72.6036 134.93 510.566 -118.284 0.000106136 154.734 
72.7277 135.356 510.782 61.7505 9.38608e-05 -25.222 
72.8512 135.78 510.998 -118.215 0.00010615 154.823 
72.9775 136.21 511.212 -118.181 0.000706141 154.868 
73.1009 136.635 511.428 61.8528 9.38569e-05 -25.087 
73.2265 137.063 511.643 -118.114 0.000506142 154.958 
73.3489 137.486 511.86 61.9201 0.000393859 -24.996 
73.4737 137.913 512.075 -118.047 0.000206136 155.05 
73.5984 138.34 512.29 -118.013 0.000206143 155.096 
