158.464 -87.0304 498.785 -28.7761 9.38491e-05 -16.237 
158.463 -87.03 498.784 151.224 0.00050614 163.763 
158.456 -87.0266 498.784 0 6.03709e-06 -45.0123 
158.448 -87.0228 498.783 151.224 0.000306143 163.765 
158.439 -87.0193 498.781 151.223 0.000306139 163.766 
158.424 -87.0117 498.78 151.223 0.000106136 163.767 
158.409 -87.0048 498.778 -28.7774 0.000293857 -16.231 
158.393 -86.9972 498.776 151.222 0.000106136 163.771 
158.376 -86.9895 498.773 151.222 0.000306141 163.773 
158.353 -86.9785 498.771 151.221 0.000306142 163.776 
158.329 -86.9677 498.768 0 6.15665e-06 -45.0003 
158.304 -86.9562 498.765 151.22 0.000606141 163.782 
158.274 -86.9421 498.762 -28.7806 9.38608e-05 -16.215 
158.249 -86.9309 498.757 0 6.15665e-06 -44.9933 
158.21 -86.9126 498.754 -28.7821 9.38724e-05 -16.208 
158.179 -86.898 498.75 -28.7829 0.00039386 -16.204 
158.139 -86.8793 498.746 151.216 0.000106143 163.801 
158.1 -86.8613 498.741 -28.7847 0.000693859 -16.195 
158.06 -86.8429 498.735 -28.7857 0.00069386 -16.19 
158.019 -86.8238 498.729 151.213 0.00010614 163.815 
157.972 -86.802 498.724 -28.7878 0.000293859 -16.179 
157.924 -86.7797 498.718 151.211 0.000106136 163.826 
157.87 -86.7545 498.712 -28.7902 0.000693859 -16.168 
157.82 -86.7316 498.705 151.209 0.00020614 163.839 
157.765 -86.7059 498.698 -28.7927 9.38608e-05 -16.155 
157.709 -86.6798 498.691 151.206 0.000406141 163.852 
157.646 -86.6508 498.684 -28.7955 0.000293857 -16.141 
157.583 -86.6213 498.677 -28.797 0.000293857 -16.134 
157.52 -86.5918 498.669 -28.7985 0.000393859 -16.127 
157.455 -86.5619 498.661 151.2 0.000206136 163.881 
157.385 -86.529 498.652 -28.8017 0.000493858 -16.111 
157.318 -86.4987 498.643 151.197 0.000706142 163.898 
157.241 -86.4627 498.635 -28.8052 0.000393861 -16.094 
157.168 -86.4289 498.625 151.193 0.000306142 163.915 
157.09 -86.3922 498.616 -28.8088 0.000193859 -16.076 
157.01 -86.355 498.606 0 6.15665e-06 -44.8777 
156.93 -86.3182 498.595 0 6.27393e-06 -44.8697 
156.843 -86.2776 498.585 -28.8147 0.000193859 -16.047 
156.756 -86.2373 498.575 -28.8168 0.00059386 -16.037 
156.668 -86.1963 498.564 -28.8189 0.000293862 -16.026 
156.58 -86.1556 498.552 -28.8211 0.000193857 -16.016 
156.485 -86.1115 498.541 -28.8234 0.000393859 -16.005 
156.388 -86.0666 498.529 151.174 0.000206138 164.007 
156.293 -86.0228 498.517 -28.8281 0.000393858 -15.982 
156.19 -85.9745 498.505 -28.8305 0.000293861 -15.97 
156.092 -85.9295 498.491 151.167 0.000606142 164.042 
155.983 -85.8785 498.48 -28.8355 0.000693859 -15.946 
155.879 -85.8301 498.466 -28.8381 0.000293862 -15.933 
155.767 -85.7783 498.453 -28.8408 9.38685e-05 -15.92 
155.661 -85.7295 498.438 151.157 0.00080614 164.093 
155.544 -85.6746 498.425 -28.8462 0.000493858 -15.894 
155.431 -85.6226 498.41 -28.8491 9.38569e-05 -15.88 
155.312 -85.5669 498.396 151.148 0.000106146 164.134 
155.192 -85.5113 498.381 0 6.15665e-06 -44.7069 
155.071 -85.4551 498.366 151.142 0.00070614 164.162 
154.944 -85.3963 498.351 151.139 0.000206142 164.177 
154.818 -85.3374 498.336 -28.8641 0.000693859 -15.808 
154.688 -85.2774 498.32 151.133 0.000306142 164.207 
154.56 -85.2184 498.303 -28.8706 9.38608e-05 -15.777 
154.424 -85.155 498.287 151.126 0.000306142 164.239 
154.288 -85.0916 498.27 151.123 0.000506141 164.255 
154.152 -85.0287 498.253 151.119 0.000406143 164.271 
154.009 -84.9621 498.236 0 5.97642e-06 -44.5962 
153.866 -84.8955 498.218 -28.8877 0.000693859 -15.695 
153.722 -84.8285 498.201 -28.8913 0.000593858 -15.678 
153.576 -84.761 498.182 151.105 0.00020614 164.339 
153.425 -84.6908 498.164 -28.8988 0.000193861 -15.643 
153.272 -84.6199 498.145 0 6.03709e-06 -44.5276 
153.12 -84.5493 498.126 0 6.15665e-06 -44.5135 
152.966 -84.4779 498.106 151.09 0.000806141 164.412 
152.806 -84.4038 498.087 151.086 0.000206142 164.43 
152.646 -84.3293 498.068 151.082 0.000406142 164.45 
152.485 -84.2548 498.047 151.077 0.000206143 164.469 
152.318 -84.1768 498.027 -28.9268 0.000193861 -15.511 
152.149 -84.0984 498.007 151.069 0.000106143 164.508 
151.98 -84.0199 497.986 151.065 0.000206143 164.529 
151.811 -83.9418 497.964 -28.9398 9.38608e-05 -15.451 
151.634 -83.8595 497.943 151.056 0.000306139 164.57 
151.458 -83.7778 497.922 -28.9488 0.000493859 -15.409 
151.28 -83.6951 497.899 151.047 0.000306139 164.612 
151.102 -83.6126 497.876 151.042 0.00080614 164.634 
150.918 -83.527 497.854 151.037 0.000106143 164.656 
150.733 -83.4411 497.831 0 6.03709e-06 -44.2896 
150.546 -83.3546 497.808 151.028 0.000606141 164.7 
150.354 -83.2652 497.785 -28.9774 9.38646e-05 -15.277 
150.161 -83.1756 497.762 -28.9825 9.38491e-05 -15.254 
149.968 -83.0857 497.738 -28.9875 0.000393859 -15.231 
149.773 -82.9956 497.713 0 6.03709e-06 -44.1997 
149.572 -82.9018 497.689 0 6.21557e-06 -44.1819 
149.37 -82.8085 497.664 -29.0033 0.000293859 -15.159 
149.168 -82.7142 497.639 150.991 0.000106136 164.865 
148.965 -82.6205 497.613 150.986 0.000206136 164.89 
148.755 -82.523 497.588 -29.0196 9.38569e-05 -15.085 
148.545 -82.425 497.562 150.975 0.000306142 164.94 
148.334 -82.3273 497.536 150.969 0.000406141 164.965 
148.116 -82.2262 497.51 150.963 0.000106136 164.991 
147.904 -82.128 497.482 150.958 0.000506142 165.017 
147.685 -82.0264 497.455 150.952 0.000506142 165.044 
147.461 -81.922 497.429 -29.0544 0.000793858 -14.93 
147.239 -81.8191 497.401 150.94 0.000606141 165.097 
147.012 -81.7138 497.373 150.933 0.000506142 165.125 
146.785 -81.6085 497.345 150.927 0.000206143 165.152 
146.557 -81.5026 497.316 150.921 0.000406141 165.18 
146.322 -81.3934 497.288 150.915 0.000306139 165.208 
146.087 -81.2843 497.26 -29.092 0.000193859 -14.764 
145.851 -81.1745 497.23 0 6.09716e-06 -43.8335 
145.613 -81.0643 497.2 150.895 0.000706142 165.294 
145.37 -80.9515 497.171 150.888 0.000106143 165.323 
145.126 -80.838 497.141 150.881 0.000106143 165.353 
144.882 -80.7245 497.11 -29.1255 0.000293859 -14.617 
144.629 -80.6071 497.081 0 6.15665e-06 -43.7195 
144.383 -80.4936 497.049 -29.1396 0.000193859 -14.556 
144.13 -80.3756 497.018 150.853 0.000306142 165.474 
143.876 -80.2579 496.986 150.846 0.000306142 165.505 
143.616 -80.1369 496.955 -29.1613 9.38608e-05 -14.463 
143.361 -80.0189 496.922 150.831 0.000106143 165.569 
143.099 -79.8975 496.89 0 6.15665e-06 -43.5762 
142.831 -79.7725 496.859 -29.1838 0.000693859 -14.367 
142.567 -79.6498 496.825 150.809 0.000306141 165.665 
142.297 -79.5246 496.793 -29.1992 9.38569e-05 -14.302 
142.026 -79.3989 496.76 0 6.21557e-06 -43.4761 
141.755 -79.2732 496.725 -29.215 0.000393858 -14.235 
141.477 -79.1434 496.693 -29.2231 9.38608e-05 -14.201 
141.203 -79.0167 496.657 150.769 0.000706142 165.833 
140.924 -78.8875 496.622 0 6.15665e-06 -43.3725 
140.643 -78.7567 496.587 150.752 0.000906141 165.902 
140.356 -78.6235 496.553 150.744 0.000306141 165.937 
140.069 -78.4902 496.518 -29.2648 0.00069386 -14.028 
139.78 -78.3559 496.483 -29.2735 0.000193859 -13.992 
139.491 -78.2216 496.447 -29.2822 9.38569e-05 -13.956 
139.2 -78.087 496.41 150.709 0.00040614 166.08 
138.903 -77.949 496.374 150.7 0.000506142 166.117 
138.606 -77.8109 496.337 150.691 0.00010614 166.154 
138.307 -77.6725 496.3 150.682 0.000206142 166.191 
138.002 -77.5306 496.264 -29.3276 0.000193857 -13.772 
137.701 -77.3912 496.225 150.663 0.000906141 166.266 
137.395 -77.249 496.187 150.654 0.000506141 166.304 
137.082 -77.1033 496.151 -29.3561 0.000393859 -13.657 
136.773 -76.96 496.111 150.634 0.000106146 166.382 
136.457 -76.8133 496.074 150.624 0.000206143 166.421 
136.142 -76.667 496.035 -29.3856 0.000293861 -13.54 
135.825 -76.5199 495.995 -29.3956 0.000293859 -13.5 
135.507 -76.3725 495.955 150.594 0.00010614 166.54 
135.183 -76.2216 495.916 0 6.15665e-06 -42.8351 
134.858 -76.0709 495.876 -29.4265 0.000693859 -13.379 
134.531 -75.919 495.836 150.563 0.000106146 166.662 
134.204 -75.7674 495.795 150.552 0.000306141 166.704 
133.871 -75.6124 495.755 0 6.15665e-06 -42.7125 
133.542 -75.4605 495.712 0 6.09716e-06 -42.6814 
133.206 -75.3044 495.671 150.52 0.000506142 166.83 
132.865 -75.1456 495.63 -29.4916 0.000593858 -13.127 
132.526 -74.9886 495.587 150.497 0.00070614 166.916 
132.183 -74.8288 495.546 150.486 0.000406139 166.959 
131.839 -74.6692 495.504 -29.5258 0.00049386 -12.997 
131.493 -74.5085 495.46 0 6.09716e-06 -42.4905 
131.14 -74.3443 495.419 -29.5493 0.000193859 -12.908 
130.792 -74.1835 495.374 0 6.09716e-06 -42.4243 
130.438 -74.0191 495.331 -29.5734 0.000393858 -12.818 
130.082 -73.8535 495.286 150.414 0.00050614 167.227 
129.725 -73.6882 495.242 150.402 0.000806141 167.273 
129.362 -73.5194 495.198 150.39 0.000406139 167.32 
128.999 -73.351 495.154 -29.6232 0.000593858 -12.634 
128.634 -73.1813 495.109 -29.636 0.000293861 -12.587 
128.267 -73.0112 495.064 150.351 0.000306142 167.46 
127.901 -72.8413 495.017 150.338 0.000206145 167.508 
127.527 -72.6673 494.972 150.325 0.000406141 167.556 
127.152 -72.4935 494.926 -29.6888 9.38608e-05 -12.396 
126.777 -72.3193 494.88 -29.7024 0.000293858 -12.347 
126.4 -72.1446 494.832 -29.7161 0.000293859 -12.298 
126.016 -71.9657 494.787 150.27 0.000106136 167.752 
125.637 -71.7902 494.738 150.256 0.000706141 167.802 
125.251 -71.6112 494.691 150.242 0.000506139 167.852 
124.865 -71.4318 494.643 150.227 0.000606143 167.903 
124.472 -71.2488 494.596 -29.7872 9.38608e-05 -12.046 
124.083 -71.0686 494.547 150.198 0.00050614 168.005 
123.687 -70.8848 494.499 150.183 0.000306141 168.057 
123.291 -70.7007 494.45 150.168 0.000206142 168.109 
122.893 -70.5159 494.4 150.153 0.000406141 168.161 
122.489 -70.328 494.353 -29.8627 0.000193857 -11.786 
122.088 -70.1424 494.302 150.122 0.000306141 168.268 
121.682 -69.9535 494.252 0 6.21557e-06 -41.5731 
121.274 -69.7644 494.202 -29.9102 9.3853e-05 -11.624 
120.865 -69.5745 494.151 -29.9263 9.38491e-05 -11.57 
120.455 -69.3843 494.1 150.057 0.000106143 168.485 
120.039 -69.1908 494.05 -29.9593 0.000593859 -11.46 
119.62 -68.9961 493.999 -29.9761 0.000193856 -11.404 
119.206 -68.8047 493.945 150.007 0.000306142 168.652 
118.78 -68.6062 493.896 -30.0103 9.38569e-05 -11.291 
118.359 -68.411 493.843 -30.0277 0.000293861 -11.234 
117.936 -68.2145 493.789 149.955 0.000406141 168.823 
117.506 -68.0149 493.737 149.937 0.000306141 168.881 
117.075 -67.8147 493.685 149.919 0.000206143 168.94 
116.643 -67.6142 493.631 149.901 0.000106143 168.998 
116.21 -67.4132 493.577 149.882 0.000106136 169.057 
115.776 -67.2118 493.522 149.863 0.000106143 169.117 
115.334 -67.0065 493.469 149.844 0.000106136 169.177 
114.891 -66.8007 493.416 149.825 0.00010614 169.237 
114.447 -66.5944 493.361 149.806 0.000106136 169.298 
114.002 -66.3878 493.306 0 6.09716e-06 -40.854 
113.555 -66.1809 493.25 -30.234 9.3853e-05 -10.578 
113.108 -65.9734 493.194 0 6.15665e-06 -40.7701 
112.659 -65.7653 493.138 149.726 0.00050614 169.546 
112.206 -65.5543 493.085 -30.2948 0.000693859 -10.392 
111.757 -65.3458 493.03 -30.3154 0.000493858 -10.329 
111.308 -65.1373 492.975 -30.3361 0.000893859 -10.266 
110.863 -64.9312 492.917 149.643 0.000106146 169.797 
110.412 -64.7217 492.862 149.622 0.000406142 169.86 
109.961 -64.5122 492.808 149.601 0.00010614 169.923 
109.516 -64.3058 492.751 149.579 0.000106143 169.986 
109.064 -64.096 492.697 -30.4423 0.000393859 -9.95 
108.617 -63.8884 492.64 149.536 0.000306141 170.114 
108.165 -63.6781 492.587 -30.4859 0.000593858 -9.822 
107.716 -63.4701 492.531 -30.508 9.38646e-05 -9.758 
107.268 -63.2622 492.475 -30.5302 0.000393857 -9.694 
106.819 -63.0538 492.42 -30.5527 0.000193857 -9.63 
106.369 -62.8448 492.365 149.425 0.000206145 170.435 
105.92 -62.6358 492.31 0 6.27393e-06 -40.098 
105.469 -62.4264 492.255 149.379 0.000106143 170.565 
105.023 -62.22 492.198 149.356 0.000606141 170.63 
104.572 -62.0101 492.144 149.333 0.000306142 170.695 
104.126 -61.8032 492.087 149.309 0.000406141 170.761 
103.673 -61.593 492.034 -30.7148 0.000293858 -9.173 
103.225 -61.3849 491.977 149.261 0.00040614 170.893 
102.777 -61.1771 491.922 149.237 0.000406141 170.959 
102.328 -60.9686 491.866 149.213 0.000606141 171.025 
101.879 -60.7603 491.811 149.188 0.000206143 171.091 
101.43 -60.5514 491.756 149.164 0.000106143 171.158 
100.979 -60.3421 491.701 149.139 0.00020614 171.225 
100.529 -60.1327 491.647 -30.8864 0.000393857 -8.708 
100.082 -59.9256 491.59 149.088 0.000306143 171.36 
99.6309 -59.716 491.536 -30.9373 0.00069386 -8.573 
99.1836 -59.5086 491.48 -30.9631 0.00049386 -8.505 
98.7354 -59.3006 491.423 0 6.09716e-06 -39.4261 
98.2874 -59.0928 491.368 -31.0153 0.000193859 -8.369 
97.8372 -58.8837 491.312 148.958 0.000806142 171.7 
97.3886 -58.6753 491.257 148.932 0.000106143 171.768 
96.9389 -58.4667 491.202 -31.0954 0.000393861 -8.163 
96.4884 -58.2572 491.148 -31.1225 0.000693859 -8.093 
96.0416 -58.0501 491.091 148.85 0.000306141 171.976 
95.5904 -57.8403 491.037 -31.1775 0.000393859 -7.954 
95.1428 -57.6328 490.981 148.795 0.000106143 172.115 
94.6944 -57.4247 490.924 148.767 0.00080614 172.186 
94.2415 -57.214 490.872 -31.2619 0.000293859 -7.744 
93.7924 -57.0054 490.816 -31.2905 0.000193859 -7.673 
93.3436 -56.7971 490.762 -31.3194 0.000793859 -7.603 
92.8973 -56.5902 490.703 148.652 0.000706142 172.469 
92.4478 -56.3815 490.649 -31.3779 0.000493859 -7.46 
91.9962 -56.1714 490.595 -31.4076 0.000493858 -7.388 
91.5495 -55.9643 490.538 -31.4375 0.000293861 -7.316 
91.1017 -55.7568 490.482 148.532 0.000106143 172.756 
90.6485 -55.5458 490.429 -31.4983 0.000393858 -7.172 
90.2002 -55.3378 490.374 -31.5291 0.00059386 -7.099 
89.751 -55.129 490.319 -31.5601 0.00069386 -7.026 
89.3053 -54.9227 490.26 148.409 0.000406141 173.048 
88.8553 -54.7138 490.206 -31.6232 0.000293859 -6.879 
88.4033 -54.5034 490.152 148.345 0.00020614 173.195 
87.9573 -54.2968 490.095 -31.6874 0.000193859 -6.73 
87.5046 -54.0862 490.042 -31.72 0.000393857 -6.656 
87.0567 -53.8784 489.986 -31.7529 0.000493861 -6.581 
86.608 -53.6701 489.93 -31.7861 0.000393859 -6.506 
86.1583 -53.4612 489.875 -31.8196 0.000193861 -6.43 
85.7089 -53.2524 489.821 -31.8534 0.00079386 -6.354 
85.263 -53.0459 489.763 -31.8876 0.000193856 -6.278 
84.8118 -52.8361 489.709 -31.9221 0.00059386 -6.202 
84.364 -52.6285 489.652 148.043 0.000206138 173.875 
83.9165 -52.421 489.596 148.008 0.000206145 173.953 
83.4638 -52.2103 489.544 -32.0278 0.000793858 -5.97 
83.0145 -52.0016 489.488 -32.0637 0.000593859 -5.892 
82.5686 -51.7952 489.429 147.9 0.000706141 174.186 
82.1188 -51.5862 489.375 147.863 0.000106143 174.265 
81.668 -51.3766 489.321 -32.1736 0.000393859 -5.656 
81.2207 -51.1692 489.264 147.789 0.000306141 174.423 
80.7681 -50.9585 489.212 0 6.15665e-06 -37.7458 
80.3201 -50.7507 489.156 -32.287 0.000193857 -5.417 
79.8712 -50.5424 489.1 -32.3256 0.000293862 -5.336 
79.4214 -50.3334 489.046 -32.3645 0.000293858 -5.255 
78.975 -50.1266 488.987 147.596 0.00080614 174.826 
78.5246 -49.9173 488.934 0 6.15665e-06 -37.5357 
78.0776 -49.7101 488.876 147.516 0.000306143 174.99 
77.6254 -49.4997 488.824 -32.5246 0.00039386 -4.927 
77.1765 -49.2913 488.768 0 6.09716e-06 -37.4097 
76.728 -49.0832 488.713 -32.6072 0.000493859 -4.76 
76.2773 -48.8737 488.658 0 6.09716e-06 -37.3252 
75.8311 -48.667 488.6 147.308 0.00060614 175.408 
75.3799 -48.4571 488.547 147.266 0.00020614 175.493 
74.933 -48.2502 488.49 0 6.03709e-06 -37.1999 
74.4842 -48.0417 488.433 147.178 0.000706142 175.664 
74.0355 -47.8336 488.378 147.134 0.00050614 175.751 
73.586 -47.6248 488.323 147.089 0.000406141 175.837 
73.1357 -47.4154 488.269 147.044 0.00020614 175.925 
72.6856 -47.2064 488.216 -33.0021 0.00079386 -3.987 
72.2374 -46.9985 488.158 146.952 0.00010614 176.101 
71.7896 -46.7908 488.102 146.905 0.000106143 176.19 
71.3409 -46.5825 488.046 146.857 0.000106146 176.279 
70.8912 -46.3737 487.991 146.809 0.00020614 176.369 
70.4407 -46.1643 487.937 146.761 0.00020614 176.46 
69.9905 -45.9551 487.884 -33.2885 0.000693859 -3.449 
69.5421 -45.747 487.826 146.662 0.000406141 176.643 
69.094 -45.5392 487.77 146.612 0.000506139 176.735 
68.6451 -45.3308 487.714 146.561 0.000606142 176.828 
68.1965 -45.1225 487.66 -33.4908 0.000193857 -3.079 
67.7457 -44.913 487.606 -33.543 9.38608e-05 -2.984 
67.2991 -44.7062 487.548 0 6.15665e-06 -36.4857 
66.8466 -44.4954 487.496 146.351 0.000206138 177.206 
66.3983 -44.2873 487.439 146.297 0.000306142 177.302 
65.9489 -44.0788 487.384 146.242 0.000406141 177.399 
65.5 -43.8703 487.33 -33.8132 0.000493856 -2.504 
65.0527 -43.663 487.271 146.131 0.00070614 177.594 
64.6019 -43.4534 487.219 -33.9261 0.000193861 -2.307 
64.154 -43.2457 487.162 -33.9836 0.000193863 -2.208 
63.7052 -43.0373 487.106 -34.0418 9.38646e-05 -2.107 
63.2554 -42.8284 487.051 0 6.15665e-06 -36.1068 
62.8047 -42.619 486.998 0 6.03709e-06 -36.0656 
62.3581 -42.4121 486.94 0 6.15665e-06 -36.0231 
61.9057 -42.2013 486.888 0 6.15665e-06 -35.9814 
61.4572 -41.9932 486.832 0 6.21557e-06 -35.9395 
61.0078 -41.7845 486.777 -34.4074 9.38685e-05 -1.49 
60.5622 -41.5785 486.718 -34.4712 9.38569e-05 -1.384 
60.111 -41.3685 486.665 -34.5358 0.000193861 -1.277 
59.6624 -41.1604 486.608 145.399 0.000606141 178.83 
59.2141 -40.9524 486.552 145.332 0.00050614 178.939 
58.7649 -40.7439 486.497 145.265 0.000306139 179.048 
58.3148 -40.5347 486.443 145.197 0.000106143 179.158 
57.8638 -40.3248 486.39 -34.8723 0.000193861 -0.731003 
57.4165 -40.1175 486.333 -34.9424 0.000393859 -0.619003 
56.9671 -39.9088 486.277 144.987 0.000306139 179.494 
56.5179 -39.7002 486.222 -35.0856 9.38608e-05 -0.391003 
56.0678 -39.4911 486.169 -35.1588 0.000393859 -0.276003 
55.6202 -39.2836 486.111 144.767 0.00020614 179.84 
55.1715 -39.0755 486.054 144.692 0.000806141 179.957 
54.7232 -38.8675 485.998 144.616 0.000306139 -179.925 
54.274 -38.6588 485.944 -35.4619 0.000193857 0.195003 
53.8238 -38.4496 485.89 -35.5405 0.000693859 0.315003 
53.3759 -38.242 485.833 -35.6203 0.000193861 0.437003 
52.9271 -38.0336 485.776 144.299 0.000306142 -179.44 
52.4772 -37.8247 485.721 144.217 0.000706142 -179.316 
52.0277 -37.6159 485.667 144.133 0.00010614 -179.19 
51.5772 -37.4064 485.615 -35.9515 0.000493858 0.936003 
51.1289 -37.1985 485.558 -36.0375 9.3853e-05 1.064 
50.6797 -36.9899 485.502 143.875 0.000206143 -178.806 
50.2307 -36.7813 485.448 -36.2134 0.000393861 1.324 
49.7837 -36.5745 485.389 -36.3035 9.38608e-05 1.457 
49.3316 -36.3637 485.337 143.605 0.000206143 -178.41 
48.8838 -36.1563 485.281 -36.488 0.000393858 1.725 
48.434 -35.9472 485.226 -36.5824 9.38569e-05 1.861 
