158.467 -87.0318 483.784 151.224 0.00080614 163.763 
158.461 -87.0288 483.785 -28.7761 0.000493858 -16.238 
158.453 -87.0241 483.785 0 6.27393e-06 -45.015 
158.447 -87.0204 483.785 -28.776 0.00069386 -16.24 
158.439 -87.0157 483.784 -28.7759 0.000493858 -16.241 
158.43 -87.0103 483.783 151.224 0.00040614 163.757 
158.415 -87.0019 483.783 151.224 0.00020614 163.755 
158.399 -86.9925 483.782 151.225 0.00070614 163.752 
158.378 -86.9804 483.782 151.225 0.000106136 163.749 
158.357 -86.968 483.782 -28.7752 0.000693859 -16.254 
158.334 -86.9552 483.782 -28.7751 0.00069386 -16.257 
158.31 -86.9414 483.78 151.225 0.000106133 163.739 
158.286 -86.9275 483.778 151.225 0.000706141 163.735 
158.257 -86.9105 483.778 151.226 0.00010614 163.73 
158.226 -86.8929 483.776 151.226 0.000306141 163.725 
158.191 -86.8721 483.776 -28.7739 0.000693859 -16.28 
158.159 -86.8536 483.774 151.226 0.000206138 163.715 
158.12 -86.8314 483.773 151.227 0.00080614 163.709 
158.078 -86.8069 483.773 -28.773 0.000793859 -16.297 
158.038 -86.784 483.77 151.227 0.00050614 163.696 
157.993 -86.7578 483.769 151.228 0.000506141 163.689 
157.948 -86.7319 483.768 151.228 0.000406141 163.682 
157.896 -86.702 483.767 0 6.15665e-06 -45.0966 
157.849 -86.6751 483.764 151.229 0.000506141 163.667 
157.796 -86.6445 483.762 151.229 0.000806141 163.658 
157.738 -86.6106 483.762 -28.7703 0.000193863 -16.35 
157.685 -86.58 483.759 -28.7699 0.000293859 -16.359 
157.624 -86.5447 483.757 151.231 0.000306143 163.632 
157.564 -86.5101 483.755 -28.7689 0.000193863 -16.378 
157.503 -86.4748 483.753 151.232 0.000106146 163.613 
157.435 -86.4359 483.751 151.232 0.000106146 163.602 
157.367 -86.3969 483.749 0 6.21557e-06 -45.1754 
157.298 -86.3569 483.746 151.233 0.00060614 163.581 
157.224 -86.314 483.745 151.234 0.000106133 163.57 
157.15 -86.271 483.742 -28.7656 0.000693859 -16.442 
157.074 -86.2273 483.74 -28.765 0.000593858 -16.453 
156.997 -86.1829 483.736 151.236 0.00020614 163.534 
156.915 -86.1356 483.735 -28.7638 9.38608e-05 -16.478 
156.833 -86.088 483.732 -28.7631 0.00069386 -16.491 
156.749 -86.0396 483.729 -28.7624 0.000493859 -16.504 
156.664 -85.9906 483.725 151.238 0.000506141 163.482 
156.574 -85.9385 483.723 151.239 0.000306138 163.468 
156.484 -85.8865 483.719 -28.7603 9.38608e-05 -16.546 
156.387 -85.8305 483.717 -28.7595 0.00079386 -16.56 
156.294 -85.7768 483.713 151.241 0.000406141 163.425 
156.196 -85.7201 483.71 151.242 0.000306142 163.41 
156.098 -85.6634 483.706 0 6.09716e-06 -45.3631 
155.993 -85.603 483.704 -28.7563 0.000493858 -16.622 
155.887 -85.542 483.701 -28.7555 0.000193861 -16.638 
155.781 -85.4806 483.698 -28.7546 9.38608e-05 -16.654 
155.675 -85.4193 483.693 -28.7537 0.000293857 -16.671 
155.562 -85.3542 483.691 -28.7528 0.000693859 -16.688 
155.448 -85.2885 483.687 -28.7519 0.000293861 -16.706 
155.334 -85.2225 483.683 -28.7509 9.38608e-05 -16.724 
155.22 -85.1568 483.679 -28.75 9.38608e-05 -16.742 
155.1 -85.0871 483.675 -28.749 0.000393858 -16.761 
154.978 -85.0167 483.671 151.252 0.000106143 163.22 
154.856 -84.9463 483.666 151.253 0.000306141 163.201 
154.729 -84.8727 483.663 -28.7459 0.00059386 -16.818 
154.6 -84.7987 483.66 -28.7449 0.000793859 -16.838 
154.47 -84.7236 483.655 -28.7438 0.000293859 -16.858 
154.341 -84.6486 483.65 0 6.15665e-06 -45.6217 
154.204 -84.5699 483.646 151.258 0.000106143 163.1 
154.068 -84.4913 483.642 0 6.21557e-06 -45.6615 
153.932 -84.4123 483.637 -28.7393 0.000393862 -16.943 
153.793 -84.332 483.631 151.262 0.00100614 163.035 
153.65 -84.2494 483.627 151.263 0.000106133 163.013 
153.505 -84.1661 483.622 -28.7357 9.38569e-05 -17.009 
153.354 -84.0791 483.618 -28.7345 0.00039386 -17.032 
153.209 -83.9949 483.612 0 6.03709e-06 -45.7892 
153.057 -83.9069 483.608 151.268 0.00010615 162.921 
152.905 -83.819 483.602 -28.7306 9.38569e-05 -17.103 
152.746 -83.7275 483.598 -28.7293 0.000393858 -17.127 
152.586 -83.6352 483.593 -28.728 9.38608e-05 -17.152 
152.426 -83.5427 483.588 0 6.21557e-06 -45.9036 
152.266 -83.4502 483.582 -28.7252 9.3853e-05 -17.202 
152.105 -83.357 483.576 151.276 0.000506142 162.772 
151.938 -83.2608 483.571 -28.7224 0.000193854 -17.254 
151.769 -83.1633 483.565 151.279 0.00080614 162.72 
151.596 -83.0632 483.561 -28.7195 0.000393861 -17.307 
151.426 -82.9654 483.554 151.282 0.00010614 162.666 
151.251 -82.864 483.548 151.284 0.000306142 162.639 
151.07 -82.7596 483.544 -28.715 0.00069386 -17.389 
150.893 -82.6572 483.537 0 6.27393e-06 -46.1304 
150.71 -82.5519 483.532 -28.7118 0.000593859 -17.445 
150.527 -82.4459 483.526 -28.7102 0.000493859 -17.474 
150.342 -82.3392 483.519 151.291 0.000306142 162.497 
150.152 -82.2296 483.514 -28.707 9.38608e-05 -17.532 
149.967 -82.1227 483.506 151.295 0.00010614 162.438 
149.77 -82.0092 483.502 -28.7036 0.000893859 -17.592 
149.578 -81.8979 483.494 -28.7019 0.000193857 -17.622 
149.38 -81.7835 483.489 -28.7001 0.000893859 -17.653 
149.186 -81.6716 483.48 151.302 0.000206142 162.316 
148.98 -81.5528 483.475 0 6.09716e-06 -46.4116 
148.78 -81.437 483.468 151.305 0.000406141 162.253 
148.574 -81.3181 483.462 -28.6929 0.000393861 -17.779 
148.367 -81.1987 483.455 -28.6911 0.00059386 -17.811 
148.159 -81.0784 483.447 0 5.97642e-06 -46.5332 
147.945 -80.9551 483.442 -28.6873 0.000793859 -17.877 
147.736 -80.8339 483.433 151.315 0.000106143 162.089 
147.515 -80.7064 483.428 -28.6834 0.000293857 -17.944 
147.299 -80.5815 483.42 -28.6814 9.38569e-05 -17.978 
147.081 -80.456 483.411 151.321 0.000806142 161.987 
146.859 -80.3273 483.404 151.323 0.000406141 161.952 
146.635 -80.1982 483.397 151.325 0.000706141 161.917 
146.406 -80.066 483.391 -28.6732 0.000393859 -18.118 
146.176 -79.9331 483.384 -28.6711 0.000793859 -18.154 
145.95 -79.8021 483.374 151.331 0.000406141 161.81 
145.713 -79.6654 483.368 -28.6667 0.000693857 -18.227 
145.48 -79.5309 483.36 -28.6645 9.38608e-05 -18.264 
145.241 -79.3928 483.353 151.338 0.000106143 161.699 
145.001 -79.2548 483.345 -28.6601 9.38569e-05 -18.338 
144.761 -79.1158 483.337 151.342 0.000406141 161.624 
144.515 -78.974 483.33 -28.6555 0.000493859 -18.415 
144.274 -78.8341 483.32 151.347 0.000206143 161.547 
144.025 -78.6909 483.312 151.349 0.00060614 161.508 
143.772 -78.5446 483.305 -28.6484 0.000393858 -18.531 
143.522 -78.4005 483.296 151.354 0.00020614 161.429 
143.267 -78.2526 483.288 151.357 0.000406141 161.389 
143.011 -78.1048 483.279 151.359 0.000306141 161.349 
142.754 -77.9562 483.27 151.362 0.000706141 161.308 
142.491 -77.8049 483.262 -28.636 0.000193857 -18.733 
142.228 -77.6526 483.254 -28.6334 0.000593859 -18.774 
141.963 -77.4996 483.245 -28.6308 0.000293862 -18.816 
141.697 -77.346 483.236 151.372 0.000606141 161.142 
141.425 -77.1893 483.228 0 6.03709e-06 -47.5255 
141.153 -77.032 483.219 0 6.21557e-06 -47.5658 
140.88 -76.8746 483.21 -28.6201 0.000393861 -18.986 
140.607 -76.7164 483.2 -28.6173 0.000193861 -19.03 
140.327 -76.5547 483.192 -28.6145 0.000393857 -19.073 
140.045 -76.3923 483.183 -28.6117 9.3853e-05 -19.117 
139.764 -76.2297 483.174 -28.6088 0.000193863 -19.162 
139.482 -76.0664 483.164 151.394 0.000306144 160.793 
139.192 -75.8997 483.155 151.397 0.000306142 160.748 
138.904 -75.7327 483.146 -28.6 0.000193857 -19.298 
138.613 -75.5651 483.136 -28.597 9.38646e-05 -19.343 
138.322 -75.3968 483.125 151.406 0.00050614 160.61 
138.026 -75.2255 483.117 -28.5909 0.000293859 -19.436 
137.728 -75.0536 483.107 -28.5878 0.000593859 -19.483 
137.429 -74.881 483.097 -28.5847 0.000393861 -19.53 
137.129 -74.7076 483.086 151.419 0.000406142 160.422 
136.823 -74.5313 483.077 -28.5783 0.000393858 -19.626 
136.517 -74.3542 483.068 -28.575 0.00059386 -19.674 
136.209 -74.1764 483.058 -28.5717 0.000293857 -19.723 
135.9 -73.998 483.047 151.432 0.000506141 160.228 
135.586 -73.8166 483.037 -28.565 0.000293858 -19.822 
135.271 -73.6345 483.028 -28.5616 0.000493859 -19.871 
134.954 -73.4519 483.017 -28.5582 0.000293859 -19.922 
134.638 -73.269 483.006 -28.5547 0.000593858 -19.972 
134.319 -73.0848 482.994 151.449 0.00060614 159.977 
133.995 -72.8977 482.984 151.452 0.00020614 159.926 
133.67 -72.7099 482.973 151.456 0.000306142 159.874 
133.338 -72.5187 482.964 -28.5404 9.38608e-05 -20.178 
133.012 -72.3301 482.952 -28.5367 9.38608e-05 -20.23 
132.68 -72.1379 482.942 -28.5329 0.00069386 -20.282 
132.344 -71.9445 482.931 151.471 0.000206142 159.665 
132.011 -71.7515 482.92 -28.5253 0.000493859 -20.389 
131.675 -71.5575 482.907 151.479 0.000206143 159.557 
131.332 -71.3597 482.897 151.482 0.000306139 159.503 
130.99 -71.1619 482.886 -28.5136 0.000193857 -20.551 
130.646 -70.9634 482.875 -28.5096 0.000193857 -20.606 
130.301 -70.7643 482.862 151.494 0.000106133 159.339 
129.95 -70.5616 482.852 -28.5015 0.000193859 -20.717 
129.598 -70.358 482.841 -28.4973 9.38491e-05 -20.772 
129.246 -70.1546 482.829 -28.4931 0.00059386 -20.829 
128.891 -69.9499 482.817 151.511 0.00020614 159.115 
128.532 -69.7422 482.807 -28.4846 0.000593857 -20.942 
128.176 -69.5368 482.793 0 6.15665e-06 -49.4803 
127.814 -69.3277 482.781 -28.4759 9.38608e-05 -21.057 
127.451 -69.1179 482.769 151.529 0.000106136 158.885 
127.082 -68.9046 482.759 -28.4669 0.000393859 -21.174 
126.716 -68.6936 482.745 151.538 0.000506142 158.767 
126.344 -68.479 482.733 151.542 0.000706141 158.708 
125.973 -68.2643 482.721 151.547 0.000106143 158.648 
125.594 -68.0455 482.711 -28.4484 9.3853e-05 -21.411 
125.22 -67.8295 482.697 0 6.03709e-06 -49.9156 
124.84 -67.6101 482.686 -28.4388 0.000693859 -21.532 
124.458 -67.3892 482.674 -28.4339 9.38569e-05 -21.594 
124.075 -67.1684 482.661 -28.429 0.000193861 -21.655 
123.692 -66.9469 482.647 -28.424 9.38608e-05 -21.717 
123.302 -66.7218 482.636 -28.4189 0.000693859 -21.779 
122.917 -66.499 482.621 -28.4138 9.38569e-05 -21.842 
122.523 -66.2719 482.608 151.591 0.00070614 158.096 
122.13 -66.045 482.595 151.597 0.000806141 158.032 
121.731 -65.8145 482.584 0 6.15665e-06 -50.4291 
121.336 -65.5861 482.569 151.607 0.000506142 157.904 
120.934 -65.3544 482.557 151.613 0.000106143 157.84 
120.532 -65.1219 482.544 -28.3818 9.3853e-05 -22.225 
120.128 -64.8887 482.53 -28.3762 9.38608e-05 -22.29 
119.719 -64.6522 482.519 -28.3706 0.000893858 -22.356 
119.311 -64.4171 482.504 151.635 0.000306143 157.578 
118.9 -64.1791 482.491 -28.3591 0.000193857 -22.488 
118.487 -63.9405 482.478 -28.3532 0.000693858 -22.555 
118.071 -63.7006 482.464 0 6.09716e-06 -50.9693 
117.655 -63.46 482.449 151.659 0.000706142 157.31 
117.234 -63.2167 482.437 -28.3352 0.000393859 -22.758 
116.815 -62.9749 482.421 151.671 0.000606142 157.174 
116.39 -62.7297 482.407 151.677 0.000606142 157.105 
115.964 -62.4837 482.393 151.683 0.000706141 157.036 
115.533 -62.2344 482.382 -28.3102 0.000193856 -23.033 
115.105 -61.9873 482.367 151.696 0.000206142 156.897 
114.677 -61.7403 482.352 0 6.15665e-06 -51.4703 
114.248 -61.4926 482.337 151.709 0.000206143 156.757 
113.819 -61.2444 482.323 151.716 0.000906141 156.687 
113.391 -60.9971 482.309 -28.2775 9.38608e-05 -23.382 
112.96 -60.7485 482.295 151.729 0.000506141 156.548 
112.53 -60.5002 482.282 151.736 0.000406141 156.477 
112.1 -60.2519 482.268 -28.2573 0.000293859 -23.593 
111.669 -60.0029 482.255 -28.2504 0.000493859 -23.663 
111.242 -59.7562 482.239 151.757 0.000606142 156.267 
110.81 -59.5069 482.227 151.764 0.000206138 156.197 
110.384 -59.2604 482.211 151.771 0.00020614 156.126 
109.951 -59.0109 482.199 -28.2225 0.000493858 -23.944 
109.523 -58.7632 482.185 151.785 0.000306141 155.986 
109.094 -58.516 482.17 151.792 0.000406139 155.915 
108.666 -58.2686 482.155 0 6.15665e-06 -52.3559 
108.237 -58.0208 482.141 -28.1936 9.38569e-05 -24.226 
107.807 -57.7725 482.127 151.814 0.00020614 155.703 
107.378 -57.5242 482.114 -28.1788 0.000193861 -24.367 
106.947 -57.2756 482.101 -28.1714 9.3853e-05 -24.438 
106.521 -57.0295 482.084 151.836 0.000306139 155.491 
106.09 -56.7804 482.071 0 6.09716e-06 -52.7362 
105.658 -56.5313 482.059 -28.1485 0.000793858 -24.651 
105.231 -56.2845 482.044 -28.1408 0.000393859 -24.722 
104.803 -56.037 482.028 151.867 0.00050614 155.207 
104.37 -55.7873 482.017 -28.1252 0.000293859 -24.864 
103.941 -55.5393 482.003 151.883 0.00020614 155.065 
103.512 -55.2916 481.988 0 6.03709e-06 -53.1162 
103.083 -55.0442 481.974 -28.1012 0.000793859 -25.078 
102.653 -54.7956 481.961 -28.0931 0.000193854 -25.149 
102.227 -54.5495 481.944 151.915 0.00060614 154.779 
101.797 -54.3011 481.931 -28.0766 0.000193859 -25.293 
101.366 -54.0522 481.918 -28.0683 0.00069386 -25.364 
100.939 -53.8052 481.903 151.94 0.000206136 154.564 
100.507 -53.5561 481.891 -28.0514 0.000693859 -25.508 
100.079 -53.3087 481.876 -28.0428 0.000193854 -25.58 
99.6497 -53.061 481.861 151.966 0.00050614 154.349 
99.221 -52.8134 481.846 151.975 0.00060614 154.277 
98.7927 -52.5659 481.832 -28.0167 9.38569e-05 -25.796 
98.3621 -52.3172 481.818 151.992 0.00050614 154.132 
97.9317 -52.0688 481.805 152.001 0.00050614 154.06 
97.5019 -51.8204 481.792 -27.9898 0.000293859 -26.012 
97.0756 -51.5741 481.775 152.019 0.000206143 153.915 
96.6437 -51.3247 481.763 0 6.09716e-06 -54.1285 
96.2167 -51.0782 481.748 0 6.03709e-06 -54.1923 
95.7843 -50.8285 481.736 -27.9529 0.000693859 -26.302 
95.3554 -50.5808 481.721 -27.9435 9.38608e-05 -26.375 
94.927 -50.3332 481.707 -27.9339 0.000293858 -26.448 
94.4976 -50.0852 481.693 -27.9243 0.000193861 -26.521 
94.0672 -49.8367 481.679 152.085 0.000206143 153.406 
93.6372 -49.5884 481.666 -27.9048 0.000293859 -26.667 
93.2108 -49.3419 481.649 152.105 0.000606142 153.26 
92.7801 -49.0933 481.637 -27.8849 0.000393858 -26.813 
92.3531 -48.8466 481.621 -27.8749 9.38608e-05 -26.887 
91.9206 -48.597 481.61 -27.8647 0.000493859 -26.96 
91.4917 -48.3492 481.595 152.146 0.00020614 152.966 
91.0632 -48.1016 481.58 152.156 0.00020614 152.892 
90.6337 -47.8537 481.566 152.166 0.000406141 152.819 
90.2046 -47.6058 481.552 -27.823 0.000193861 -27.255 
89.7746 -47.3574 481.539 -27.8123 0.000493858 -27.329 
89.3481 -47.1109 481.522 152.199 0.000306142 152.597 
88.9162 -46.8615 481.51 152.209 0.000306141 152.523 
88.4891 -46.6148 481.494 152.22 0.00050614 152.448 
88.0567 -46.3652 481.483 -27.7685 9.3853e-05 -27.626 
87.6291 -46.1181 481.468 -27.7573 0.00049386 -27.701 
87.1992 -45.8699 481.454 152.254 0.000306139 152.225 
86.7697 -45.622 481.44 152.265 0.000306139 152.15 
86.3407 -45.3741 481.426 -27.723 0.000593858 -27.925 
85.9094 -45.1251 481.414 -27.7113 0.000293859 -28 
85.4829 -44.8786 481.397 152.301 0.000206143 151.925 
85.0511 -44.6293 481.385 -27.6876 0.000193857 -28.15 
84.624 -44.3826 481.37 -27.6756 0.000393859 -28.226 
84.1948 -44.1347 481.355 152.337 0.00060614 151.699 
83.7659 -43.8869 481.34 152.349 0.000706142 151.623 
83.3374 -43.6395 481.326 -27.6387 9.38608e-05 -28.452 
82.9068 -43.3907 481.313 152.374 0.000306142 151.472 
82.4765 -43.1423 481.3 -27.6134 0.000193861 -28.604 
82.0496 -42.8956 481.283 152.399 0.000406142 151.32 
81.6176 -42.6462 481.272 152.412 0.000206143 151.243 
81.1902 -42.3992 481.256 152.426 0.000106143 151.167 
80.7619 -42.1519 481.241 152.439 0.000106136 151.09 
80.3327 -41.904 481.227 152.452 0.000206142 151.014 
79.9027 -41.6555 481.213 152.466 0.00050614 150.937 
79.473 -41.4075 481.2 -27.5207 0.000193861 -29.14 
79.0413 -41.1582 481.188 152.493 0.000306142 150.783 
78.614 -40.9113 481.171 152.507 0.000806141 150.705 
78.183 -40.6626 481.16 -27.4787 0.00059386 -29.372 
77.754 -40.4148 481.145 152.536 0.00020614 150.55 
77.3255 -40.1672 481.131 0 6.15665e-06 -56.9769 
76.8961 -39.9191 481.117 -27.4352 9.38608e-05 -29.605 
76.4657 -39.6706 481.104 -27.4204 0.000193857 -29.683 
76.0386 -39.4239 481.086 152.595 0.000906141 150.238 
75.6078 -39.1751 481.075 0 5.97642e-06 -57.2303 
75.1802 -38.9281 481.059 152.625 0.00010614 150.081 
74.7478 -38.6786 481.049 -27.3595 0.000593858 -29.998 
74.3185 -38.4306 481.034 -27.3438 0.000293857 -30.077 
73.8883 -38.1822 481.021 0 6.15665e-06 -57.4839 
73.4626 -37.9361 481.003 152.688 0.000406143 149.765 
73.0321 -37.6874 480.991 -27.2955 0.000193857 -30.315 
72.6046 -37.4405 480.974 152.721 0.000306139 149.606 
72.1723 -37.191 480.964 -27.2624 0.000193859 -30.474 
71.7432 -36.943 480.949 152.755 0.000306141 149.445 
71.3144 -36.6955 480.935 -27.2285 9.38608e-05 -30.635 
70.8848 -36.4474 480.921 -27.2112 0.000493859 -30.716 
70.4582 -36.2008 480.904 152.806 0.000106143 149.204 
70.027 -35.9518 480.892 -27.1759 0.000193857 -30.877 
69.5987 -35.7044 480.876 152.842 0.000406143 149.041 
69.1671 -35.4552 480.867 -27.1398 0.000893859 -31.04 
68.7371 -35.2069 480.852 -27.1214 0.000293857 -31.122 
68.3114 -34.9608 480.833 152.897 0.000406141 148.796 
67.8811 -34.7123 480.821 152.916 0.000106143 148.714 
67.4499 -34.4634 480.809 -27.0647 0.000293856 -31.368 
67.0216 -34.216 480.793 152.955 0.00040614 148.549 
66.5938 -33.9689 480.778 0 6.09716e-06 -58.5597 
66.1638 -33.7206 480.764 152.994 0.00070614 148.383 
65.7343 -33.4725 480.751 153.014 0.000306143 148.299 
65.304 -33.224 480.738 -26.9651 9.3853e-05 -31.785 
64.8765 -32.977 480.721 153.056 0.00040614 148.131 
64.4446 -32.7277 480.711 0 6.03709e-06 -58.8764 
64.0167 -32.4805 480.696 -26.9021 0.000493858 -32.037 
63.5867 -32.2322 480.682 0 6.15665e-06 -59.0025 
63.1572 -31.9841 480.669 -26.8586 0.00059386 -32.208 
62.7291 -31.7368 480.651 153.164 0.00080614 147.707 
62.298 -31.4878 480.641 153.186 0.00020614 147.621 
61.8695 -31.2403 480.625 153.209 0.000506142 147.535 
61.4415 -30.993 480.61 -26.7678 0.000193856 -32.552 
61.0114 -30.7447 480.597 0 6.03709e-06 -59.3823 
60.5804 -30.496 480.585 153.28 0.00020614 147.274 
60.1535 -30.2492 480.568 153.304 0.000306142 147.187 
59.7222 -30.0002 480.557 -26.6717 0.000693859 -32.901 
59.2935 -29.7526 480.543 -26.6468 0.000693859 -32.989 
58.864 -29.5045 480.529 -26.6215 0.000693858 -33.078 
58.4371 -29.2578 480.51 153.404 0.000206138 146.833 
58.006 -29.0089 480.499 0 6.15665e-06 -59.8257 
57.5774 -28.7612 480.483 153.457 0.000706142 146.654 
57.1459 -28.5122 480.474 -26.5163 0.000593858 -33.436 
56.7203 -28.2661 480.454 0 6.27393e-06 -60.016 
56.2892 -28.0173 480.441 153.539 0.000606141 146.382 
55.8585 -27.7687 480.43 0 6.15665e-06 -60.1421 
55.4304 -27.5213 480.414 153.596 0.000406141 146.199 
55.0013 -27.2735 480.399 153.625 0.00070614 146.106 
54.5728 -27.0259 480.385 0 6.03709e-06 -60.3318 
54.1421 -26.7773 480.372 153.684 0.000106143 145.92 
53.712 -26.5288 480.361 -26.2852 0.000793859 -34.174 
53.2828 -26.281 480.345 153.746 0.000206138 145.732 
52.8541 -26.0333 480.33 153.777 0.000106136 145.637 
52.4245 -25.7853 480.317 0 6.09716e-06 -60.6485 
51.9942 -25.5368 480.305 -26.1578 0.000293859 -34.554 
51.566 -25.2894 480.288 153.875 0.000406139 145.349 
51.1384 -25.0423 480.272 0 6.15665e-06 -60.8388 
50.7086 -24.794 480.258 153.944 0.00050614 145.154 
50.2792 -24.5461 480.245 0 6.03709e-06 -60.9654 
49.849 -24.2977 480.233 -25.9858 0.000693859 -35.043 
49.4196 -24.0497 480.217 154.051 0.000606141 144.858 
48.9907 -23.8019 480.202 154.087 0.000806141 144.757 
48.5623 -23.5544 480.188 -25.875 9.38685e-05 -35.343 
48.1316 -23.3058 480.176 -25.8367 9.38608e-05 -35.445 
47.703 -23.0582 480.159 154.202 0.000806141 144.453 
47.2721 -22.8094 480.15 -25.7579 0.000293859 -35.65 
46.8431 -22.5616 480.136 -25.7174 0.000493858 -35.754 
46.416 -22.3148 480.117 154.324 0.00020614 144.141 
45.9853 -22.0661 480.106 -25.6341 9.38569e-05 -35.964 
45.5565 -21.8184 480.09 154.409 0.000406141 143.93 
45.1282 -21.5709 480.075 0 6.15665e-06 -61.7244 
44.6976 -21.3223 480.062 154.497 0.000406141 143.715 
44.2675 -21.074 480.051 -25.4573 0.000193857 -36.394 
43.8392 -20.8265 480.034 154.589 0.000106146 143.496 
43.41 -20.5786 480.02 154.637 0.000306142 143.385 
42.9799 -20.3303 480.006 154.685 0.000506139 143.274 
42.5503 -20.0822 479.995 -25.2656 0.000393859 -36.839 
42.1223 -19.8349 479.978 -25.2152 0.000293859 -36.953 
41.6921 -19.5865 479.963 154.836 0.00070614 142.932 
41.2637 -19.339 479.95 -25.111 0.000293861 -37.184 
40.833 -19.0904 479.939 -25.0572 0.000293859 -37.301 
40.404 -18.8425 479.922 154.998 0.00060614 142.581 
39.9752 -18.5948 479.907 155.054 0.000406141 142.461 
39.5457 -18.3468 479.894 155.112 0.000306142 142.341 
39.1151 -18.0983 479.883 155.17 0.000106136 142.219 
38.6874 -17.851 479.866 -24.7694 9.38608e-05 -37.905 
38.2574 -17.6027 479.851 155.292 0.00070614 141.97 
37.8278 -17.3546 479.839 155.355 0.000506141 141.844 
37.3986 -17.1067 479.827 -24.5801 0.000793859 -38.284 
36.9693 -16.8588 479.811 0 6.15665e-06 -62.928 
36.5405 -16.611 479.797 -24.4462 0.000193861 -38.545 
36.1106 -16.3629 479.784 -24.3768 0.000393858 -38.677 
35.682 -16.1152 479.767 155.694 0.00040614 141.188 
35.2517 -15.8668 479.758 -24.2325 0.000793859 -38.948 
34.8245 -15.6198 479.737 155.842 0.00010615 140.914 
34.3943 -15.3714 479.725 0 6.15665e-06 -63.3077 
33.9631 -15.1226 479.715 0 6.15665e-06 -63.3708 
33.5343 -14.8749 479.7 0 6.09716e-06 -63.4338 
33.1045 -14.6267 479.687 156.163 0.000106136 140.34 
32.6769 -14.3795 479.669 156.248 0.00020614 140.191 
32.2464 -14.1311 479.659 -23.6641 0.000593859 -39.96 
31.8169 -13.883 479.645 -23.5736 0.000193859 -40.114 
31.3894 -13.6359 479.626 156.519 0.000206142 139.73 
30.9591 -13.3874 479.615 -23.3848 0.000293859 -40.429 
30.5295 -13.1394 479.6 156.714 0.000406141 139.409 
30.1002 -12.8915 479.586 156.815 0.00010614 139.244 
29.6699 -12.6431 479.575 0 6.21557e-06 -64.004 
29.2416 -12.3955 479.558 157.028 0.000106143 138.905 
28.8121 -12.1475 479.544 157.139 0.000306141 138.731 
28.3829 -11.8996 479.532 -22.746 0.000293859 -41.448 
27.9542 -11.6519 479.514 157.373 0.000306141 138.371 
27.5258 -11.4043 479.499 157.495 0.00010614 138.185 
27.0961 -11.1562 479.486 157.622 0.000106143 137.995 
26.6654 -10.9076 479.474 157.753 0.000306139 137.801 
26.2377 -10.6604 479.458 -22.1119 0.000293859 -42.398 
25.8074 -10.412 479.444 158.028 0.000406141 137.398 
25.3774 -10.1637 479.432 158.174 0.000406141 137.19 
24.9488 -9.91609 479.415 158.324 0.000606141 136.976 
24.5204 -9.6685 479.4 158.481 0.000206143 136.756 
24.0908 -9.42041 479.388 0 6.15665e-06 -64.8264 
23.6599 -9.17184 479.377 158.811 0.00020614 136.299 
23.2317 -8.92435 479.362 -21.014 0.000293858 -43.939 
22.8023 -8.67632 479.348 -20.8319 0.000293858 -44.185 
22.3728 -8.42827 479.33 159.358 0.00100614 135.563 
21.9434 -8.18031 479.321 -20.445 0.000293858 -44.698 
21.5139 -7.93229 479.307 -20.2392 0.000193857 -44.967 
21.0854 -7.68464 479.288 159.976 0.000406141 134.755 
20.6559 -7.43657 479.279 -19.8 0.00049386 -45.533 
20.2259 -7.1884 479.264 0 6.21557e-06 -65.3965 
19.7973 -6.94066 479.252 -19.32 0.000893858 -46.14 
19.3681 -6.69276 479.234 -19.0629 0.000193857 -46.46 
18.9387 -6.44479 479.219 0 6.09716e-06 -65.5863 
18.5092 -6.19674 479.207 -18.5102 9.38646e-05 -47.139 
18.0794 -5.94864 479.196 -18.2127 0.000593859 -47.5 
17.6502 -5.70073 479.181 -17.8996 0.000393859 -47.877 
17.2207 -5.45272 479.168 -17.5697 0.000393859 -48.27 
16.7917 -5.20482 479.15 162.778 0.000306142 131.319 
16.3621 -4.95678 479.134 163.146 0.000806141 130.888 
15.9335 -4.70904 479.12 163.535 0.00020614 130.435 
15.5043 -4.46112 479.109 -16.0523 0.00049386 -50.04 
15.0752 -4.21322 479.093 -15.6146 0.000193857 -50.541 
14.6454 -3.96513 479.079 164.851 0.000106143 128.93 
14.2162 -3.7172 479.068 -14.6534 0.000493858 -51.629 
13.7867 -3.46916 479.051 165.876 0.000106143 127.778 
13.3575 -3.22126 479.037 0 6.03709e-06 -66.4094 
12.9273 -2.97307 479.025 167.048 0.000306141 126.48 
12.499 -2.72536 479.008 0 6.09716e-06 -66.5356 
12.0693 -2.47731 478.994 168.401 0.000406141 125 
11.6393 -2.22923 478.982 169.158 0.00050614 124.18 
11.2107 -1.98139 478.965 169.977 0.000506141 123.297 
10.7814 -1.73343 478.95 170.866 0.000506141 122.345 
10.3525 -1.48554 478.938 -8.16595 9.38608e-05 -58.686 
9.92231 -1.23746 478.929 -7.10894 9.38569e-05 -59.807 
9.49345 -0.989557 478.914 -5.95078 0.000293859 -61.028 
9.06379 -0.741569 478.901 -4.67733 0.000293857 -62.365 
8.63428 -0.493606 478.884 176.728 0.000306142 116.167 
8.20556 -0.245677 478.869 0 6.15665e-06 -67.1689 
7.7768 0.00228629 478.856 0.0168443 0.000493859 -67.249 
7.34691 0.250248 478.839 -178.049 0.000306138 110.754 
6.91762 0.498214 478.831 4.11939 0.000493859 -71.478 
6.48861 0.746215 478.811 0 6.21557e-06 -67.4216 
6.05881 0.994114 478.801 9.31793 9.3853e-05 -76.803 
5.62952 1.24208 478.785 0 6.21557e-06 -67.5488 
5.20016 1.49002 478.772 15.9888 9.38685e-05 -83.6006 
4.77076 1.73795 478.754 -159.984 0.000406142 92.3086 
4.34168 1.986 478.747 24.5806 0.000393858 -92.319 
3.91221 2.23388 478.726 -150.274 0.000406141 82.4718 
3.48297 2.48189 478.715 0 6.15665e-06 -67.865 
3.05355 2.72976 478.7 -138.205 0.00020614 70.2762 
2.62434 2.97782 478.687 0 6.09716e-06 -67.9916 
2.19507 3.22585 478.676 55.7662 0.000393859 -123.821 
1.76574 3.4738 478.66 63.0557 0.000193856 -131.174 
1.3364 3.72177 478.647 70.2479 0.000293858 -138.429 
0.907022 3.96946 478.628 -102.871 0.000406141 34.6263 
0.477759 4.21771 478.62 83.5374 0.000393858 -151.846 
0.0484265 4.46567 478.607 89.3787 0.000493858 -157.75 
-0.380885 4.71348 478.588 -85.3801 0.00010614 16.9454 
-0.810203 4.96146 478.572 -80.7255 0.000406141 12.2275 
-1.23952 5.20942 478.558 -76.616 0.000306142 8.0547 
-1.66881 5.45742 478.547 0 6.15665e-06 -68.625 
-2.09812 5.7053 478.531 -69.809 0.000306142 1.12096 
-2.52753 5.95332 478.517 -66.996 0.000206142 -1.75483 
-2.95684 6.20137 478.505 115.492 0.000193859 175.693 
-3.38631 6.44971 478.489 117.701 9.38646e-05 173.421 
-3.81538 6.69722 478.475 -60.33 0.000206143 -8.61151 
-4.24464 6.94511 478.463 0 6.21557e-06 -69.0049 
-4.67403 7.19298 478.446 -56.984 0.000406141 -12.0834 
-5.103 7.44048 478.432 -55.556 0.000806141 -13.5749 
-5.5329 7.68937 478.42 125.737 0.000193861 165.069 
-5.96174 7.93654 478.403 -53.087 0.000806142 -16.1703 
-6.39115 8.18471 478.396 127.985 0.000393859 162.694 
-6.82099 8.43345 478.376 128.966 9.3853e-05 161.649 
-7.2502 8.6813 478.366 129.867 0.000693859 160.685 
-7.67929 8.92894 478.351 130.697 0.000293857 159.792 
-8.10828 9.17635 478.339 131.464 9.38646e-05 158.962 
-8.53843 9.42517 478.321 132.174 0.000293858 158.189 
-8.96771 9.67307 478.306 0 6.15665e-06 -69.7002 
-9.39617 9.92021 478.293 -46.554 0.000606141 -23.2098 
-9.82602 10.1687 478.282 134.018 0.00049386 156.155 
-10.2557 10.417 478.266 134.553 0.000493858 155.557 
-10.6848 10.6647 478.253 135.054 0.00049386 154.993 
-11.114 10.9125 478.234 -44.476 0.00060614 -25.5409 
-11.5434 11.1605 478.226 135.966 0.000493858 153.954 
-11.9728 11.4087 478.212 136.382 0.000693859 153.474 
-12.4016 11.6561 478.192 -43.225 0.00090614 -26.9817 
-12.8306 11.9038 478.183 -42.854 0.000206138 -27.4161 
-13.26 12.1519 478.169 -42.503 0.000206142 -27.8305 
-13.6892 12.4 478.156 137.829 0.000193861 151.774 
-14.1191 12.6483 478.139 0 6.09716e-06 -70.4605 
-14.5489 12.8967 478.124 138.445 0.000193861 151.031 
-14.9775 13.1442 478.111 -41.27 0.00010614 -29.3173 
-15.4063 13.3915 478.1 0 6.03709e-06 -70.6503 
-15.8357 13.6396 478.085 -40.739 0.00020614 -29.9747 
-16.2651 13.8878 478.071 0 6.15665e-06 -70.7773 
-16.6957 14.1365 478.052 -40.255 0.000106136 -30.5848 
-17.1243 14.3837 478.043 139.971 0.000393859 149.126 
-17.5537 14.632 478.029 140.187 0.00049386 148.846 
-17.9822 14.8793 478.017 140.394 0.000293862 148.576 
-18.4119 15.1275 477.999 -39.407 0.000306141 -31.6862 
-18.8418 15.3757 477.984 -39.216 0.00010614 -31.9402 
-19.2706 15.6234 477.971 -39.033 0.00020614 -32.1867 
-19.6996 15.8712 477.96 141.143 0.00039386 147.574 
-20.1287 16.1192 477.944 -38.688 0.000306141 -32.6588 
-20.5581 16.3673 477.93 -38.525 0.000106143 -32.8852 
-20.9881 16.6153 477.918 141.633 0.000793859 146.894 
-21.4179 16.8639 477.901 141.784 0.000493859 146.68 
-21.847 17.1117 477.886 0 6.09716e-06 -71.5999 
-22.2763 17.3597 477.873 142.071 0.000393861 146.266 
-22.7047 17.6071 477.862 142.207 0.000593859 146.066 
-23.1349 17.8555 477.846 142.339 0.00059386 145.871 
-23.564 18.1035 477.832 142.466 0.000593859 145.681 
-23.9923 18.3508 477.82 142.589 0.000393859 145.494 
-24.4227 18.599 477.803 0 6.21557e-06 -71.9792 
-24.8518 18.8471 477.788 -37.176 0.000406141 -34.8669 
-25.2814 19.0952 477.774 142.936 9.3853e-05 144.958 
-25.71 19.343 477.763 143.044 0.000493858 144.786 
-26.1397 19.5906 477.747 -36.85 0.000206142 -35.3823 
-26.5695 19.839 477.732 143.252 9.38646e-05 144.452 
-26.9985 20.0867 477.719 143.351 0.000293859 144.29 
-27.4283 20.3351 477.702 -36.553 0.000606141 -35.8695 
-27.8567 20.5828 477.693 143.54 0.000593859 143.974 
-28.2861 20.8307 477.679 143.631 0.000593858 143.82 
-28.7163 21.0796 477.66 -36.281 0.000306141 -36.332 
-29.1442 21.3264 477.649 -36.195 0.000306141 -36.4812 
-29.5743 21.5746 477.634 -36.111 0.000206138 -36.6282 
-30.0033 21.8227 477.62 -36.03 0.000206142 -36.7728 
-30.4332 22.0704 477.608 144.05 0.000793859 143.085 
-30.8625 22.3186 477.591 -35.873 0.00020614 -37.0559 
-31.2923 22.5671 477.576 -35.798 0.000106136 -37.1944 
-31.7213 22.8151 477.562 -35.725 0.000106143 -37.331 
-32.1499 23.0621 477.551 0 6.09716e-06 -73.1188 
-32.5807 23.3109 477.534 144.417 9.38608e-05 142.401 
-33.0095 23.5585 477.519 -35.515 0.000806141 -37.7302 
-33.4385 23.8066 477.505 -35.449 0.000606141 -37.8599 
-33.8671 24.0539 477.494 -35.384 0.00040614 -37.988 
-34.2979 24.3032 477.477 -35.321 0.00020614 -38.1146 
-34.725 24.5494 477.468 144.741 9.38608e-05 141.76 
-35.1543 24.7977 477.455 144.801 0.000393859 141.637 
-35.5851 25.0467 477.436 -35.14 0.000206143 -38.4858 
-36.0132 25.2936 477.426 144.918 0.000193861 141.393 
-36.4428 25.5413 477.41 -35.025 0.000306139 -38.7266 
-36.8726 25.7897 477.397 145.03 0.000293859 141.155 
-37.3017 26.0375 477.384 145.084 0.000893859 141.038 
-37.7312 26.2855 477.367 -34.863 0.00040614 -39.0785 
-38.1608 26.5343 477.351 -34.812 0.000606141 -39.1935 
-38.5902 26.7819 477.337 -34.761 0.000806141 -39.3075 
-39.0201 27.0299 477.324 145.289 9.38608e-05 140.58 
-39.4475 27.2771 477.313 145.337 9.38569e-05 140.468 
-39.8783 27.5256 477.297 145.385 9.3853e-05 140.357 
-40.3079 27.7744 477.282 145.431 0.000193861 140.247 
-40.7371 28.022 477.269 145.477 0.000393859 140.138 
-41.1657 28.2691 477.257 145.522 0.00069386 140.03 
-41.5958 28.5175 477.24 0 6.09716e-06 -74.5112 
-42.0252 28.7656 477.225 -34.391 0.00060614 -40.1835 
-42.455 29.0141 477.211 -34.349 0.000106136 -40.289 
-42.8828 29.2614 477.198 -34.308 0.00050614 -40.3937 
-43.3115 29.5085 477.187 145.733 9.38608e-05 139.502 
-43.7418 29.7571 477.171 -34.227 0.000106143 -40.6008 
-44.1713 30.0053 477.156 -34.188 0.000306137 -40.7032 
-44.6 30.2533 477.142 -34.15 0.000406141 -40.8049 
-45.0295 30.501 477.13 145.888 0.00049386 139.094 
-45.4595 30.7495 477.113 -34.075 0.00040614 -41.0063 
-45.8873 30.9968 477.103 145.961 0.000693858 138.894 
-46.3173 31.2449 477.089 145.997 0.000893859 138.795 
-46.7451 31.492 477.075 146.032 9.38608e-05 138.697 
-47.1766 31.7408 477.057 -33.933 0.000506143 -41.4012 
-47.6043 31.9876 477.046 -33.899 0.000106146 -41.4984 
-48.0351 32.2369 477.031 146.134 0.000393859 138.405 
-48.4643 32.4844 477.016 -33.833 0.000106136 -41.691 
-48.8937 32.7327 477.003 146.199 0.00049386 138.214 
-49.3209 32.9801 476.991 146.23 0.000193859 138.119 
-49.7523 33.2284 476.974 -33.738 0.000106136 -41.9759 
-50.1822 33.4775 476.958 -33.708 0.000206143 -42.0699 
-50.6116 33.7257 476.944 -33.678 0.000406143 -42.1633 
-51.0406 33.973 476.931 -33.648 0.000506142 -42.2562 
-51.4698 34.221 476.918 146.381 0.000493858 137.651 
-51.9002 34.4694 476.901 -33.59 0.00040614 -42.4407 
-52.3279 34.7166 476.891 146.438 0.000693858 137.468 
-52.7568 34.964 476.876 -33.534 0.000206142 -42.6234 
-53.1859 35.2123 476.863 0 6.15665e-06 -76.221 
-53.6146 35.4598 476.85 146.52 0.000193857 137.196 
-54.0457 35.7084 476.832 -33.453 0.000506142 -42.8941 
-54.474 35.9558 476.822 146.573 0.000793859 137.016 
-54.9036 36.2036 476.807 146.599 0.000193859 136.927 
-55.3334 36.4524 476.792 146.624 0.00059386 136.839 
-55.7614 36.6995 476.779 0 6.03709e-06 -76.6006 
-56.1933 36.9486 476.761 -33.326 0.000606141 -43.3375 
-56.6208 37.1958 476.75 -33.302 0.000106143 -43.4251 
-57.0511 37.4442 476.734 -33.278 0.000606141 -43.5123 
-57.4814 37.6936 476.719 -33.255 0.000106143 -43.5992 
-57.9106 37.9404 476.705 -33.231 0.00050614 -43.6857 
-58.3398 38.1882 476.692 0 6.03709e-06 -76.9799 
-58.7679 38.4361 476.68 146.814 0.000593859 136.142 
-59.1987 38.6854 476.663 146.836 9.38608e-05 136.057 
-59.6256 38.9318 476.653 146.858 0.000693859 135.971 
-60.0553 39.1795 476.638 146.88 0.000193861 135.887 
-60.4838 39.4274 476.624 -33.099 0.000206143 -44.1982 
-60.9129 39.6753 476.611 146.922 0.000393859 135.718 
-61.3449 39.9246 476.593 -33.057 0.00010615 -44.3666 
-61.7729 40.171 476.582 146.964 0.000393859 135.55 
-62.203 40.4198 476.566 0 6.03709e-06 -77.5499 
-62.6326 40.6678 476.551 -32.996 0.00060614 -44.6172 
-63.0628 40.9159 476.537 -32.976 0.000106136 -44.7002 
-63.4905 41.1635 476.524 -32.957 0.00070614 -44.7829 
-63.9188 41.4111 476.511 -32.938 0.000206136 -44.8654 
-64.35 41.6602 476.494 -32.919 0.000906141 -44.9476 
-64.7783 41.907 476.483 147.1 0.000393859 134.97 
-65.2076 42.1557 476.468 -32.882 0.000306139 -45.1113 
-65.6375 42.4044 476.453 0 6.21557e-06 -78.0569 
-66.0669 42.6523 476.44 147.154 9.38569e-05 134.726 
-66.4955 42.8995 476.427 147.172 0.000293862 134.645 
-66.9236 43.1459 476.414 147.19 0.000293861 134.564 
-67.3552 43.3958 476.398 147.207 0.000293861 134.483 
-67.7848 43.6442 476.382 -32.776 0.00070614 -45.5971 
-68.2115 43.8902 476.372 147.241 9.3853e-05 134.323 
-68.6411 44.1379 476.357 -32.742 0.000106136 -45.7573 
-69.0706 44.3868 476.344 147.274 0.000593859 134.163 
-69.4989 44.6329 476.331 147.291 0.000193859 134.083 
-69.9308 44.8827 476.313 -32.693 0.000306144 -45.9961 
-70.3583 45.1293 476.302 147.323 0.000193857 133.925 
-70.7881 45.3789 476.286 -32.662 0.000506142 -46.1543 
-71.2192 45.6272 476.27 -32.646 0.000206143 -46.2332 
-71.6489 45.876 476.256 -32.631 0.000106143 -46.3118 
-72.0779 46.1241 476.242 -32.616 0.00010614 -46.3903 
-72.5063 46.3715 476.229 -32.601 0.00020614 -46.4686 
-72.9352 46.6189 476.216 147.414 0.00059386 133.453 
-73.3659 46.8672 476.199 -32.571 0.000706139 -46.6247 
-73.7927 47.1144 476.188 -32.557 0.000206145 -46.7025 
-74.2246 47.3628 476.173 147.458 0.000193863 133.22 
-74.6537 47.611 476.158 -32.528 0.000506142 -46.8577 
-75.0834 47.8592 476.144 -32.514 0.000406142 -46.935 
-75.5124 48.1067 476.13 -32.5 0.000406141 -47.0122 
-75.9399 48.3548 476.117 -32.487 0.000606141 -47.0892 
-76.3687 48.6017 476.105 147.527 9.38608e-05 132.834 
