2.31203 -11.7487 380.527 101.133 0.000606141 -131.598 
2.31295 -11.7522 380.527 101.134 0.000706141 -131.599 
2.31444 -11.7577 380.535 -78.864 0.000493858 48.401 
2.31649 -11.7652 380.535 0 6.09716e-06 -30.4613 
2.31913 -11.7749 380.544 -78.8579 0.000693859 48.399 
2.32228 -11.7864 380.544 101.146 0.00020614 -131.602 
2.32607 -11.8004 380.553 0 6.15665e-06 -30.4529 
2.33024 -11.8154 380.562 101.157 0.000406141 -131.606 
2.33538 -11.8346 380.57 -78.837 0.000493858 48.393 
2.34071 -11.8539 380.579 101.17 0.000406143 -131.61 
2.34699 -11.8773 380.589 0 6.15665e-06 -30.4342 
2.35361 -11.9015 380.605 -78.8137 0.000593859 48.386 
2.36074 -11.9275 380.615 101.196 0.000406141 -131.617 
2.36846 -11.9558 380.632 101.205 0.00020614 -131.62 
2.37689 -11.9867 380.649 -78.7841 0.000293858 48.377 
2.38576 -12.0191 380.667 0 6.15665e-06 -30.3989 
2.39528 -12.0541 380.685 -78.7611 9.38608e-05 48.371 
2.40555 -12.092 380.702 -78.7486 0.00039386 48.368 
2.41625 -12.1311 380.72 0 6.15665e-06 -30.3714 
2.42765 -12.1732 380.739 101.278 0.00020614 -131.639 
2.43931 -12.2157 380.764 0 6.15665e-06 -30.3503 
2.45183 -12.2617 380.783 101.308 0.000606141 -131.647 
2.46494 -12.31 380.809 0 6.03709e-06 -30.3279 
2.47844 -12.3594 380.835 0 6.15665e-06 -30.3148 
2.49266 -12.4116 380.862 -78.6442 0.000193857 48.342 
2.50759 -12.4666 380.889 -78.627 0.000693859 48.338 
2.52294 -12.523 380.916 -78.6094 0.00039386 48.334 
2.53869 -12.5805 380.943 101.409 0.000506141 -131.67 
2.55544 -12.6424 380.97 101.427 0.00020614 -131.674 
2.5725 -12.705 381.005 -78.5535 0.000293858 48.323 
2.58994 -12.7686 381.04 -78.5339 0.000193859 48.319 
2.60825 -12.8359 381.068 101.486 0.000706141 -131.684 
2.6271 -12.9051 381.104 101.507 0.000306141 -131.688 
2.64669 -12.9773 381.139 -78.4727 0.000293858 48.309 
2.66667 -13.0507 381.175 -78.4516 0.000193857 48.306 
2.68708 -13.1253 381.211 101.57 0.000606141 -131.697 
2.70803 -13.2021 381.255 101.592 0.00020614 -131.7 
2.72988 -13.2823 381.292 101.614 0.00050614 -131.703 
2.75223 -13.3645 381.336 -78.3634 0.000493859 48.295 
2.77518 -13.4488 381.373 101.659 0.000306142 -131.707 
2.79867 -13.5351 381.418 -78.3175 0.000193859 48.291 
2.82257 -13.6226 381.463 0 6.09716e-06 -30.0051 
2.84719 -13.713 381.508 0 6.03709e-06 -29.9835 
2.87249 -13.8061 381.553 -78.2467 0.000293859 48.286 
2.89825 -13.9005 381.599 101.777 0.000206142 -131.715 
2.9245 -13.9967 381.653 -78.1983 0.000693859 48.285 
2.95136 -14.0953 381.699 101.826 0.000306139 -131.715 
2.97872 -14.1956 381.753 -78.1493 9.38569e-05 48.285 
3.00702 -14.2996 381.799 101.876 0.000406141 -131.714 
3.0358 -14.4054 381.853 -78.0996 0.000493861 48.286 
3.065 -14.5126 381.908 -78.0746 0.00059386 48.288 
3.09461 -14.621 381.963 0 6.09716e-06 -29.7604 
3.12523 -14.7337 382.018 -78.0242 0.000593859 48.292 
3.1563 -14.8477 382.074 -77.9988 0.000393859 48.294 
3.1877 -14.9628 382.129 102.027 0.000406141 -131.703 
3.21966 -15.0799 382.193 0 6.03709e-06 -29.6469 
3.25252 -15.2006 382.249 102.078 0.000406141 -131.695 
3.28587 -15.3232 382.313 -77.8969 0.000493858 48.309 
3.31984 -15.4479 382.37 102.129 0.000406141 -131.686 
3.35432 -15.5745 382.434 0 6.03709e-06 -29.5257 
3.38921 -15.7024 382.499 102.18 0.000406141 -131.674 
3.42479 -15.8329 382.565 102.206 0.00050614 -131.668 
3.46104 -15.9661 382.63 102.231 0.000306141 -131.661 
3.49773 -16.1006 382.696 102.257 0.00090614 -131.653 
3.53525 -16.2385 382.77 -77.7179 0.000693859 48.355 
3.57301 -16.377 382.836 102.308 0.000406141 -131.636 
3.61163 -16.5188 382.91 -77.6671 0.000693859 48.373 
3.65082 -16.6627 382.978 -77.6417 9.38569e-05 48.383 
3.6902 -16.8071 383.053 102.384 0.000306139 -131.607 
3.73063 -16.9556 383.128 -77.5913 0.000493858 48.404 
3.77142 -17.1053 383.204 -77.5662 0.00059386 48.416 
3.81258 -17.2561 383.28 0 6.03709e-06 -29.1132 
3.85477 -17.4112 383.356 -77.5163 0.000593858 48.441 
3.89736 -17.5675 383.433 -77.4915 0.000393859 48.455 
3.94068 -17.7266 383.51 -77.4668 0.000393859 48.469 
3.98436 -17.8869 383.588 102.558 0.000306139 -131.516 
4.02849 -18.0488 383.673 -77.4178 0.000293857 48.499 
4.07359 -18.2145 383.752 0 6.15665e-06 -28.8775 
4.11885 -18.3804 383.838 0 6.15665e-06 -28.8373 
4.16476 -18.5489 383.924 -77.3453 0.000293861 48.55 
4.21161 -18.721 384.004 102.679 0.000206142 -131.432 
4.25866 -18.8935 384.091 102.702 0.000506141 -131.413 
4.30637 -19.0687 384.179 102.726 0.000606141 -131.394 
4.3548 -19.2464 384.268 102.749 0.000406141 -131.374 
4.40389 -19.4268 384.357 0 6.27393e-06 -28.5804 
4.45342 -19.6085 384.446 102.796 0.00040614 -131.331 
4.5034 -19.7919 384.543 -77.1813 0.00039386 48.691 
4.55396 -19.9773 384.633 102.842 0.000506141 -131.286 
4.60554 -20.1669 384.724 102.864 0.000206138 -131.263 
4.65727 -20.3567 384.822 -77.1135 0.000293858 48.762 
4.70935 -20.5476 384.921 -77.0912 9.3853e-05 48.787 
4.7627 -20.7438 385.014 0 6.21557e-06 -28.2572 
4.81618 -20.94 385.114 -77.0473 0.000193857 48.839 
4.87038 -21.1389 385.214 -77.0255 0.00059386 48.866 
4.92488 -21.3388 385.315 -77.004 0.000293856 48.894 
4.9801 -21.5415 385.417 -76.9827 9.38608e-05 48.922 
5.03602 -21.7467 385.519 -76.9615 0.000193857 48.951 
5.09262 -21.9545 385.622 -76.9405 0.000493859 48.981 
5.14959 -22.1636 385.725 0 6.09716e-06 -27.9077 
5.20725 -22.3752 385.829 103.101 0.000306142 -130.957 
5.2656 -22.5895 385.934 103.121 0.000406141 -130.925 
5.32434 -22.8051 386.046 -76.8585 0.000793859 49.108 
5.38377 -23.0232 386.152 -76.8384 9.3853e-05 49.141 
5.44355 -23.2426 386.265 -76.8186 0.000693859 49.175 
5.50402 -23.4645 386.372 103.201 0.000606141 -130.79 
5.5652 -23.689 386.487 -76.7794 0.00039386 49.246 
5.627 -23.9159 386.595 103.24 0.000406141 -130.718 
5.68921 -24.1442 386.711 0 6.15665e-06 -27.422 
5.7521 -24.3751 386.828 -76.7221 0.000593859 49.357 
5.81533 -24.6071 386.945 -76.7034 0.000393857 49.395 
5.87923 -24.8417 387.063 -76.6849 0.00039386 49.435 
5.94386 -25.0788 387.182 -76.6665 0.00059386 49.474 
6.00877 -25.317 387.301 0 6.15665e-06 -27.1334 
6.07474 -25.5592 387.421 -76.6304 0.000593859 49.556 
6.14103 -25.8025 387.542 -76.6126 0.000393859 49.598 
6.208 -26.0484 387.664 -76.595 0.000393859 49.641 
6.27529 -26.2953 387.786 103.422 0.000406141 -130.316 
6.34359 -26.5462 387.909 0 6.15665e-06 -26.8324 
6.41226 -26.7982 388.033 103.457 0.000406141 -130.227 
6.48129 -27.0514 388.165 -76.5264 0.000393858 49.819 
6.55127 -27.3084 388.29 -76.5097 0.000393859 49.865 
6.62162 -27.5666 388.416 103.507 0.00050614 -130.088 
6.69226 -27.8259 388.55 103.523 0.00010614 -130.041 
6.76396 -28.089 388.678 103.539 0.000606141 -129.992 
6.83596 -28.3532 388.813 -76.4447 0.000193859 50.057 
6.90896 -28.6214 388.943 -76.4289 9.38569e-05 50.106 
6.98199 -28.8892 389.08 -76.4132 0.000193857 50.157 
7.05598 -29.1608 389.211 103.602 0.000506139 -129.792 
7.13029 -29.4335 389.35 0 6.21557e-06 -26.1234 
7.20524 -29.7087 389.49 -76.3673 0.000693859 50.312 
7.2809 -29.9864 389.624 103.648 0.000506141 -129.635 
7.35682 -30.265 389.765 103.663 0.00040614 -129.581 
7.43347 -30.5461 389.908 103.677 0.000206138 -129.527 
7.51068 -30.8297 390.052 -76.3084 0.000193859 50.528 
7.58897 -31.1171 390.189 103.706 0.000206142 -129.416 
7.66714 -31.404 390.334 103.72 0.00040614 -129.359 
7.74643 -31.6949 390.481 -76.2658 0.000493859 50.698 
7.82593 -31.9868 390.628 -76.252 0.00059386 50.756 
7.90645 -32.2824 390.769 103.762 0.000106136 -129.185 
7.98694 -32.5776 390.918 103.775 0.000606142 -129.126 
8.06837 -32.8767 391.069 0 6.15665e-06 -25.2774 
8.15012 -33.1766 391.22 103.802 0.000106143 -129.006 
8.23252 -33.479 391.372 103.815 0.00010614 -128.944 
8.31556 -33.7839 391.526 0 6.09716e-06 -25.0541 
8.3996 -34.0925 391.673 103.841 0.000606141 -128.82 
8.48395 -34.402 391.828 103.853 0.000106143 -128.756 
8.56854 -34.7124 391.985 103.866 0.000406141 -128.693 
8.65417 -35.0267 392.142 -76.1217 0.00039386 51.372 
8.73999 -35.3418 392.301 -76.1095 0.000493859 51.437 
8.82649 -35.6593 392.461 -76.0974 0.000693859 51.503 
8.91408 -35.9808 392.615 0 6.15665e-06 -24.5154 
9.00145 -36.3014 392.777 103.926 0.000406141 -128.363 
9.08985 -36.6259 392.94 -76.0619 0.000293858 51.705 
9.17857 -36.9514 393.105 -76.0503 9.38646e-05 51.774 
9.26822 -37.2806 393.263 103.961 0.000806141 -128.157 
9.35813 -37.6106 393.43 103.972 0.000606142 -128.087 
9.44867 -37.9428 393.598 103.984 0.000206143 -128.017 
9.53987 -38.2774 393.767 -76.0053 0.000293859 52.054 
9.63204 -38.6159 393.931 0 6.21557e-06 -23.8684 
9.72406 -38.9536 394.102 104.016 0.000106146 -127.802 
9.81751 -39.2967 394.268 104.027 0.000106143 -127.728 
9.91079 -39.6389 394.443 -75.9623 9.38569e-05 52.345 
10.0046 -39.9833 394.618 -75.9519 0.000493858 52.42 
10.0995 -40.3317 394.788 0 6.03709e-06 -23.4466 
10.195 -40.6824 394.959 104.069 0.000306139 -127.43 
10.2907 -41.0336 395.139 -75.9213 0.00049386 52.647 
10.3871 -41.3872 395.313 104.089 0.000406141 -127.277 
10.484 -41.7429 395.495 -75.9014 0.000693859 52.801 
10.5816 -42.101 395.672 -75.8916 9.38685e-05 52.879 
10.6797 -42.4614 395.85 104.118 0.000406141 -127.042 
10.7786 -42.8239 396.029 104.128 0.000706142 -126.963 
10.8779 -43.1887 396.21 104.137 0.000906141 -126.883 
10.9774 -43.5538 396.399 -75.8537 9.38608e-05 53.198 
11.078 -43.9228 396.583 -75.8444 0.000293859 53.279 
11.1791 -44.2941 396.769 -75.8353 0.00059386 53.361 
11.2809 -44.668 396.948 104.174 0.000906141 -126.556 
11.3833 -45.0435 397.137 104.183 0.000206142 -126.473 
11.4858 -45.4198 397.326 104.192 0.000406142 -126.389 
11.5893 -45.7996 397.518 -75.7998 0.000593858 53.695 
11.6935 -46.182 397.704 104.209 0.00020614 -126.22 
11.7977 -46.5647 397.898 -75.7826 9.38608e-05 53.866 
11.903 -46.9514 398.087 104.226 0.000406141 -126.048 
12.0085 -47.3383 398.285 -75.7658 0.000193861 54.039 
12.1149 -47.7291 398.477 -75.7576 9.38608e-05 54.127 
12.222 -48.1221 398.671 -75.7494 9.38569e-05 54.215 
12.3287 -48.5136 398.874 -75.7413 0.000293859 54.304 
12.4369 -48.9107 399.071 -75.7333 0.000593859 54.393 
12.5453 -49.3085 399.27 -75.7254 9.38608e-05 54.483 
12.6551 -49.7119 399.464 104.282 0.000206142 -125.426 
12.7646 -50.1136 399.667 104.29 0.000306139 -125.335 
12.8747 -50.5175 399.871 104.298 0.000306141 -125.244 
12.9862 -50.927 400.07 104.305 0.000106143 -125.151 
13.0974 -51.3348 400.278 -75.6871 0.000293858 54.942 
13.2096 -51.7468 400.48 104.32 0.000106143 -124.965 
13.3218 -52.1586 400.692 -75.6724 0.00059386 55.13 
13.4351 -52.5745 400.898 -75.6652 0.000593858 55.224 
13.549 -52.9925 401.106 -75.658 0.000693859 55.32 
13.6631 -53.411 401.316 0 6.27393e-06 -20.2349 
13.778 -53.8328 401.528 -75.6439 0.000493858 55.512 
13.894 -54.2591 401.735 -75.637 9.38608e-05 55.61 
14.0095 -54.6827 401.95 -75.6301 0.000393861 55.707 
14.1254 -55.1082 402.159 104.377 0.000406141 -124.195 
14.2415 -55.5343 402.37 104.383 0.000206138 -124.098 
14.3574 -55.9598 402.582 0 6.03709e-06 -19.6102 
14.4731 -56.3845 402.795 -75.6038 0.000193857 56.098 
14.5888 -56.8087 403.009 -75.5974 0.000293858 56.196 
14.7047 -57.2347 403.218 104.409 0.000606141 -123.706 
14.8203 -57.6588 403.434 -75.585 0.000593858 56.393 
14.936 -58.0834 403.645 104.421 0.000306144 -123.509 
15.0519 -58.5087 403.857 104.427 0.000206143 -123.411 
15.1676 -58.9333 404.07 104.433 0.00010614 -123.312 
15.2835 -59.3587 404.284 -75.5613 0.000993859 56.786 
15.3994 -59.7845 404.493 -75.5556 9.38569e-05 56.885 
15.5153 -60.2097 404.703 104.45 0.000806141 -123.016 
15.6307 -60.6332 404.92 -75.5444 0.000193861 57.083 
15.7466 -61.0584 405.132 -75.5389 0.000293862 57.182 
15.8629 -61.4855 405.339 104.467 0.000506141 -122.719 
15.9785 -61.9094 405.553 104.472 0.000406141 -122.62 
16.0941 -62.3341 405.769 -75.5229 0.00069386 57.479 
16.2099 -62.7592 405.979 104.482 0.00010614 -122.422 
16.326 -63.1852 406.19 0 6.15665e-06 -17.8356 
16.4419 -63.6104 406.402 -75.5075 0.000193861 57.776 
16.5576 -64.035 406.615 -75.5025 0.00039386 57.876 
16.6738 -64.4617 406.823 104.502 0.000406141 -122.025 
16.7891 -64.8849 407.039 104.507 0.000106136 -121.925 
16.9054 -65.3117 407.249 -75.488 9.38608e-05 58.174 
17.021 -65.7362 407.46 104.517 0.00050614 -121.726 
17.1369 -66.1617 407.673 104.521 0.00020614 -121.626 
17.2526 -66.5863 407.886 -75.474 0.000193857 58.474 
17.3682 -67.0104 408.101 -75.4694 0.000593858 58.573 
17.4844 -67.4366 408.31 0 6.15665e-06 -16.7919 
17.6003 -67.8621 408.521 104.54 0.000506142 -121.227 
17.7164 -68.2883 408.732 -75.4561 9.38608e-05 58.873 
17.832 -68.7126 408.945 104.548 0.00040614 -121.027 
17.9478 -69.1374 409.158 -75.4475 0.000293859 59.073 
18.063 -69.5602 409.373 0 6.15665e-06 -16.2693 
18.1791 -69.9868 409.582 104.561 0.000306142 -120.726 
18.2952 -70.4126 409.793 104.565 0.000506142 -120.626 
18.411 -70.8379 410.005 104.569 0.000706141 -120.526 
18.5266 -71.2624 410.218 104.573 0.00080614 -120.425 
18.6425 -71.6875 410.431 -75.423 0.000193859 59.675 
18.7578 -72.1107 410.646 -75.4191 0.000193863 59.776 
18.8741 -72.5376 410.856 -75.4152 0.000293858 59.876 
18.9898 -72.9624 411.067 104.589 0.000506139 -120.023 
19.1058 -73.3881 411.279 104.592 0.000306142 -119.923 
19.2216 -73.813 411.492 0 6.15665e-06 -15.2258 
19.3372 -74.2372 411.706 -75.4001 0.000393859 60.279 
19.4534 -74.6639 411.915 104.604 0.000106136 -119.621 
19.5687 -75.0866 412.131 -75.3928 0.000493861 60.48 
19.6845 -75.512 412.342 -75.3893 9.38646e-05 60.581 
19.8003 -75.9367 412.554 104.614 0.000206142 -119.318 
19.9162 -76.3622 412.767 -75.3822 0.00059386 60.783 
20.0323 -76.7887 412.975 104.621 0.00050614 -119.116 
20.1478 -77.2128 413.19 -75.3754 0.000493859 60.985 
20.2637 -77.6381 413.401 104.628 0.000506141 -118.914 
20.3799 -78.064 413.612 104.631 0.000306139 -118.813 
20.4957 -78.4893 413.824 0 6.03709e-06 -14.0773 
20.6113 -78.914 414.037 -75.3621 0.00039386 61.389 
20.7269 -79.338 414.252 -75.3588 0.00079386 61.49 
20.8432 -79.7646 414.461 -75.3556 0.00039386 61.591 
20.9591 -80.1906 414.672 -75.3525 9.3853e-05 61.692 
21.0751 -80.6159 414.883 104.651 0.00010614 -118.206 
21.1908 -81.0406 415.096 104.654 0.000206142 -118.105 
21.3064 -81.4646 415.309 104.657 0.000206143 -118.004 
21.4216 -81.8878 415.524 0 6.27393e-06 -13.2431 
21.5381 -82.3154 415.733 -75.3371 0.000193861 62.199 
21.654 -82.7408 415.944 104.666 0.000406141 -117.7 
21.7697 -83.1656 416.156 104.669 0.000906141 -117.598 
21.8856 -83.591 416.368 104.672 0.000206143 -117.497 
22.001 -84.0145 416.582 104.675 0.00050614 -117.395 
22.1166 -84.4387 416.797 -75.3225 0.000393859 62.706 
22.2329 -84.8657 417.006 -75.3197 0.000393859 62.808 
22.3487 -85.2907 417.217 104.683 0.00040614 -117.091 
22.4647 -85.7164 417.429 104.686 0.000106146 -116.989 
22.5805 -86.1415 417.642 -75.3114 0.000293859 63.113 
22.6957 -86.5645 417.856 104.691 0.00010614 -116.786 
22.8121 -86.9918 418.065 104.694 0.000406142 -116.684 
22.9275 -87.4149 418.28 -75.3033 0.000493859 63.418 
23.0435 -87.841 418.491 -75.3007 0.000493859 63.519 
23.1594 -88.2664 418.703 -75.2981 0.00059386 63.621 
23.2748 -88.6898 418.916 104.705 0.000106143 -116.277 
23.3913 -89.1175 419.125 104.707 0.000606141 -116.175 
23.5067 -89.541 419.34 0 6.15665e-06 -11.3634 
23.6228 -89.9675 419.55 104.712 0.000206143 -115.972 
23.7389 -90.3934 419.761 104.715 0.000306142 -115.87 
23.8548 -90.8186 419.973 104.717 0.00020614 -115.768 
23.9704 -91.2432 420.186 -75.2805 9.38608e-05 64.334 
24.086 -91.6671 420.4 -75.278 0.00049386 64.436 
24.2024 -92.0942 420.609 -75.2756 9.38608e-05 64.538 
24.317 -92.5154 420.825 104.727 0.000106143 -115.36 
24.4331 -92.9412 421.037 104.729 0.000206143 -115.258 
24.5489 -93.3664 421.249 104.731 0.00010615 -115.156 
24.6645 -93.7909 421.462 -75.2663 0.000193857 64.946 
24.7811 -94.2186 421.67 104.736 0.000306142 -114.952 
24.8964 -94.6417 421.885 -75.2617 0.000393857 65.15 
25.0127 -95.0682 422.096 -75.2594 0.000193857 65.253 
25.1287 -95.4941 422.307 -75.2572 0.000193859 65.355 
25.2441 -95.9179 422.52 104.745 0.000606141 -114.543 
25.3598 -96.3425 422.733 104.747 0.00020614 -114.441 
25.4754 -96.7664 422.947 -75.2506 0.000393861 65.661 
25.5917 -97.1937 423.156 -75.2485 0.000193859 65.764 
25.708 -97.6202 423.367 -75.2463 0.000193857 65.866 
25.8237 -98.0448 423.578 104.756 0.000606141 -114.032 
25.9396 -98.4703 423.791 104.758 0.000306142 -113.93 
26.0552 -98.8951 424.004 -75.2401 0.000293859 66.173 
26.1704 -99.3178 424.218 -75.238 9.38685e-05 66.275 
26.2868 -99.7454 424.427 -75.236 9.38608e-05 66.377 
26.4018 -100.167 424.644 -75.2339 0.000193861 66.48 
26.518 -100.593 424.855 -75.2319 0.000593858 66.582 
26.6336 -101.018 425.067 -75.2299 0.000193859 66.684 
26.7505 -101.447 425.275 -75.2279 9.3853e-05 66.787 
26.8657 -101.87 425.489 -75.226 9.38608e-05 66.889 
26.981 -102.292 425.704 -75.224 0.000293861 66.992 
27.0969 -102.718 425.915 104.778 0.000206143 -112.906 
27.2132 -103.145 426.126 -75.2202 0.000493859 67.197 
27.3289 -103.57 426.338 -75.2183 0.00039386 67.299 
27.4445 -103.994 426.551 -75.2164 0.000493859 67.402 
27.5609 -104.422 426.76 104.785 0.000106136 -112.496 
27.6763 -104.845 426.975 -75.2127 0.000393861 67.607 
27.7924 -105.271 427.186 -75.2109 0.000193861 67.709 
27.9081 -105.696 427.397 104.791 0.00070614 -112.188 
28.0239 -106.121 427.609 104.793 0.00040614 -112.086 
28.1397 -106.546 427.822 -75.2055 9.3853e-05 68.017 
28.2553 -106.97 428.036 -75.2037 0.000793859 68.12 
28.3716 -107.396 428.245 104.798 0.000206142 -111.778 
28.4867 -107.819 428.461 -75.2002 0.000993859 68.325 
28.6025 -108.245 428.672 -75.1985 0.000393861 68.427 
28.7184 -108.669 428.884 -75.1967 9.38569e-05 68.53 
28.8339 -109.094 429.097 0 6.15665e-06 -6.562 
28.9509 -109.523 429.306 -75.1933 0.000193861 68.735 
29.066 -109.946 429.52 -75.1917 0.000593858 68.838 
29.1823 -110.372 429.731 -75.19 0.000293859 68.941 
29.2981 -110.797 429.942 104.812 0.00080614 -110.956 
29.4139 -111.223 430.154 104.813 0.000606141 -110.854 
29.5297 -111.648 430.366 104.815 0.00020614 -110.751 
29.6455 -112.072 430.58 -75.1834 0.000493861 69.352 
29.7617 -112.499 430.789 104.818 0.00050614 -110.545 
29.8767 -112.921 431.004 104.82 0.000306142 -110.443 
29.9929 -113.348 431.215 -75.1787 9.38569e-05 69.66 
30.1088 -113.773 431.427 104.823 0.000206138 -110.237 
30.2246 -114.198 431.639 104.825 0.000206143 -110.134 
30.34 -114.622 431.853 0 6.27393e-06 -5.205 
30.4565 -115.05 432.062 104.828 0.000506139 -109.928 
30.5719 -115.472 432.276 -75.1709 0.000293857 70.174 
30.6878 -115.898 432.487 104.831 0.00070614 -109.723 
30.8039 -116.324 432.699 104.832 0.000406141 -109.62 
30.9196 -116.749 432.911 104.834 0.00080614 -109.517 
31.0353 -117.174 433.124 0 6.03709e-06 -4.579 
31.1506 -117.597 433.337 -75.1635 0.000193859 70.689 
31.2671 -118.024 433.547 104.838 0.000406141 -109.208 
31.382 -118.446 433.762 -75.1606 0.000193859 70.895 
31.4983 -118.873 433.973 -75.1591 0.000193861 70.998 
31.6142 -119.298 434.185 -75.1577 0.000393859 71.101 
31.7296 -119.722 434.398 104.844 0.00010614 -108.796 
31.8465 -120.151 434.607 104.845 0.000306142 -108.693 
31.9617 -120.574 434.821 104.847 0.000306142 -108.59 
32.0779 -121 435.031 104.848 0.000906141 -108.488 
32.1932 -121.423 435.246 -75.1507 0.000693859 71.616 
32.3091 -121.849 435.458 -75.1494 0.000593858 71.719 
32.4246 -122.273 435.67 104.852 0.000206138 -108.178 
32.5402 -122.697 435.883 -75.1467 0.000293859 71.925 
32.6571 -123.126 436.092 0 6.15665e-06 -3.1173 
32.7721 -123.548 436.307 -75.144 9.38646e-05 72.131 
32.8882 -123.975 436.517 104.857 0.000506142 -107.766 
33.0046 -124.402 436.728 -75.1414 9.38608e-05 72.337 
33.1204 -124.827 436.94 0 6.27393e-06 -2.7001 
33.2358 -125.251 437.153 104.861 0.000706141 -107.457 
33.3514 -125.675 437.366 104.863 0.000206143 -107.354 
33.467 -126.099 437.58 -75.1362 0.000593858 72.749 
33.5833 -126.525 437.79 104.865 0.000306139 -107.148 
33.6992 -126.951 438.001 104.866 0.000806141 -107.045 
33.8144 -127.374 438.217 -75.1324 0.000893859 73.059 
33.9301 -127.799 438.429 -75.1312 0.000893859 73.162 
34.0469 -128.227 438.637 104.87 0.00080614 -106.735 
34.1624 -128.651 438.85 104.871 0.00020614 -106.632 
34.2778 -129.075 439.064 -75.1275 0.000793859 73.471 
34.394 -129.501 439.275 0 6.15665e-06 -1.5523 
34.51 -129.927 439.486 104.875 0.00050614 -106.323 
34.626 -130.353 439.697 104.876 0.000606141 -106.219 
34.7419 -130.778 439.909 104.877 0.000506141 -106.116 
34.8576 -131.203 440.122 104.879 0.00010614 -106.013 
34.9726 -131.625 440.336 104.88 0.000306141 -105.91 
35.0895 -132.054 440.545 104.881 0.000206138 -105.807 
35.2045 -132.476 440.76 -75.118 9.38608e-05 74.297 
35.3205 -132.902 440.971 104.883 0.000206143 -105.6 
35.4364 -133.328 441.183 104.884 0.00020614 -105.497 
35.5524 -133.753 441.395 -75.1146 9.38608e-05 74.606 
35.6677 -134.176 441.608 104.887 0.000206138 -105.29 
35.7832 -134.601 441.821 -75.1124 0.000693859 74.813 
35.8997 -135.028 442.032 104.889 0.000106143 -105.084 
36.0146 -135.45 442.246 -75.1102 0.000493861 75.019 
36.1308 -135.876 442.457 -75.1091 0.000393859 75.123 
36.2469 -136.302 442.669 -75.108 0.00059386 75.226 
36.3625 -136.727 442.881 -75.1069 9.38608e-05 75.329 
36.478 -137.15 443.094 104.894 0.00010615 -104.567 
36.5951 -137.58 443.303 -75.1047 9.38569e-05 75.536 
36.7102 -138.003 443.517 -75.1037 0.000493858 75.639 
36.8263 -138.429 443.728 104.897 0.000706142 -104.257 
36.9411 -138.851 443.943 -75.1016 0.00039386 75.846 
37.0574 -139.277 444.154 -75.1005 0.000893859 75.949 
37.1731 -139.702 444.366 -75.0995 0.000593859 76.053 
37.2902 -140.131 444.575 104.902 0.000306142 -103.844 
37.4055 -140.555 444.788 -75.0974 9.3853e-05 76.259 
37.5204 -140.977 445.002 104.904 0.00020614 -103.637 
37.637 -141.405 445.213 104.905 0.000206142 -103.534 
37.7531 -141.831 445.424 104.906 0.000806141 -103.431 
37.868 -142.253 445.639 -75.0934 0.000893858 76.673 
37.9839 -142.678 445.851 -75.0924 0.000893859 76.776 
38.0993 -143.101 446.063 -75.0914 0.000193859 76.88 
38.2164 -143.531 446.273 104.91 0.000106143 -103.017 
38.3315 -143.953 446.486 104.911 0.00010614 -102.914 
38.448 -144.381 446.696 104.912 0.00080614 -102.81 
38.5627 -144.802 446.911 104.913 0.000206138 -102.707 
38.679 -145.229 447.122 104.914 0.00020614 -102.603 
38.795 -145.655 447.334 -75.0856 9.3853e-05 77.5 
38.9107 -146.079 447.546 104.915 0.000306139 -102.397 
39.0264 -146.504 447.759 -75.0837 0.000593859 77.707 
39.1433 -146.933 447.969 104.917 0.000106143 -102.19 
39.2585 -147.356 448.182 -75.0818 0.00049386 77.914 
39.3746 -147.782 448.393 104.919 0.00050614 -101.983 
39.4898 -148.204 448.608 -75.0799 0.00069386 78.121 
39.6057 -148.63 448.819 -75.079 0.000293859 78.224 
39.7215 -149.055 449.031 -75.0781 0.000193856 78.328 
39.8372 -149.48 449.244 -75.0772 0.000493858 78.431 
39.9524 -149.903 449.456 -75.0763 9.38646e-05 78.535 
40.0693 -150.332 449.666 0 6.21557e-06 3.5626 
40.1844 -150.754 449.88 -75.0745 0.000193854 78.742 
40.3008 -151.181 450.091 104.926 0.000206143 -101.155 
40.4171 -151.608 450.302 104.927 0.000306142 -101.051 
40.533 -152.034 450.514 0 6.21557e-06 3.9801 
40.6487 -152.458 450.726 104.929 0.000506142 -100.844 
40.7643 -152.883 450.939 104.93 0.00060614 -100.741 
40.8796 -153.306 451.151 104.931 0.000306142 -100.637 
40.995 -153.729 451.365 -75.0684 0.000193861 79.466 
41.1118 -154.158 451.575 -75.0675 9.38608e-05 79.57 
41.2279 -154.584 451.786 104.933 0.000606141 -100.327 
41.3424 -155.005 452.001 104.934 0.000106136 -100.223 
41.4586 -155.431 452.213 104.935 0.000206143 -100.12 
41.5744 -155.856 452.425 0 6.03709e-06 4.9198 
41.6901 -156.281 452.637 -75.0634 0.00059386 80.0874 
41.807 -156.71 452.847 104.938 0.000506142 -99.8091 
41.9222 -157.132 453.06 104.938 0.000306143 -99.7055 
42.0372 -157.555 453.274 -75.0609 0.000293859 80.3981 
42.1537 -157.982 453.485 -75.0601 0.000193857 80.5016 
42.2696 -158.408 453.696 104.941 0.000606141 -99.3948 
42.3859 -158.835 453.908 104.942 0.000106136 -99.2912 
42.5017 -159.26 454.12 104.942 0.000206143 -99.1876 
42.6174 -159.684 454.332 0 6.09716e-06 5.859 
42.7326 -160.107 454.545 104.944 0.000406141 -98.9805 
42.8482 -160.531 454.758 -75.0553 0.000493858 81.1231 
42.9647 -160.959 454.969 104.946 0.000306141 -98.7733 
43.0797 -161.38 455.183 -75.0537 0.000193861 81.3303 
43.1958 -161.807 455.394 -75.053 9.38608e-05 81.4339 
43.3121 -162.234 455.605 -75.0522 0.000293857 81.5375 
43.4279 -162.659 455.817 104.949 0.000106136 -98.3588 
43.5434 -163.083 456.029 104.949 0.00020614 -98.2552 
43.6591 -163.507 456.242 0 6.27393e-06 6.7985 
43.7759 -163.937 456.452 104.951 0.000506142 -98.048 
43.8914 -164.36 456.666 -75.0484 0.000393861 82.0557 
44.0061 -164.782 456.879 -75.0477 0.00059386 82.1593 
44.1226 -165.209 457.09 -75.0469 9.38608e-05 82.2629 
44.2387 -165.635 457.302 0 6.03709e-06 7.3204 
44.355 -166.061 457.513 -75.0454 0.000193861 82.4702 
44.4706 -166.486 457.726 104.955 0.000306143 -97.4261 
44.586 -166.91 457.938 104.956 0.000406141 -97.3225 
44.7014 -167.334 458.151 104.957 0.00020614 -97.2188 
44.817 -167.757 458.364 -75.0425 0.000293857 82.8848 
44.9338 -168.186 458.574 -75.0418 9.38608e-05 82.9885 
45.0501 -168.613 458.785 104.959 0.00070614 -96.9078 
45.1648 -169.034 458.999 104.96 0.00020614 -96.8042 
45.2809 -169.46 459.211 104.96 0.000306137 -96.7005 
45.397 -169.886 459.423 104.961 0.000206142 -96.5968 
45.5129 -170.312 459.635 -75.0383 0.000293857 83.5069 
45.6285 -170.736 459.847 -75.0376 0.000193857 83.6106 
45.7439 -171.159 460.06 -75.0369 0.000293858 83.7143 
45.8608 -171.588 460.27 104.964 0.00020614 -96.182 
45.9757 -172.01 460.483 104.965 0.000406142 -96.0783 
46.0922 -172.438 460.694 104.965 0.000206138 -95.9746 
46.2069 -172.859 460.908 -75.0342 0.000193859 84.1291 
46.3232 -173.286 461.12 0 6.15665e-06 9.1993 
46.4393 -173.712 461.332 -75.0328 9.38646e-05 84.3365 
46.5547 -174.136 461.544 104.968 0.000406141 -95.5598 
46.6707 -174.561 461.756 -75.0315 0.000393859 84.5439 
46.7863 -174.985 461.968 -75.0308 0.00049386 84.6476 
46.903 -175.414 462.179 104.97 0.00010614 -95.2487 
47.018 -175.836 462.392 104.971 0.000406141 -95.1449 
47.1346 -176.264 462.603 104.971 0.000306139 -95.0412 
47.2495 -176.685 462.817 -75.0282 9.38608e-05 85.0625 
47.3655 -177.112 463.028 104.972 0.00020614 -94.8337 
47.4818 -177.538 463.24 104.973 0.000106143 -94.73 
47.5977 -177.964 463.452 -75.0263 0.000193861 85.3737 
47.7131 -178.388 463.664 104.974 0.00010614 -94.5225 
47.8288 -178.812 463.877 104.975 0.000106136 -94.4188 
47.9442 -179.235 464.09 -75.0244 0.000193859 85.685 
48.061 -179.664 464.3 104.976 0.00010614 -94.2113 
48.1761 -180.086 464.513 104.977 0.000106133 -94.1075 
48.2927 -180.514 464.724 -75.0225 0.000193859 85.9963 
48.4089 -180.941 464.936 104.978 0.00020614 -93.9 
48.5235 -181.362 465.15 -75.0213 0.000693859 86.2038 
48.6392 -181.787 465.362 0 6.03709e-06 11.2869 
48.7552 -182.213 465.574 -75.0201 0.00059386 86.4113 
48.8708 -182.637 465.786 -75.0195 0.000393857 86.5151 
48.9879 -183.067 465.996 104.981 0.000306142 -93.3811 
49.1036 -183.49 466.209 -75.0182 0.000193856 86.7227 
49.2183 -183.912 466.422 0 6.21557e-06 11.8087 
49.3352 -184.341 466.633 -75.0171 0.000193861 86.9302 
49.45 -184.763 466.846 -75.0165 0.000693859 87.034 
49.5664 -185.19 467.058 -75.0159 0.000493858 87.1378 
49.6823 -185.615 467.269 104.985 0.000406141 -92.7584 
49.7985 -186.042 467.481 0 6.03709e-06 12.3307 
49.9143 -186.466 467.694 104.986 0.000306141 -92.5508 
50.03 -186.891 467.906 104.987 0.000206138 -92.447 
50.1454 -187.315 468.118 -75.013 9.38608e-05 87.6568 
50.2606 -187.738 468.331 104.988 0.000206136 -92.2394 
50.3777 -188.167 468.542 104.988 0.000206142 -92.1356 
50.4928 -188.589 468.755 -75.0112 9.3853e-05 87.9682 
50.6091 -189.017 468.966 104.989 0.000306139 -91.928 
50.724 -189.438 469.18 -75.0101 0.00059386 88.1759 
50.8398 -189.864 469.391 104.99 0.000106143 -91.7203 
50.9562 -190.291 469.603 -75.009 0.000393858 88.3835 
51.0722 -190.716 469.815 -75.0084 0.000293859 88.4873 
51.1878 -191.141 470.027 -75.0079 0.000393857 88.5911 
51.3033 -191.564 470.239 104.993 0.00010614 -91.305 
51.4188 -191.989 470.452 -75.0068 0.000693859 88.7988 
51.5358 -192.417 470.663 104.994 0.000306139 -91.0974 
51.6507 -192.84 470.876 -75.0057 9.3853e-05 89.0065 
51.7676 -193.268 471.087 104.995 0.000206142 -90.8897 
51.8824 -193.69 471.3 -75.0046 0.000793859 89.2142 
51.9984 -194.116 471.512 -75.0041 9.38646e-05 89.318 
52.1147 -194.542 471.723 104.997 0.000306142 -90.5782 
52.2306 -194.968 471.935 104.997 0.000406141 -90.4743 
52.3464 -195.394 472.147 104.998 0.00010614 -90.3705 
52.4622 -195.817 472.359 104.998 0.00060614 -90.2666 
52.5779 -196.243 472.572 -75.0014 0.000193859 89.8373 
52.6932 -196.666 472.784 -75.0009 0.000293859 89.9411 
52.81 -197.095 472.995 105 0.000306144 -89.955 
52.9252 -197.518 473.208 -74.9999 0.000393861 90.1488 
53.0402 -197.939 473.421 -74.9993 0.000393862 90.2527 
53.1565 -198.366 473.632 105.001 0.000206142 -89.6434 
53.2727 -198.793 473.844 105.002 0.00060614 -89.5396 
53.3889 -199.22 474.056 105.002 0.00070614 -89.4357 
53.5034 -199.64 474.269 -74.9973 0.000493859 90.6682 
53.6191 -200.064 474.481 0 6.21557e-06 15.7753 
53.7351 -200.49 474.693 -74.9963 0.00079386 90.8759 
53.8523 -200.92 474.904 105.004 0.000106143 -89.0202 
53.9678 -201.344 475.117 -74.9953 0.000293858 91.0837 
54.0829 -201.767 475.329 105.005 0.000106146 -88.8124 
54.1999 -202.196 475.541 105.006 0.00010614 -88.7085 
54.3149 -202.618 475.753 -74.9938 0.000193857 91.3954 
54.4314 -203.046 475.965 105.007 0.000306141 -88.5008 
54.5462 -203.467 476.178 -74.9928 0.000593858 91.6031 
54.6623 -203.893 476.39 105.008 0.000306141 -88.293 
54.7787 -204.32 476.601 -74.9918 0.000193859 91.8109 
54.8943 -204.745 476.813 105.009 0.000106133 -88.0852 
55.0102 -205.17 477.025 105.009 0.000106143 -87.9813 
55.126 -205.595 477.238 -74.9904 0.000193856 92.1226 
55.2414 -206.018 477.45 105.01 0.00020614 -87.7735 
55.3568 -206.443 477.662 -74.9895 0.000593859 92.3304 
55.4737 -206.872 477.873 105.011 0.000206142 -87.5657 
55.589 -207.294 478.086 -74.9885 0.000193856 92.5383 
55.7058 -207.723 478.298 105.012 0.000106146 -87.3578 
55.8202 -208.144 478.511 105.012 0.00010614 -87.2539 
55.937 -208.572 478.722 -74.9871 0.000193859 92.85 
56.0533 -208.998 478.934 105.013 0.000206138 -87.0461 
56.1675 -209.418 479.147 -74.9862 0.00069386 93.0578 
56.2833 -209.843 479.359 105.014 0.000206142 -86.8382 
56.3991 -210.269 479.571 -74.9853 0.000193857 93.2657 
56.5148 -210.693 479.783 105.015 0.000106146 -86.6304 
56.6305 -211.118 479.995 -74.9844 0.000893859 93.4735 
56.7478 -211.548 480.206 -74.9839 0.000193859 93.5775 
56.8626 -211.97 480.419 105.017 0.000306142 -86.3186 
56.9782 -212.393 480.632 -74.983 0.000493858 93.7853 
57.0945 -212.821 480.843 105.017 0.00040614 -86.1107 
57.2096 -213.243 481.056 0 6.03709e-06 19.0111 
57.3258 -213.67 481.267 105.018 0.000406141 -85.9029 
57.4424 -214.097 481.479 105.019 0.000506141 -85.7989 
57.5586 -214.524 481.691 105.019 0.000306142 -85.695 
57.6731 -214.943 481.904 -74.9803 0.000193857 94.409 
57.7888 -215.369 482.116 105.02 0.000106133 -85.4871 
57.9045 -215.794 482.328 105.021 0.000106143 -85.3832 
58.0205 -216.218 482.54 -74.979 0.000193859 94.7208 
58.1377 -216.649 482.752 105.021 0.000306142 -85.1753 
58.2528 -217.072 482.964 105.022 0.000506139 -85.0713 
58.3683 -217.496 483.176 -74.9778 0.000593858 95.0326 
58.4853 -217.925 483.388 0 6.15665e-06 20.1593 
58.6 -218.346 483.6 105.023 0.000406141 -84.7594 
58.7166 -218.774 483.812 105.024 0.000506142 -84.6555 
58.8315 -219.196 484.025 -74.9761 0.000593859 95.4485 
58.948 -219.623 484.236 -74.9756 9.38608e-05 95.5524 
59.064 -220.049 484.448 105.025 0.000206143 -84.3436 
59.1801 -220.475 484.66 105.025 0.000306141 -84.2396 
59.2961 -220.901 484.872 105.026 0.000106143 -84.1357 
59.4116 -221.325 485.085 105.026 0.00060614 -84.0317 
59.5272 -221.75 485.297 105.026 0.000906141 -83.9277 
59.643 -222.175 485.509 -74.9732 9.38608e-05 96.1762 
59.7589 -222.599 485.721 -74.9727 0.000393859 96.2802 
59.8739 -223.021 485.934 105.028 0.000106136 -83.6158 
59.9909 -223.451 486.145 105.028 0.000306143 -83.5118 
60.1058 -223.872 486.357 105.029 0.000206136 -83.4079 
60.2227 -224.302 486.569 -74.9711 9.38491e-05 96.6961 
60.3376 -224.723 486.782 -74.9707 0.00059386 96.8001 
60.4536 -225.149 486.994 105.03 0.000606141 -83.0959 
60.57 -225.576 487.205 105.03 0.00050614 -82.9919 
60.6848 -225.997 487.418 -74.9695 0.00079386 97.112 
60.8007 -226.423 487.63 -74.9691 0.000393859 97.216 
60.9166 -226.848 487.842 -74.9687 0.000193859 97.32 
61.0321 -227.273 488.054 -74.9684 0.000293858 97.424 
61.1479 -227.698 488.266 -74.968 0.000693859 97.528 
61.2633 -228.122 488.478 -74.9676 0.000293859 97.632 
61.3807 -228.552 488.69 -74.9672 9.38608e-05 97.736 
61.496 -228.975 488.902 -74.9668 0.000193861 97.84 
61.6113 -229.398 489.114 -74.9664 0.000593858 97.944 
61.7281 -229.827 489.326 -74.966 0.000193857 98.048 
61.8426 -230.248 489.539 0 6.27393e-06 23.1863 
61.9594 -230.677 489.751 -74.9653 9.38646e-05 98.256 
62.0741 -231.097 489.963 -74.9649 0.000393859 98.36 
62.1905 -231.524 490.175 0 6.15665e-06 23.4995 
62.3068 -231.951 490.387 105.036 0.000106136 -81.432 
62.4226 -232.377 490.599 105.036 0.000106146 -81.328 
62.5385 -232.802 490.811 105.037 0.00070614 -81.224 
62.6547 -233.228 491.023 105.037 0.000206142 -81.12 
62.77 -233.652 491.235 105.037 0.000406141 -81.016 
62.8858 -234.077 491.447 105.038 0.000306141 -80.912 
63.0015 -234.501 491.659 0 6.15665e-06 24.2302 
63.1171 -234.925 491.872 -74.9615 0.000493858 99.2961 
63.2336 -235.353 492.083 105.039 0.000706142 -80.5999 
63.3492 -235.777 492.296 -74.9608 0.000293858 99.5041 
63.4639 -236.199 492.508 -74.9605 0.00059386 99.6081 
63.5807 -236.627 492.72 0 6.09716e-06 24.752 
63.6958 -237.049 492.932 -74.9597 0.00079386 99.8162 
63.8117 -237.475 493.144 105.041 0.000306142 -80.0798 
63.9284 -237.903 493.356 0 6.09716e-06 25.0652 
64.0442 -238.329 493.568 105.041 0.000606143 -79.8718 
64.1588 -238.749 493.78 -74.9583 9.38569e-05 100.232 
64.2746 -239.174 493.992 0 6.09716e-06 25.3783 
64.3907 -239.6 494.205 -74.9576 9.38569e-05 100.44 
64.5064 -240.025 494.417 -74.9573 0.000493859 100.544 
64.6221 -240.449 494.629 -74.9569 9.38491e-05 100.648 
64.7393 -240.881 494.841 105.043 0.000106143 -79.2476 
64.855 -241.304 495.053 0 6.21557e-06 25.9002 
64.9701 -241.727 495.265 -74.9559 0.000293862 100.961 
65.0857 -242.151 495.477 -74.9555 0.000793859 101.065 
65.202 -242.578 495.689 105.045 0.000406141 -78.8315 
65.3175 -243.001 495.901 -74.9548 0.000593858 101.273 
65.4338 -243.429 496.113 105.046 0.00020614 -78.6234 
65.5488 -243.85 496.325 -74.9541 0.000293859 101.481 
65.665 -244.277 496.538 105.046 0.00010615 -78.4153 
65.7812 -244.704 496.75 105.047 0.000206142 -78.3112 
65.8978 -245.131 496.962 105.045 0.000100001 -78.2048 
66.0119 -245.55 497.174 -74.9545 0.0003 101.899 
66.128 -245.977 497.386 -74.9516 0.0009 102 
66.2441 -246.402 497.598 -74.9537 0.0007 102.107 
66.3597 -246.827 497.81 -74.9498 0.0007 102.207 
66.4753 -247.252 498.022 -74.9534 0.0009 102.315 
66.5926 -247.681 498.234 105.052 0.000599999 -77.5863 
66.7081 -248.106 498.446 0 0 27.5702 
66.8232 -248.528 498.658 105.024 0.000100001 -77.3495 
66.9383 -248.951 498.87 -74.9786 0.000100005 102.757 
67.0554 -249.38 499.082 105.045 0.000600001 -77.1618 
67.1704 -249.802 499.294 0 0 27.9875 
67.287 -250.231 499.507 105.063 0.000300002 -76.9714 
67.402 -250.653 499.719 -74.9546 0.0007 103.151 
67.5186 -251.08 499.931 105.094 0.000100008 -76.7928 
67.6347 -251.507 500.143 105.058 0.0007 -76.6525 
67.7492 -251.927 500.355 0 0 28.5101 
67.8653 -252.353 500.567 105.027 0.0002 -76.4123 
67.9813 -252.78 500.779 104.998 9.99973e-05 -76.2798 
68.0974 -253.206 500.991 -74.9185 0.000199998 103.741 
68.2134 -253.63 501.203 105.038 0.0004 -76.111 
68.3294 -254.056 501.416 -74.9254 0.0003 103.957 
68.4449 -254.48 501.627 -74.9241 0.000300002 104.06 
68.5604 -254.904 501.839 -74.9286 0.0004 104.169 
68.6759 -255.328 502.051 -74.9352 0.0007 104.28 
68.7926 -255.757 502.264 105.046 0.0008 -75.5967 
68.908 -256.181 502.476 0 0 29.5532 
69.023 -256.603 502.688 104.976 0.000100001 -75.3184 
69.14 -257.032 502.9 -74.8618 9.99973e-05 104.624 
69.2549 -257.454 503.112 -74.9269 0.000500001 104.794 
69.3715 -257.882 503.324 -74.8556 9.99973e-05 104.827 
69.4884 -258.31 503.536 105.011 0.000200002 -74.9356 
69.6029 -258.73 503.748 105.01 0.000200004 -74.8302 
69.7194 -259.157 503.96 0 0 30.2844 
69.8354 -259.583 504.172 105.041 0.0006 -74.6525 
69.9518 -260.011 504.385 0 0 30.493 
70.0661 -260.43 504.596 -74.9286 0.0008 105.526 
70.1816 -260.856 504.808 -74.9281 0.0008 105.63 
70.2972 -261.28 505.02 0 8.53774e-07 30.8058 
70.4131 -261.705 505.233 -74.9127 0.000399999 105.823 
70.5289 -262.13 505.445 -74.9522 0.000999999 105.967 
70.646 -262.56 505.657 105.119 0.000200002 -73.9992 
70.7615 -262.983 505.869 105.121 0.0002 -73.8966 
70.8768 -263.407 506.081 0 8.53774e-07 31.3283 
70.9922 -263.83 506.293 -74.9078 0.000400001 106.34 
71.1092 -264.259 506.505 0 0 31.5369 
71.2245 -264.682 506.717 -74.9577 0.0007 106.599 
71.341 -265.11 506.93 105.017 0.000300002 -73.2711 
71.4559 -265.531 507.141 104.924 9.99973e-05 -73.0746 
71.5723 -265.96 507.354 -74.8913 0.0003 106.845 
71.6887 -266.387 507.566 104.991 0.000200002 -72.9326 
71.8035 -266.808 507.778 -74.9131 0.000600001 107.076 
71.9195 -267.233 507.99 105.093 0.0005 -72.8246 
72.0359 -267.66 508.202 105.113 0.000300002 -72.7413 
72.1522 -268.087 508.414 0 nan nan 
72.2676 -268.512 508.627 105.032 0.000499998 -72.4518 
72.3819 -268.931 508.838 -74.989 0.0003 107.674 
72.4977 -269.356 509.05 -74.8549 0.000200002 107.644 
72.6152 -269.787 509.263 105.041 0.0007 -72.1475 
72.731 -270.211 509.475 105.032 0.000499999 -72.0336 
72.8463 -270.636 509.687 0 0 33.1021 
72.9617 -271.059 509.898 105.008 0.000300002 -71.8006 
73.0774 -271.483 510.111 -74.8993 0.000499999 108.211 
73.1943 -271.912 510.323 105.031 0.0005 -71.6145 
73.3091 -272.334 510.535 105.156 0.000199998 -71.636 
73.4244 -272.757 510.746 -75.0249 0.000200002 108.649 
73.5413 -273.185 510.959 105.129 0.000299999 -71.3998 
73.656 -273.608 511.171 -74.9706 0.0005 108.804 
73.7728 -274.036 511.383 -74.9708 0.000499998 108.908 
73.8892 -274.462 511.596 105.019 0.0004 -70.9777 
74.0034 -274.883 511.807 105.264 0.000100005 -71.1178 
74.1201 -275.311 512.02 -74.8823 0.000399998 109.133 
74.2365 -275.737 512.232 -74.7306 0.000100001 109.086 
74.3523 -276.163 512.444 0 0 34.4596 
74.4685 -276.589 512.656 0 0 34.5639 
