-119.883 73.7351 474.679 -31.594 0.000106143 -54.4608 
-119.878 73.7292 474.682 148.407 0.000293858 125.54 
-119.876 73.7283 474.68 0 6.21557e-06 -86.0507 
-119.87 73.7215 474.68 148.408 9.3853e-05 125.545 
-119.863 73.714 474.68 -31.591 0.000606141 -54.4513 
-119.85 73.7034 474.683 0 6.15665e-06 -86.037 
-119.842 73.6957 474.682 -31.589 0.000106143 -54.4419 
-119.828 73.6843 474.683 148.412 9.38608e-05 125.564 
-119.814 73.6699 474.683 -31.586 0.000306141 -54.4292 
-119.799 73.6576 474.682 -31.585 0.000506141 -54.4217 
-119.78 73.6402 474.685 148.417 0.000593858 125.587 
-119.759 73.6212 474.686 0 6.15665e-06 -85.9853 
-119.739 73.6009 474.687 148.422 0.00059386 125.606 
-119.717 73.581 474.687 -31.576 0.000406141 -54.3838 
-119.691 73.5568 474.689 148.427 0.000893859 125.628 
-119.668 73.534 474.688 -31.57 0.000506143 -54.3601 
-119.64 73.5082 474.689 -31.567 0.000606141 -54.3471 
-119.607 73.4794 474.692 148.436 0.000593859 125.667 
-119.578 73.4528 474.692 148.439 9.3853e-05 125.681 
-119.544 73.4203 474.694 -31.557 0.000206142 -54.3033 
-119.508 73.3898 474.696 -31.554 0.000106136 -54.2871 
-119.474 73.3572 474.696 148.45 0.000293859 125.73 
-119.432 73.3201 474.699 0 6.15665e-06 -85.7984 
-119.398 73.2846 474.699 0 6.15665e-06 -85.7748 
-119.356 73.2474 474.7 148.463 0.000293859 125.786 
-119.314 73.2073 474.701 -31.532 0.00010614 -54.1944 
-119.266 73.1634 474.705 -31.527 0.000306137 -54.1735 
-119.217 73.1195 474.708 0 6.03709e-06 -85.6738 
-119.169 73.0756 474.71 148.483 0.000493859 125.871 
-119.12 73.0309 474.711 148.488 0.000293857 125.894 
-119.071 72.984 474.712 148.494 0.000393858 125.918 
-119.015 72.9327 474.716 -31.5 0.00020614 -54.0573 
-118.961 72.8821 474.718 148.506 0.000593858 125.968 
-118.905 72.8306 474.72 148.512 0.000593858 125.995 
-118.847 72.7784 474.721 0 6.09716e-06 -85.4602 
-118.786 72.7211 474.724 148.525 0.000693859 126.05 
-118.723 72.6652 474.728 148.531 0.00059386 126.078 
-118.659 72.6063 474.73 -31.462 0.000106136 -53.8921 
-118.597 72.5453 474.731 -31.454 0.000406141 -53.8618 
-118.528 72.4835 474.735 148.553 0.000493859 126.169 
-118.458 72.4208 474.738 148.56 0.000793859 126.201 
-118.388 72.3553 474.741 148.568 0.000293859 126.234 
-118.318 72.2898 474.743 148.576 0.000193857 126.267 
-118.247 72.2235 474.744 -31.416 0.000606141 -53.6989 
-118.171 72.1543 474.748 0 6.15665e-06 -85.072 
-118.094 72.0822 474.751 -31.399 0.00020614 -53.6283 
-118.012 72.0063 474.756 0 6.09716e-06 -84.9819 
-117.933 71.9355 474.758 -31.382 0.000506142 -53.5546 
-117.851 71.8576 474.762 148.628 0.000393859 126.483 
-117.767 71.781 474.765 148.637 0.000493858 126.522 
-117.682 71.7036 474.768 0 6.15665e-06 -84.7924 
-117.597 71.6241 474.77 -31.344 0.000106143 -53.3981 
-117.507 71.5409 474.775 0 6.27393e-06 -84.691 
-117.415 71.457 474.779 -31.324 0.000506142 -53.3152 
-117.323 71.3731 474.781 -31.314 0.000606142 -53.2726 
-117.228 71.2841 474.787 148.697 0.00059386 126.771 
-117.136 71.1974 474.789 148.708 9.3853e-05 126.815 
-117.038 71.107 474.793 0 6.15665e-06 -84.4213 
-116.94 71.0166 474.797 148.73 0.000193859 126.905 
-116.835 70.9225 474.803 148.741 0.000693859 126.952 
-116.735 70.8285 474.805 -31.247 0.000406141 -53.0011 
-116.631 70.7316 474.81 -31.235 0.000106143 -52.9532 
-116.525 70.634 474.814 -31.223 0.000506142 -52.9045 
-116.419 70.5363 474.817 -31.211 0.000506143 -52.8551 
-116.307 70.4351 474.823 -31.199 0.000206138 -52.805 
-116.196 70.3318 474.828 148.814 0.000393857 127.246 
-116.083 70.2278 474.833 148.827 0.000493859 127.298 
-115.969 70.123 474.837 -31.16 0.000106143 -52.65 
-115.857 70.0162 474.84 -31.146 0.00040614 -52.5969 
-115.737 69.9079 474.845 -31.133 0.000306143 -52.543 
-115.618 69.7975 474.85 148.881 0.000193861 127.512 
-115.498 69.6864 474.855 148.895 9.38569e-05 127.567 
-115.376 69.5746 474.858 -31.091 0.00070614 -52.3768 
-115.251 69.4579 474.865 -31.076 0.000106143 -52.32 
-115.124 69.3405 474.87 -31.061 0.000106143 -52.2624 
-114.997 69.2231 474.875 148.954 0.000293857 127.796 
-114.869 69.105 474.879 148.969 9.3853e-05 127.855 
-114.735 68.9833 474.886 148.984 0.000193861 127.915 
-114.602 68.8597 474.892 149 0.00069386 127.975 
-114.467 68.7354 474.897 149.016 0.00059386 128.037 
-114.331 68.6103 474.902 -30.968 0.00010614 -51.9014 
-114.197 68.4834 474.906 -30.951 0.000406141 -51.8387 
-114.054 68.3548 474.912 -30.935 0.000306141 -51.7752 
-113.913 68.2243 474.918 149.082 0.000193861 128.289 
-113.771 68.0932 474.923 149.099 9.38608e-05 128.354 
-113.623 67.9565 474.931 149.117 0.00039386 128.419 
-113.48 67.8247 474.935 149.134 9.3853e-05 128.486 
-113.331 67.6873 474.941 149.152 0.000293858 128.553 
-113.182 67.5474 474.947 -30.829 0.00020614 -51.3796 
-113.031 67.4095 474.952 -30.811 0.00020614 -51.3111 
-112.876 67.2661 474.96 149.208 9.38608e-05 128.758 
-112.725 67.1256 474.964 -30.773 0.000106136 -51.1721 
-112.567 66.9809 474.97 -30.754 0.00080614 -51.1016 
-112.406 66.8323 474.98 149.266 0.000793859 128.97 
-112.247 66.687 474.985 -30.715 0.00010614 -50.9583 
-112.083 66.537 474.993 149.305 0.00039386 129.114 
-111.925 66.3873 474.996 -30.674 0.000606141 -50.8124 
-111.76 66.2367 475.002 -30.654 0.00020614 -50.7383 
-111.59 66.0808 475.011 149.367 0.000693859 129.336 
-111.424 65.9251 475.016 0 6.03709e-06 -81.1992 
-111.252 65.768 475.024 -30.59 0.000306141 -50.5121 
-111.08 65.609 475.031 -30.568 0.00010614 -50.4353 
-110.907 65.4493 475.038 -30.546 0.000406139 -50.3579 
-110.734 65.2898 475.043 -30.524 0.000206143 -50.2798 
-110.556 65.125 475.052 149.499 0.00039386 129.799 
-110.376 64.9596 475.06 149.522 0.000393859 129.879 
-110.195 64.7935 475.067 0 6.15665e-06 -80.4964 
-110.015 64.6257 475.073 0 6.15665e-06 -80.3916 
-109.829 64.4545 475.083 149.593 0.000493858 130.121 
-109.647 64.2855 475.088 -30.383 0.000506141 -49.797 
-109.46 64.112 475.095 0 6.09716e-06 -80.0722 
-109.271 63.9398 475.103 0 6.15665e-06 -79.9648 
-109.078 63.7604 475.113 149.692 0.000493861 130.453 
-108.887 63.5852 475.118 -30.283 0.000506142 -49.462 
-108.693 63.4054 475.127 0 6.03709e-06 -79.6336 
-108.497 63.2251 475.135 0 6.15665e-06 -79.5217 
-108.302 63.0431 475.142 149.796 0.000493858 130.796 
-108.103 62.8617 475.149 -30.178 0.000506142 -49.1168 
-107.901 62.674 475.159 149.85 9.38646e-05 130.971 
-107.697 62.4877 475.168 149.877 0.000193857 131.06 
-107.494 62.2996 475.176 149.905 0.000793859 131.149 
-107.288 62.1103 475.183 0 6.21557e-06 -78.8285 
-107.083 61.9194 475.19 -30.038 0.000306139 -48.6711 
-106.872 61.7252 475.2 -30.009 0.00010614 -48.5801 
-106.666 61.534 475.205 -29.98 0.000306141 -48.4886 
-106.453 61.3369 475.214 -29.95 0.000906141 -48.3964 
-106.235 61.1374 475.225 0 6.03709e-06 -78.2236 
-106.021 60.9401 475.232 -29.89 0.00050614 -48.2103 
-105.803 60.7386 475.243 150.141 0.000593858 131.884 
-105.582 60.5358 475.252 150.172 0.000193857 131.978 
-105.362 60.3314 475.261 150.204 0.000393861 132.073 
-105.14 60.1266 475.269 150.236 0.000293857 132.169 
-104.917 59.9213 475.276 -29.732 0.000306138 -47.7347 
-104.69 59.7119 475.287 150.301 0.000693859 132.362 
-104.461 59.5012 475.297 150.334 0.000293858 132.46 
-104.232 59.289 475.306 150.368 0.000493859 132.557 
-104.002 59.0764 475.314 150.402 0.000293857 132.656 
-103.771 58.8616 475.322 -29.563 0.000306139 -47.2451 
-103.535 58.6463 475.333 150.471 0.000793858 132.855 
-103.302 58.4288 475.34 -29.493 0.000506142 -47.0454 
-103.065 58.2091 475.35 -29.457 0.000206143 -46.9448 
-102.826 57.989 475.359 -29.421 0.00020614 -46.8436 
-102.582 57.7641 475.371 150.616 0.000393859 133.258 
-102.341 57.5414 475.379 -29.347 0.000306141 -46.6397 
-102.094 57.3158 475.389 -29.31 0.000306141 -46.5371 
-101.848 57.0888 475.4 150.728 0.000293857 133.566 
-101.601 56.8596 475.409 150.767 0.000593859 133.67 
-101.351 56.6294 475.418 -29.194 0.000506142 -46.226 
-101.098 56.3953 475.431 150.846 0.000193854 133.879 
-100.848 56.1634 475.438 -29.114 0.00050614 -46.0162 
-100.591 55.9286 475.449 -29.074 0.000406141 -45.9106 
-100.336 55.6925 475.46 150.967 0.000293859 134.195 
-100.078 55.4537 475.469 -28.991 0.000206142 -45.6981 
-99.8204 55.2153 475.478 -28.949 0.00010614 -45.5911 
-99.5563 54.9716 475.491 -28.906 0.00020614 -45.4837 
-99.2918 54.7284 475.503 151.137 0.000493859 134.624 
-99.0305 54.4875 475.51 -28.82 0.000106136 -45.2676 
-98.7649 54.2403 475.52 0 6.15665e-06 -73.9339 
-98.4932 53.9905 475.534 151.27 0.000893859 134.95 
-98.2245 53.7429 475.544 151.315 0.000493861 135.06 
-97.9552 53.4934 475.552 -28.639 0.00010614 -44.8305 
-97.6798 53.2413 475.565 151.407 9.38569e-05 135.28 
-97.4047 52.9855 475.576 0 6.15665e-06 -73.1546 
-97.127 52.7313 475.587 -28.498 0.000206138 -44.4986 
-96.8497 52.4735 475.598 -28.449 0.00070614 -44.3872 
-96.5675 52.2139 475.612 151.6 0.00069386 135.725 
-96.287 51.9558 475.621 -28.351 0.000106136 -44.1634 
-96.0023 51.6919 475.634 -28.3 0.00020614 -44.051 
-95.7208 51.4326 475.641 -28.25 0.000306142 -43.9383 
-95.4337 51.1668 475.653 -28.198 0.000706142 -43.8252 
-95.1418 50.8992 475.668 151.854 0.000793858 136.288 
-94.8524 50.6316 475.679 151.907 0.000193857 136.402 
-94.5623 50.3623 475.689 -28.039 0.00060614 -43.4844 
-94.2674 50.0912 475.702 152.015 0.000493859 136.63 
-93.9704 49.8178 475.715 152.07 0.000493859 136.744 
-93.6772 49.5451 475.723 -27.874 0.000706142 -43.1411 
-93.3791 49.2707 475.735 152.182 9.38608e-05 136.974 
-93.0745 48.9917 475.751 152.239 0.000693859 137.089 
-92.7736 48.7134 475.762 152.297 0.000293862 137.204 
-92.4719 48.4336 475.772 -27.644 0.000206142 -42.6801 
-92.1649 48.1499 475.786 152.416 0.000193859 137.436 
-91.8563 47.8663 475.8 152.476 0.000493861 137.552 
-91.5513 47.5835 475.808 -27.463 0.000106143 -42.3323 
-91.241 47.2969 475.821 152.599 9.38569e-05 137.784 
-90.9286 47.0081 475.833 -27.338 0.000606141 -42.0997 
-90.6113 46.7179 475.849 152.725 0.00059386 138.017 
-90.2971 46.4264 475.86 -27.21 0.000206142 -41.8665 
-89.9782 46.1334 475.875 152.855 0.000993859 138.25 
-89.6622 45.839 475.885 152.922 0.000193857 138.367 
-89.3401 45.5427 475.899 152.989 0.00039386 138.484 
-89.0171 45.245 475.912 153.057 0.000593861 138.601 
-88.6919 44.9454 475.925 -26.874 0.000106143 -41.2824 
-88.367 44.6451 475.938 153.196 0.000193857 138.835 
-88.0411 44.3436 475.95 153.267 0.00059386 138.952 
-87.713 44.0403 475.962 0 6.15665e-06 -67.5926 
-87.3795 43.7335 475.978 153.412 0.000493858 139.185 
-87.0494 43.4278 475.989 153.486 9.38608e-05 139.302 
-86.7126 43.1181 476.004 -26.439 0.000206143 -40.5812 
-86.3805 42.8101 476.014 -26.363 0.000406141 -40.4645 
-86.0416 42.4983 476.028 -26.286 0.000506142 -40.348 
-85.7031 42.186 476.042 153.792 0.000293857 139.768 
-85.3637 41.8728 476.057 153.871 0.00069386 139.884 
-85.0276 41.5608 476.068 -26.049 0.000406141 -40.0018 
-84.6868 41.2478 476.084 154.031 0.000193857 140.112 
-84.3494 40.936 476.096 -25.888 0.00070614 -39.7747 
-84.008 40.6219 476.113 0 6.21557e-06 -65.4683 
-83.6705 40.3111 476.125 154.276 0.000393859 140.449 
-83.3327 39.9979 476.139 154.36 0.000293856 140.56 
-82.9932 39.6854 476.152 -25.556 0.000106143 -39.3299 
-82.654 39.3726 476.167 0 6.09716e-06 -64.6916 
-82.3193 39.0617 476.177 -25.385 0.00020614 -39.1122 
-81.9787 38.7494 476.192 154.701 9.3853e-05 140.995 
-81.6433 38.4376 476.203 154.789 9.3853e-05 141.102 
-81.3019 38.1244 476.22 154.877 0.000693859 141.208 
-80.9636 37.8125 476.232 -25.034 0.000206136 -38.6871 
-80.6256 37.5004 476.245 -24.944 0.000406139 -38.583 
-80.2878 37.1883 476.259 0 6.15665e-06 -63.3327 
-79.9488 36.8755 476.272 155.239 9.38646e-05 141.623 
-79.6101 36.5627 476.287 155.332 0.000693859 141.724 
-79.2744 36.2512 476.297 -24.574 0.000106136 -38.1756 
-78.9335 35.9371 476.313 -24.479 0.000206138 -38.076 
-78.5962 35.6263 476.325 -24.384 0.00070614 -37.9775 
-78.2556 35.3124 476.342 155.713 0.000393861 142.12 
-77.9173 35.0011 476.354 155.81 9.3853e-05 142.217 
-77.5797 34.6885 476.368 155.909 0.000393861 142.312 
-77.241 34.3754 476.382 156.009 0.000393859 142.407 
-76.9018 34.0637 476.396 156.109 0.000993859 142.5 
-76.566 33.7521 476.406 156.211 0.000193857 142.593 
-76.2249 33.4382 476.422 0 6.15665e-06 -61.0016 
-75.888 33.1263 476.434 -23.582 0.000606142 -37.2253 
-75.5511 32.8145 476.446 -23.477 0.000506141 -37.136 
-75.209 32.5007 476.464 156.629 0.000193863 142.952 
-74.8709 32.1888 476.477 156.736 0.000493859 143.039 
-74.5356 31.8783 476.486 -23.156 0.000606142 -36.875 
-74.1968 31.565 476.501 0 6.03709e-06 -59.8363 
-73.8561 31.2528 476.517 157.064 0.000193861 143.293 
-73.52 30.9412 476.528 0 6.15665e-06 -59.4485 
-73.1786 30.6278 476.545 157.289 0.000393859 143.457 
-72.8416 30.3151 476.557 157.404 0.000493858 143.536 
-72.5028 30.0035 476.57 157.519 9.38569e-05 143.615 
-72.1644 29.691 476.584 157.636 0.000393859 143.692 
-71.8252 29.3771 476.599 157.755 0.000293858 143.768 
-71.4892 29.0666 476.609 -22.126 0.000106136 -36.157 
-71.1485 28.7531 476.625 0 6.15665e-06 -58.0887 
-70.8115 28.4417 476.636 -21.883 0.00020614 -36.0117 
-70.475 28.1295 476.649 158.241 0.000193859 144.059 
-70.1356 27.8168 476.662 -21.634 0.000806141 -35.872 
-69.7974 27.5052 476.676 -21.508 0.00020614 -35.8042 
-69.4582 27.1924 476.69 0 6.15665e-06 -57.118 
-69.118 26.8785 476.706 -21.25 0.000106143 -35.6732 
-68.7814 26.5667 476.717 -21.119 0.000706142 -35.6099 
-68.4408 26.2542 476.734 159.013 0.000393859 144.452 
-68.103 25.942 476.746 0 6.27393e-06 -56.3409 
-67.7654 25.6294 476.759 159.283 0.000293859 144.571 
-67.4261 25.317 476.773 159.42 0.000193857 144.628 
-67.0908 25.0055 476.783 -20.441 0.000306141 -35.3168 
-66.7502 24.693 476.799 -20.301 0.000306139 -35.2631 
-66.4135 24.3815 476.81 -20.159 0.000606141 -35.211 
-66.0732 24.0683 476.827 159.985 0.000693859 144.839 
-65.7353 23.7556 476.84 160.131 0.000493859 144.888 
-65.3958 23.4434 476.854 0 6.09716e-06 -54.7874 
-65.0563 23.131 476.868 0 6.03709e-06 -54.5934 
-64.7206 22.8197 476.878 -19.422 0.000406141 -34.9772 
-64.3799 22.5064 476.895 -19.269 0.000206138 -34.936 
-64.0428 22.1943 476.906 -19.114 0.00040614 -34.8966 
-63.7057 21.8822 476.919 -18.957 0.000106143 -34.8592 
-63.3672 21.5695 476.932 -18.798 0.000206136 -34.8238 
-63.0287 21.2568 476.947 161.363 0.000193857 145.21 
-62.6884 20.9448 476.962 161.525 0.000193861 145.241 
-62.3519 20.633 476.973 -18.31 0.00020614 -34.7296 
-62.0104 20.3196 476.99 -18.143 0.00010614 -34.7025 
-61.674 20.007 477.002 162.027 0.000593858 145.323 
-61.3343 19.6947 477.016 -17.802 0.000206136 -34.6546 
-60.9962 19.382 477.03 162.372 0.000493858 145.366 
-60.6597 19.0712 477.04 -17.453 0.00020614 -34.6157 
-60.3201 18.7576 477.057 162.726 0.000493859 145.4 
-59.982 18.446 477.068 -17.094 0.000206142 -34.5861 
-59.644 18.1337 477.081 -16.911 0.00040614 -34.5748 
-59.306 17.8209 477.095 -16.725 0.00010614 -34.5661 
-58.9663 17.508 477.109 -16.537 0.000306142 -34.5598 
-58.6263 17.1957 477.125 0 6.27393e-06 -50.9031 
-58.2896 16.884 477.136 -16.154 0.000306139 -34.5549 
-57.9527 16.5717 477.148 0 6.21557e-06 -50.5144 
-57.6141 16.2597 477.161 -15.76 0.00040614 -34.5606 
-57.2754 15.9474 477.175 -15.559 0.000206142 -34.5675 
-56.9364 15.6348 477.19 164.645 0.000393861 145.423 
-56.5992 15.3225 477.201 -15.148 0.00060614 -34.5898 
-56.2584 15.0092 477.218 -14.938 0.000106143 -34.6052 
-55.9204 14.6976 477.231 -14.726 0.000206136 -34.6236 
-55.5823 14.3849 477.244 165.49 9.38569e-05 145.355 
-55.244 14.0723 477.259 165.709 0.00069386 145.33 
-54.907 13.7601 477.269 -14.069 0.00020614 -34.6972 
-54.5665 13.4473 477.286 166.156 0.000293859 145.272 
-54.2287 13.1353 477.298 166.384 9.3853e-05 145.238 
-53.8905 12.8236 477.312 166.615 0.000293858 145.201 
-53.5506 12.5109 477.326 -13.15 0.000206143 -34.8402 
-53.2149 12.1986 477.336 -12.911 0.000406141 -34.8845 
-52.8742 11.8857 477.353 -12.669 0.000206143 -34.9322 
-52.5374 11.5742 477.365 167.576 0.000293859 145.017 
-52.1988 11.262 477.378 0 6.03709e-06 -47.2135 
-51.8598 10.9494 477.393 0 6.15665e-06 -47.0192 
-51.5203 10.6365 477.408 168.335 0.000293858 144.84 
-51.1832 10.3241 477.419 -11.404 0.00010614 -35.2261 
-50.8454 10.0124 477.431 -11.14 0.000406141 -35.2965 
-50.5072 9.69965 477.444 -10.871 0.00040614 -35.3708 
-50.1684 9.38695 477.459 -10.598 0.00020614 -35.4493 
-49.8287 9.07518 477.475 169.678 0.000193861 144.468 
-49.4916 8.76234 477.485 -10.04 0.000306142 -35.619 
-49.1536 8.45055 477.497 -9.755 0.000706142 -35.7104 
-48.8149 8.13816 477.511 -9.465 0.000906141 -35.8062 
-48.4769 7.82551 477.526 0 6.15665e-06 -45.0766 
-48.1367 7.51305 477.542 0 6.21557e-06 -44.8826 
-47.8 7.20092 477.553 0 6.09716e-06 -44.6884 
-47.461 6.88829 477.565 -8.258 0.000906141 -36.236 
-47.1226 6.57569 477.579 -7.944 0.00080614 -36.3555 
-46.7846 6.26401 477.594 172.374 0.000293857 143.52 
-46.4443 5.9513 477.611 172.698 0.000393859 143.39 
-46.1072 5.63921 477.622 173.027 0.000393859 143.255 
-45.7692 5.32644 477.635 173.362 0.000393857 143.115 
-45.4301 5.01392 477.649 173.702 0.000293859 142.97 
-45.0898 4.70174 477.665 0 6.09716e-06 -43.1348 
-44.7526 4.38961 477.676 -5.602 0.000406141 -37.3387 
-44.4157 4.07732 477.688 0 6.15665e-06 -42.7464 
-44.0775 3.76483 477.701 175.118 0.000193861 142.33 
-43.7381 3.45225 477.716 175.487 0.000193857 142.155 
-43.3989 3.13981 477.733 175.862 0.00089386 141.975 
-43.0609 2.82764 477.744 176.243 0.000293861 141.788 
-42.723 2.51502 477.757 176.631 0.000293854 141.594 
-42.3836 2.20269 477.771 177.025 9.38608e-05 141.394 
-42.0467 1.89021 477.78 -2.574 0.000606141 -38.8123 
-41.7072 1.57817 477.798 177.833 0.000193861 140.974 
-41.3686 1.2661 477.81 -1.753 0.000306142 -39.2458 
-41.0299 0.953311 477.824 -1.331 0.00040614 -39.473 
-40.6909 0.641357 477.839 0 6.15665e-06 -40.6104 
-40.354 0.328923 477.85 -0.467003 0.000306139 -39.949 
-40.0168 0.0160659 477.862 -0.0230031 0.00010614 -40.1981 
-39.6777 -0.295708 477.875 0.427003 0.00060614 -40.4548 
-39.3382 -0.608361 477.89 0.886003 0.00070614 -40.7191 
-38.9996 -0.920441 477.907 -178.648 0.000293861 139.009 
-38.6613 -1.23322 477.918 1.827 0.000406141 -41.2715 
-38.3238 -1.54527 477.931 -177.691 9.38608e-05 138.44 
-37.9841 -1.85773 477.946 2.8 0.00040614 -41.8564 
-37.6451 -2.16994 477.962 -176.701 0.000293857 137.839 
-37.3074 -2.48254 477.973 0 6.15665e-06 -38.6678 
-36.9689 -2.79463 477.986 4.323 0.000406141 -42.797 
-36.6307 -3.10752 478 -175.151 0.000193859 136.872 
-36.2937 -3.41991 478.01 5.383 0.000406143 -43.468 
-35.9535 -3.73192 478.028 5.926 0.000106143 -43.8171 
-35.6155 -4.04465 478.04 6.479 0.000106146 -44.1753 
-35.2763 -4.35639 478.055 7.04 0.000306139 -44.543 
-34.9392 -4.66933 478.064 7.612 0.000906141 -44.9201 
-34.6 -4.98162 478.081 -171.807 9.38608e-05 134.693 
-34.2614 -5.29354 478.094 8.783 0.000406141 -45.7033 
-33.924 -5.60635 478.108 -170.616 0.00059386 133.89 
-33.5836 -5.91806 478.124 0 6.15665e-06 -36.5319 
-33.246 -6.23084 478.135 10.615 0.000206142 -46.9523 
-32.9081 -6.54344 478.148 11.246 0.000206143 -47.3888 
-32.5697 -6.85579 478.162 -168.113 9.38646e-05 132.164 
-32.2307 -7.1678 478.178 -167.462 0.000493858 131.707 
-31.8927 -7.48037 478.189 -166.8 9.38569e-05 131.24 
-31.5541 -7.79248 478.202 13.872 0.00040614 -49.2385 
-31.2159 -8.10496 478.216 -165.445 9.38608e-05 130.273 
-30.8784 -8.41785 478.226 15.249 0.000506143 -50.2265 
-30.5397 -8.73 478.244 -164.047 0.00059386 129.264 
-30.2014 -9.04247 478.257 -163.332 0.00059386 128.743 
-29.862 -9.35417 478.271 -162.607 0.000193863 128.211 
-29.5241 -9.66707 478.281 18.13 0.000606141 -52.3308 
-29.1846 -9.97902 478.299 -161.123 9.38685e-05 127.116 
-28.8465 -10.2916 478.312 -160.365 0.000293857 126.553 
-28.5099 -10.6044 478.32 20.403 0.00020614 -54.0214 
-28.1698 -10.9162 478.337 21.182 0.000406141 -54.6062 
-27.8324 -11.2286 478.349 21.971 0.000306139 -55.2015 
-27.4943 -11.5412 478.362 0 6.09716e-06 -33.0362 
-27.1554 -11.8537 478.377 -156.418 0.000293861 123.577 
-26.8175 -12.1661 478.387 24.402 0.000406141 -57.0495 
-26.4771 -12.4778 478.407 25.233 0.000106136 -57.6858 
-26.1388 -12.79 478.42 0 6.21557e-06 -32.259 
-25.8022 -13.1032 478.429 26.923 0.000106143 -58.9879 
-25.4629 -13.4154 478.447 -152.217 0.000593858 120.347 
-25.1242 -13.7272 478.459 28.651 0.00010614 -60.3277 
-24.7853 -14.0394 478.473 29.529 0.000206142 -61.0113 
-24.4477 -14.3525 478.482 30.416 0.000806141 -61.7035 
-24.1089 -14.6642 478.501 -148.69 9.38646e-05 117.596 
-23.771 -14.977 478.513 -147.787 0.000293859 116.887 
-23.4316 -15.2888 478.528 0 6.15665e-06 -30.7053 
-23.0944 -15.602 478.538 34.042 0.00010614 -64.5531 
-22.7569 -15.915 478.549 0 6.27393e-06 -30.3169 
-22.4163 -16.2261 478.57 -144.101 0.000293859 113.979 
-22.0792 -16.539 478.578 36.836 0.00020614 -66.7648 
-21.7399 -16.8511 478.595 -142.22 0.000293858 112.486 
-21.4017 -17.1632 478.607 38.728 0.000206145 -68.2685 
-21.0636 -17.4761 478.621 -140.318 0.000393859 110.972 
-20.7249 -17.7885 478.637 -139.36 0.000893859 110.209 
-20.3869 -18.1009 478.648 -138.399 0.000393859 109.442 
-20.0479 -18.4131 478.661 42.566 0.000306142 -71.3288 
-19.7095 -18.7252 478.675 0 6.15665e-06 -28.5689 
-19.3716 -19.0377 478.684 44.502 0.000906141 -72.8772 
-19.0327 -19.3496 478.703 -134.527 9.38569e-05 106.346 
-18.6939 -19.6621 478.716 46.446 0.000106143 -74.432 
-18.3558 -19.9744 478.731 -132.582 0.000493859 104.79 
-18.0177 -20.2874 478.741 48.391 0.000106143 -75.9887 
-17.6799 -20.6006 478.753 -130.637 0.000193859 103.234 
-17.3408 -20.9116 478.767 50.333 0.000706141 -77.543 
-17.0027 -21.2243 478.783 -128.698 0.000293857 101.682 
-16.6647 -21.5375 478.793 -127.731 9.3853e-05 100.91 
-16.3261 -21.8498 478.806 53.233 0.000306139 -79.8599 
-15.9873 -22.1612 478.82 54.193 0.00070614 -80.6262 
-15.6484 -22.4733 478.837 55.15 0.00020614 -81.3886 
-15.311 -22.7869 478.848 -123.898 0.000193861 97.8534 
-14.9719 -23.0988 478.861 57.05 0.000406141 -82.8997 
-14.6335 -23.4112 478.876 -122.008 9.38608e-05 96.3525 
-14.2947 -23.7229 478.893 -121.072 0.00059386 95.6105 
-13.9564 -24.0353 478.905 -120.142 0.000193859 94.8748 
-13.6178 -24.3472 478.919 0 6.15665e-06 -25.0732 
-13.2804 -24.6613 478.928 61.697 0.00010614 -86.5762 
-12.9412 -24.9725 478.945 -117.394 0.000193856 92.7093 
-12.6026 -25.2847 478.958 63.507 0.000306142 -87.9974 
-12.2649 -25.5977 478.972 -115.601 0.00059386 91.3041 
-11.9265 -25.9111 478.981 65.284 0.000106136 -89.3859 
-11.5874 -26.2212 479 66.159 0.000206138 -90.0671 
-11.249 -26.5344 479.013 -112.974 0.000193861 89.2607 
-10.9104 -26.8461 479.028 -112.117 0.000193859 88.5977 
-10.5726 -27.1595 479.037 68.73 0.00020614 -92.0556 
-10.2341 -27.4718 479.049 69.568 0.00070614 -92.6993 
-9.8958 -27.7845 479.063 70.396 0.000406141 -93.333 
-9.5571 -28.0963 479.078 71.214 0.000306142 -93.9567 
-9.21846 -28.4086 479.096 -107.978 0.00079386 85.4299 
-8.87998 -28.7203 479.108 0 6.15665e-06 -22.3542 
-8.54151 -29.0328 479.122 -106.394 0.000293862 84.2342 
-8.20358 -29.3463 479.131 74.382 0.00020614 -96.3478 
-7.86474 -29.6578 479.149 -104.852 0.000493858 83.0807 
-7.52642 -29.9706 479.162 -104.097 0.000493859 82.5199 
-7.18785 -30.2816 479.176 0 6.09716e-06 -21.3832 
-6.84961 -30.5957 479.186 77.381 0.00010614 -98.5696 
-6.51169 -30.9082 479.197 78.103 0.000606141 -99.0982 
-6.1725 -31.2192 479.217 -101.184 0.000393859 80.3838 
-5.83448 -31.5323 479.225 79.517 0.000806141 -100.123 
-5.49592 -31.8438 479.242 80.2078 0.000306143 -100.62 
-5.15771 -32.1575 479.254 -99.112 9.38569e-05 78.894 
-4.81934 -32.4702 479.267 -98.4424 0.000393857 78.419 
-4.48084 -32.782 479.283 -97.7833 0.000593859 77.954 
-4.14248 -33.0949 479.293 82.8654 0.000106143 -102.501 
-3.804 -33.407 479.305 83.5038 0.000806141 -102.945 
-3.46565 -33.72 479.319 84.1319 0.000306139 -103.379 
-3.12706 -34.0309 479.335 84.7499 0.00050614 -103.803 
-2.78861 -34.3428 479.352 -94.6422 0.00059386 75.784 
-2.45017 -34.6549 479.364 0 6.27393e-06 -18.6642 
-2.11179 -34.9681 479.379 -93.456 0.000793859 74.986 
-1.77347 -35.2818 479.388 -92.8776 9.38685e-05 74.602 
-1.43493 -35.5918 479.405 0 6.27393e-06 -18.0817 
-1.09657 -35.9053 479.418 -91.7493 0.000393857 73.862 
-0.758139 -36.2174 479.432 -91.1992 0.000493858 73.506 
-0.419732 -36.5302 479.441 89.3417 0.00070614 -106.841 
-0.0812743 -36.8412 479.459 89.8736 0.000106146 -107.178 
0.257123 -37.1546 479.472 -89.6035 0.000293859 72.493 
0.595575 -37.4668 479.486 -89.0893 0.000593859 72.173 
0.934019 -37.7802 479.495 91.4162 0.000206138 -108.138 
1.27238 -38.0905 479.513 91.9132 0.00010615 -108.441 
1.61079 -38.4035 479.526 -87.5982 9.38608e-05 71.264 
1.9492 -38.7157 479.541 -87.1178 0.000393858 70.978 
2.28768 -39.0295 479.55 93.3545 0.000206142 -109.3 
2.62601 -39.3402 479.568 -86.1811 0.000293857 70.43 
2.96445 -39.6527 479.58 0 6.15665e-06 -15.5565 
3.30282 -39.9645 479.595 0 6.21557e-06 -15.3626 
3.6415 -40.2797 479.604 -84.8342 0.000293861 69.666 
3.97973 -40.5906 479.622 -84.4003 0.000893859 69.426 
4.3181 -40.902 479.634 96.0265 0.000106146 -110.807 
4.65653 -41.2145 479.648 -83.5539 0.000293859 68.968 
4.99522 -41.5292 479.658 -83.1413 9.38685e-05 68.75 
5.33338 -41.8397 479.675 -82.7356 0.000493859 68.538 
5.67191 -42.1526 479.687 -82.3365 0.000393857 68.333 
6.01016 -42.4638 479.701 98.0559 0.000206143 -111.865 
6.34895 -42.779 479.71 98.4418 0.000206142 -112.057 
6.68719 -43.0901 479.727 -81.1786 0.000493858 67.758 
7.02561 -43.4024 479.739 99.1948 0.00020614 -112.421 
7.36405 -43.7147 479.753 99.5621 0.00020614 -112.594 
7.70249 -44.0271 479.768 -80.0766 0.000493858 67.239 
8.04114 -44.3408 479.778 0 6.09716e-06 -12.6442 
8.37912 -44.6506 479.796 -79.3715 0.000293859 66.922 
8.71758 -44.9633 479.81 -79.0275 0.00039386 66.772 
9.05583 -45.2748 479.824 -78.689 0.000293859 66.628 
9.39463 -45.5893 479.834 -78.356 9.38608e-05 66.489 
9.73331 -45.9027 479.845 101.972 0.00020614 -113.645 
10.0712 -46.2123 479.864 -77.7056 0.000393859 66.227 
10.4096 -46.525 479.878 -77.3882 0.000893859 66.104 
10.7483 -46.8381 479.887 102.924 0.000506142 -114.014 
11.0863 -47.1489 479.905 0 6.03709e-06 -10.8962 
11.4251 -47.463 479.917 -76.4655 0.00049386 65.764 
11.7633 -47.7747 479.93 -76.1675 9.38608e-05 65.66 
12.1018 -48.087 479.945 -75.874 0.00069386 65.561 
12.4403 -48.4 479.955 104.415 0.00060614 -114.534 
12.7784 -48.7106 479.973 -75.3007 0.000193857 65.376 
13.1169 -49.0234 479.985 -75.0206 0.000193857 65.29 
13.4552 -49.3355 479.999 -74.7448 0.000293859 65.208 
13.7941 -49.6497 480.009 105.527 0.000506142 -114.869 
14.1321 -49.9603 480.025 105.794 0.000106143 -114.942 
14.471 -50.2747 480.037 -73.9421 0.000493858 64.988 
14.8094 -50.587 480.051 -73.6825 0.000393859 64.923 
15.1476 -50.8986 480.065 -73.4268 0.000393859 64.861 
15.4866 -51.2127 480.075 106.825 0.000306142 -115.196 
15.8244 -51.5232 480.092 -72.9266 0.000293861 64.75 
16.1631 -51.8362 480.104 -72.682 9.38608e-05 64.699 
16.5016 -52.1487 480.118 -72.4409 0.000193865 64.652 
16.8398 -52.4606 480.133 -72.2034 0.00069386 64.609 
17.1785 -52.7738 480.143 108.031 0.000606141 -115.431 
17.5165 -53.0848 480.16 -71.7386 0.000493859 64.533 
17.8549 -53.3971 480.173 108.489 0.000106136 -115.501 
18.1932 -53.709 480.187 108.713 0.000306142 -115.531 
18.5317 -54.0218 480.202 -71.0659 0.000893859 64.443 
18.8703 -54.3347 480.212 109.152 0.000506141 -115.581 
19.2093 -54.6486 480.223 109.367 0.00060614 -115.602 
19.547 -54.9589 480.242 -70.4213 0.000793858 64.381 
19.8852 -55.2708 480.256 -70.2124 0.000493858 64.366 
20.2246 -55.5855 480.264 109.994 0.000306139 -115.646 
20.5625 -55.8967 480.281 -69.8031 0.00039386 64.345 
20.9011 -56.2095 480.292 110.397 0.000606141 -115.661 
21.2401 -56.5234 480.304 0 6.03709e-06 -5.07 
21.5785 -56.8357 480.318 0 6.03709e-06 -4.875 
21.9163 -57.1463 480.333 110.982 0.000506142 -115.664 
22.2545 -57.4581 480.349 -68.8278 0.000393859 64.341 
22.5934 -57.7716 480.36 111.36 0.000106143 -115.652 
22.9322 -58.085 480.372 111.544 0.00010614 -115.643 
23.2703 -58.3968 480.385 111.727 0.00070614 -115.631 
23.6085 -58.7083 480.4 111.907 0.00070614 -115.617 
23.9465 -59.0197 480.415 112.084 0.00020614 -115.6 
24.2858 -59.3344 480.426 112.26 0.00010614 -115.581 
24.6232 -59.6441 480.444 -67.5674 0.000393858 64.44 
24.9619 -59.9571 480.457 -67.3966 0.000493859 64.463 
25.3 -60.2687 480.471 -67.228 0.000193861 64.489 
25.6395 -60.5836 480.48 112.939 0.00060614 -115.483 
25.9774 -60.8949 480.496 -66.8972 0.000193865 64.546 
26.3163 -61.2083 480.507 113.265 0.000406141 -115.422 
26.6536 -61.518 480.525 -66.5746 0.000493859 64.612 
26.9917 -61.8298 480.538 0 6.15665e-06 -1.7684 
27.3315 -62.1452 480.547 113.74 0.000906141 -115.314 
27.6696 -62.4568 480.562 113.894 0.000306138 -115.274 
28.0072 -62.7671 480.579 0 6.09716e-06 -1.1852 
28.3461 -63.081 480.59 114.197 0.000106143 -115.189 
28.6847 -63.3934 480.603 114.346 0.000706142 -115.143 
29.0231 -63.7058 480.616 114.493 0.000606142 -115.096 
29.3615 -64.0183 480.631 0 6.15665e-06 -0.408797 
29.6994 -64.3293 480.646 -65.2183 0.000293857 65.004 
30.0388 -64.6439 480.657 -65.0766 0.000193857 65.056 
30.3778 -64.9573 480.669 115.064 0.000306142 -114.89 
30.7149 -65.2669 480.687 -64.7981 0.000893858 65.166 
31.0531 -65.579 480.7 -64.6614 0.000593861 65.224 
31.3932 -65.8947 480.709 0 6.15665e-06 0.756803 
31.7308 -66.2054 480.724 0 6.15665e-06 0.950403 
32.0684 -66.5162 480.741 -64.2606 0.000593858 65.406 
32.4072 -66.8293 480.752 115.87 0.00010614 -114.531 
32.7461 -67.1425 480.765 115.999 0.000206142 -114.466 
33.0843 -67.4545 480.778 116.127 0.000606141 -114.399 
33.4225 -67.7665 480.792 116.253 0.00040614 -114.331 
33.7608 -68.0785 480.807 -63.6227 0.000393859 65.739 
34.1003 -68.3931 480.818 116.501 0.000106146 -114.19 
34.4373 -68.7026 480.834 0 6.09716e-06 2.5044 
34.7763 -69.0159 480.846 116.743 0.000206143 -114.044 
35.1152 -69.3294 480.859 -63.1379 0.000193859 66.031 
35.4536 -69.6416 480.873 -63.02 0.000293861 66.107 
35.7913 -69.9526 480.888 0 6.15665e-06 3.2816 
36.129 -70.2636 480.903 -62.7881 0.00039386 66.264 
36.4688 -70.5787 480.914 -62.6741 0.000393858 66.344 
36.8081 -70.8924 480.925 -62.5612 9.38608e-05 66.425 
37.1445 -71.2011 480.943 -62.4497 0.000393859 66.508 
37.483 -71.5138 480.956 -62.3393 0.000393861 66.592 
37.8211 -71.8252 480.97 0 6.03709e-06 4.447 
38.1611 -72.1408 480.98 117.878 0.00070614 -113.237 
38.4992 -72.4525 480.995 -62.0151 0.000193861 66.85 
38.8366 -72.7629 481.011 -61.9093 0.000793858 66.938 
39.1755 -73.0762 481.023 -61.8046 9.38569e-05 67.028 
39.5145 -73.3895 481.035 0 6.15665e-06 5.418 
39.8528 -73.7017 481.048 118.402 0.00040614 -112.79 
40.1912 -74.014 481.062 118.503 0.000206143 -112.697 
40.5289 -74.3251 481.077 118.603 0.000306139 -112.603 
40.8668 -74.6364 481.092 -61.2973 0.000193859 67.492 
41.2068 -74.9518 481.103 -61.199 0.00039386 67.588 
41.5456 -75.2647 481.114 118.898 0.000706142 -112.316 
41.8828 -75.5751 481.131 -61.0053 0.000793859 67.782 
42.221 -75.887 481.144 119.09 0.000106136 -112.119 
42.5593 -76.199 481.158 119.185 0.000306143 -112.019 
42.8976 -76.5112 481.172 -60.7219 0.000193861 68.082 
43.2375 -76.8263 481.182 119.371 0.00070614 -111.817 
43.5753 -77.1375 481.197 0 6.15665e-06 7.7483 
43.9148 -77.4516 481.209 119.553 0.000606141 -111.611 
44.2519 -77.7618 481.225 -60.3571 0.000493859 68.494 
44.5908 -78.0749 481.238 -60.2681 0.000193854 68.599 
44.929 -78.3869 481.251 119.82 0.000506139 -111.295 
45.2673 -78.6991 481.265 119.907 0.00050614 -111.188 
45.6057 -79.0114 481.279 -60.0063 0.000193863 68.92 
45.9434 -79.3225 481.294 -59.9207 0.000493859 69.028 
46.2829 -79.6367 481.304 120.164 0.000606142 -110.862 
46.6201 -79.9469 481.321 120.248 0.000106136 -110.752 
46.9596 -80.2614 481.332 -59.6688 0.000193865 69.359 
47.2987 -80.5748 481.345 0 6.15665e-06 9.8846 
47.6372 -80.887 481.358 120.495 0.00050614 -110.417 
47.9755 -81.1995 481.371 120.576 0.000406141 -110.303 
48.3134 -81.5108 481.385 120.656 0.00070614 -110.189 
48.6513 -81.8223 481.4 120.736 0.000306139 -110.074 
48.9892 -82.1339 481.415 -59.1858 0.000693859 70.041 
49.3291 -82.4487 481.426 -59.1079 0.00039386 70.158 
49.6657 -82.7581 481.443 -59.0307 0.00059386 70.275 
50.005 -83.0719 481.455 -58.9542 0.000493859 70.392 
50.3437 -83.3846 481.468 0 6.09716e-06 11.6326 
50.6824 -83.6974 481.481 -58.8033 0.000193857 70.63 
51.0204 -84.0092 481.494 121.271 0.000106143 -109.25 
51.3586 -84.3211 481.509 -58.6551 0.000293859 70.87 
51.6961 -84.632 481.523 -58.582 0.000293858 70.991 
52.0363 -84.9472 481.534 121.491 0.000106136 -108.887 
52.3732 -85.2571 481.55 -58.4377 9.38608e-05 71.235 
52.7129 -85.5715 481.562 121.634 0.00010615 -108.642 
53.0518 -85.8848 481.574 121.704 0.000606141 -108.518 
53.3883 -86.1939 481.591 -58.226 0.000393861 71.606 
53.7267 -86.5062 481.604 -58.1567 9.38569e-05 71.731 
54.0652 -86.8188 481.618 -58.088 0.000293857 71.857 
54.4058 -87.1344 481.627 121.98 0.00080614 -108.017 
54.7437 -87.4461 481.642 122.048 0.000306139 -107.891 
55.081 -87.7566 481.657 122.115 0.000306142 -107.763 
55.4211 -88.0716 481.668 122.181 0.00060614 -107.636 
55.7585 -88.3824 481.684 -57.7531 0.000593858 72.493 
56.0973 -88.6953 481.696 122.312 0.00060614 -107.378 
56.4368 -89.0095 481.708 122.377 0.00020614 -107.249 
56.7731 -89.3183 481.725 -57.5589 0.000893859 72.881 
57.1113 -89.6305 481.739 -57.4953 0.000393858 73.012 
57.4496 -89.9428 481.752 -57.4322 0.00059386 73.143 
57.7901 -90.2583 481.762 122.63 0.000606142 -106.726 
58.128 -90.5697 481.777 122.693 0.000306142 -106.593 
58.4658 -90.8813 481.792 -57.246 0.00059386 73.539 
58.8059 -91.1961 481.803 -57.1849 9.38608e-05 73.672 
59.1423 -91.5055 481.819 -57.1244 9.38569e-05 73.806 
59.4818 -91.8194 481.831 122.936 0.000206143 -106.06 
59.8184 -92.1292 481.847 -57.0048 0.000893859 74.075 
60.1573 -92.4422 481.86 -56.9457 0.00069386 74.21 
60.4955 -92.7542 481.873 0 6.09716e-06 17.4589 
60.8339 -93.0663 481.887 123.171 0.000106143 -105.518 
61.1721 -93.3787 481.901 -56.7713 0.000293862 74.618 
61.5127 -93.6944 481.911 123.286 0.000706142 -105.245 
61.8506 -94.0058 481.926 123.343 0.00020614 -105.107 
62.1877 -94.3161 481.941 123.399 0.000106146 -104.969 
62.5278 -94.631 481.952 123.455 0.00040614 -104.831 
62.8643 -94.9405 481.967 123.51 0.000206136 -104.692 
63.2038 -95.2545 481.98 123.565 0.00050614 -104.553 
63.5435 -95.5687 481.992 123.62 0.00020614 -104.413 
63.8794 -95.8774 482.009 -56.326 0.000593859 75.727 
64.2176 -96.1895 482.022 123.728 0.000106143 -104.133 
64.5568 -96.503 482.035 -56.219 0.000793859 76.008 
64.8944 -96.8142 482.049 -56.1661 0.000193859 76.149 
65.2352 -97.13 482.06 123.886 0.000906141 -103.709 
65.573 -97.4415 482.074 123.939 0.000406141 -103.567 
65.911 -97.7531 482.089 -56.0098 0.000593859 76.576 
66.2504 -98.067 482.1 124.042 0.000906141 -103.281 
66.5877 -98.3778 482.115 -55.9076 0.000193857 76.862 
66.9275 -98.6919 482.127 124.143 0.000306139 -102.994 
67.2641 -99.0018 482.143 -55.8069 0.000793859 77.15 
67.6032 -99.3151 482.156 -55.7571 0.000393859 77.294 
67.9415 -99.6273 482.169 124.292 0.000506139 -102.561 
68.2809 -99.9408 482.182 -55.6586 9.38608e-05 77.584 
68.6193 -100.253 482.195 -55.61 0.000193861 77.73 
68.9573 -100.565 482.209 124.438 0.00020614 -102.125 
69.2951 -100.877 482.223 124.486 0.00010614 -101.978 
69.633 -101.188 482.237 -55.4661 0.000593859 78.168 
69.9735 -101.504 482.249 124.581 0.000306141 -101.685 
70.3109 -101.815 482.263 -55.3719 0.000293862 78.462 
70.6476 -102.124 482.279 -55.3253 0.000393861 78.61 
70.9875 -102.439 482.29 0 6.03709e-06 23.479 
71.3275 -102.753 482.303 -55.2331 9.38685e-05 78.906 
71.6637 -103.063 482.319 -55.1875 0.000593858 79.055 
72.0023 -103.375 482.331 124.858 0.000306142 -100.796 
72.3417 -103.689 482.344 -55.0973 0.000193861 79.353 
72.6804 -104.002 482.357 -55.0527 0.000193863 79.503 
73.0184 -104.314 482.371 124.992 0.000306142 -100.347 
73.3566 -104.626 482.384 125.036 0.000306141 -100.197 
73.6948 -104.938 482.399 -54.9207 9.38569e-05 79.953 
74.0323 -105.249 482.413 0 6.21557e-06 25.2269 
