108.465 -137.032 498.785 128.363 0.000306141 -83.3767 
108.463 -137.034 498.784 0 6.21557e-06 44.9844 
108.455 -137.031 498.784 -51.6397 0.000393858 96.6213 
108.449 -137.034 498.782 0 6.21557e-06 44.9778 
108.437 -137.033 498.781 -51.6446 0.00079386 96.6174 
108.428 -137.037 498.778 128.352 0.000306143 -83.3854 
108.412 -137.038 498.777 128.348 0.000206145 -83.3886 
108.396 -137.039 498.774 -51.6566 9.3853e-05 96.6077 
108.377 -137.041 498.771 128.338 0.000406141 -83.3965 
108.357 -137.045 498.768 -51.6677 0.000193856 96.5988 
108.33 -137.043 498.765 0 6.15665e-06 44.9194 
108.307 -137.049 498.761 0 6.21557e-06 44.9066 
108.281 -137.054 498.756 128.311 0.00090614 -83.4183 
108.25 -137.055 498.752 128.303 0.000606141 -83.4249 
108.218 -137.058 498.748 128.294 0.000106143 -83.4321 
108.184 -137.062 498.742 -51.7158 0.000593859 96.5603 
108.148 -137.066 498.737 -51.7259 0.000393858 96.5521 
108.11 -137.071 498.731 -51.7367 0.000393857 96.5435 
108.069 -137.076 498.724 128.252 0.000406142 -83.4657 
108.024 -137.078 498.719 128.24 0.000106143 -83.4753 
107.981 -137.085 498.711 128.227 0.00060614 -83.4854 
107.932 -137.089 498.705 -51.7861 9.38646e-05 96.504 
107.882 -137.094 498.698 -51.8 0.000993859 96.4929 
107.834 -137.104 498.688 0 6.15665e-06 44.6668 
107.779 -137.109 498.68 128.17 0.00080614 -83.5307 
107.72 -137.111 498.673 -51.8454 0.000593859 96.4567 
107.662 -137.119 498.664 -51.8618 9.38608e-05 96.4437 
107.603 -137.127 498.655 128.121 0.000206142 -83.5698 
107.539 -137.132 498.646 -51.8965 0.00069386 96.4162 
107.476 -137.142 498.635 128.085 0.000206143 -83.5983 
107.408 -137.148 498.625 0 6.21557e-06 44.4531 
107.338 -137.155 498.615 -51.9532 0.000493858 96.3712 
107.266 -137.162 498.605 0 6.09716e-06 44.382 
107.192 -137.17 498.593 128.006 0.000206145 -83.6611 
107.117 -137.18 498.582 127.985 0.000306142 -83.678 
107.04 -137.19 498.569 127.963 0.000206142 -83.6954 
106.957 -137.196 498.558 -52.0602 9.38646e-05 96.2867 
106.877 -137.208 498.545 127.917 0.00040614 -83.7316 
106.791 -137.216 498.532 -52.1074 0.000193857 96.2496 
106.703 -137.224 498.52 0 6.03709e-06 44.0983 
106.614 -137.234 498.506 -52.1572 0.000993859 96.2105 
106.522 -137.243 498.493 -52.183 9.38569e-05 96.1902 
106.429 -137.255 498.478 -52.2095 0.000493859 96.1695 
106.334 -137.266 498.463 0 6.21557e-06 43.9117 
106.238 -137.279 498.448 127.736 0.000406141 -83.8733 
106.136 -137.288 498.434 -52.2928 0.000493858 96.1046 
106.035 -137.301 498.417 127.678 0.000506141 -83.918 
105.929 -137.311 498.402 127.649 0.000306141 -83.9411 
105.822 -137.322 498.386 -52.3818 9.3853e-05 96.0354 
105.713 -137.335 498.37 -52.4128 0.000593858 96.0114 
105.602 -137.347 498.353 -52.4444 0.000293859 95.9869 
105.489 -137.36 498.336 -52.4767 0.000193856 95.962 
105.375 -137.374 498.318 -52.5096 0.000293858 95.9366 
105.258 -137.389 498.3 127.457 0.000406141 -84.0892 
105.136 -137.399 498.282 0 6.15665e-06 43.3071 
105.012 -137.411 498.265 -52.6122 0.00059386 95.8577 
104.89 -137.428 498.245 127.352 0.000606142 -84.1695 
104.763 -137.442 498.226 -52.684 0.00039386 95.8028 
104.634 -137.455 498.207 -52.7208 0.000493859 95.7747 
104.503 -137.469 498.187 127.242 0.000206143 -84.2539 
104.371 -137.485 498.167 -52.7964 0.000293858 95.7171 
104.236 -137.501 498.146 0 6.21557e-06 42.8523 
104.096 -137.513 498.126 -52.8747 0.000793859 95.6577 
103.957 -137.531 498.104 127.085 0.000206143 -84.3727 
103.813 -137.544 498.084 0 6.03709e-06 42.6408 
103.672 -137.563 498.061 127.003 0.000606141 -84.4347 
103.525 -137.578 498.039 0 6.15665e-06 42.4943 
103.375 -137.594 498.017 126.918 0.000306141 -84.4985 
103.224 -137.61 497.994 126.874 0.000406142 -84.5311 
103.072 -137.627 497.971 126.83 0.000306139 -84.5641 
102.917 -137.646 497.947 0 6.21557e-06 42.1878 
102.761 -137.664 497.923 126.74 0.000506141 -84.6314 
102.599 -137.679 497.9 -53.3064 9.38569e-05 95.3343 
102.439 -137.7 497.875 126.647 0.000106146 -84.7004 
102.273 -137.715 497.851 126.599 0.000106133 -84.7356 
102.109 -137.736 497.824 126.551 0.000906141 -84.7712 
101.94 -137.754 497.799 126.502 0.000606142 -84.8072 
101.769 -137.773 497.774 0 6.09716e-06 41.6087 
101.596 -137.791 497.748 126.402 0.000306143 -84.8804 
101.421 -137.811 497.721 126.351 0.000406141 -84.9177 
101.244 -137.831 497.694 126.299 0.000306141 -84.9554 
101.066 -137.853 497.667 126.247 0.000106143 -84.9934 
100.882 -137.87 497.641 -53.8063 0.000293857 94.9681 
100.7 -137.892 497.612 0 6.15665e-06 41.069 
100.511 -137.91 497.585 126.085 0.000206142 -85.1102 
100.326 -137.934 497.556 126.03 0.000306143 -85.1499 
100.134 -137.953 497.527 125.974 0.000106136 -85.19 
99.9408 -137.974 497.498 -54.0825 0.000293857 94.7695 
99.7451 -137.994 497.469 125.86 0.00020614 -85.2714 
99.5484 -138.017 497.44 -54.1979 0.000493859 94.6872 
99.3493 -138.039 497.409 -54.2567 0.000393858 94.6455 
99.1485 -138.062 497.379 -54.3162 0.000493858 94.6034 
98.9453 -138.085 497.348 125.624 0.000306143 -85.4391 
98.7405 -138.109 497.316 125.563 0.00080614 -85.4819 
98.5302 -138.129 497.286 125.501 0.00020614 -85.5252 
98.3218 -138.155 497.253 125.439 0.000406139 -85.5688 
98.1083 -138.177 497.222 -54.6245 0.000593858 94.3871 
97.8957 -138.204 497.188 125.312 0.000206142 -85.6573 
97.6779 -138.226 497.156 -54.753 9.38569e-05 94.2979 
97.4576 -138.249 497.123 125.182 0.000306141 -85.7472 
97.2363 -138.273 497.09 -54.8844 0.000393858 94.2073 
97.0126 -138.298 497.057 -54.9512 0.000293858 94.1614 
96.7871 -138.323 497.022 -55.0188 0.000393857 94.1151 
96.5591 -138.348 496.988 124.913 0.000306142 -85.9315 
96.33 -138.375 496.953 -55.1562 9.38608e-05 94.0215 
96.0986 -138.402 496.917 124.774 0.000206142 -86.0258 
95.8618 -138.424 496.883 -55.2966 0.00059386 93.9265 
95.626 -138.452 496.847 124.632 0.000406141 -86.1215 
95.3858 -138.476 496.812 -55.44 0.000793859 93.8301 
95.1466 -138.505 496.774 -55.5128 0.000193859 93.7813 
94.9019 -138.531 496.738 -55.5865 0.000693859 93.7323 
94.6582 -138.561 496.7 124.339 0.00050614 -86.3172 
94.4103 -138.587 496.663 -55.736 0.000393859 93.6331 
94.1594 -138.614 496.626 -55.812 0.000493859 93.583 
93.9062 -138.64 496.588 124.111 0.000206138 -86.4675 
93.6519 -138.668 496.55 -55.9662 0.000293859 93.4818 
93.3953 -138.696 496.511 0 6.27393e-06 37.3863 
93.1373 -138.726 496.472 -56.1235 0.000793859 93.3793 
92.8762 -138.754 496.433 123.797 0.000206142 -86.6725 
92.6138 -138.785 496.392 -56.284 9.38491e-05 93.2755 
92.349 -138.814 496.352 123.635 0.00050614 -86.7769 
92.0832 -138.846 496.311 -56.4476 9.3853e-05 93.1704 
91.8103 -138.872 496.272 123.469 0.000206143 -86.8826 
91.54 -138.904 496.23 123.386 0.000206138 -86.9359 
91.2645 -138.932 496.19 -56.6991 0.000893859 93.0105 
90.9895 -138.965 496.147 -56.7846 0.000193861 92.9566 
90.7094 -138.994 496.106 -56.8709 0.00069386 92.9024 
90.431 -139.028 496.063 -56.9579 0.000393857 92.8479 
90.1464 -139.056 496.021 -57.0458 0.000293858 92.7931 
89.8633 -139.091 495.976 122.866 0.00070614 -87.262 
89.5748 -139.121 495.933 122.776 0.000406141 -87.3174 
89.2848 -139.152 495.89 0 6.09716e-06 35.3126 
88.9927 -139.184 495.847 -57.4056 0.000593858 92.571 
88.7011 -139.22 495.801 122.502 0.00060614 -87.4852 
88.4046 -139.252 495.756 122.41 0.000706143 -87.5417 
88.106 -139.285 495.711 122.316 0.000506142 -87.5984 
87.8054 -139.318 495.666 122.221 0.00020614 -87.6554 
87.5029 -139.352 495.62 -57.8742 0.000293859 92.2873 
87.1979 -139.386 495.574 0 6.15665e-06 34.2593 
86.8909 -139.42 495.528 121.933 0.000206143 -87.8281 
86.5818 -139.455 495.481 121.835 0.000106146 -87.8862 
86.2708 -139.49 495.434 -58.2643 9.38608e-05 92.0555 
85.9539 -139.52 495.388 -58.364 0.000493859 91.997 
85.6383 -139.555 495.34 -58.4645 9.38569e-05 91.9382 
85.3208 -139.591 495.292 121.434 0.000206138 -88.1209 
85.0011 -139.628 495.243 121.332 0.000306139 -88.1802 
84.6797 -139.665 495.194 121.229 0.000106146 -88.2397 
84.352 -139.696 495.147 -58.8754 9.38685e-05 91.7005 
84.0265 -139.735 495.097 -58.9803 0.000593858 91.6406 
83.6982 -139.773 495.046 -59.0861 0.000193861 91.5804 
83.3678 -139.811 494.996 0 6.27393e-06 32.3271 
83.0315 -139.843 494.947 0 6.21557e-06 32.1589 
82.6971 -139.883 494.895 -59.4089 0.000193859 91.3984 
82.3601 -139.921 494.844 120.482 0.000506141 -88.6627 
82.0177 -139.955 494.794 0 6.21557e-06 31.6476 
81.6764 -139.995 494.741 120.26 0.000306142 -88.7854 
81.3331 -140.035 494.689 120.148 0.00050614 -88.8471 
80.9846 -140.071 494.638 -59.9648 0.000593858 91.091 
80.6364 -140.11 494.584 119.921 0.000306141 -88.9711 
80.286 -140.151 494.531 119.806 0.000906141 -89.0334 
79.9314 -140.188 494.479 -60.3093 0.000593859 90.9042 
79.5769 -140.229 494.424 -60.426 0.000293856 90.8415 
79.2197 -140.269 494.369 119.456 0.000806141 -89.2213 
78.8578 -140.306 494.316 -60.6622 0.000193861 90.7157 
78.4963 -140.347 494.261 119.218 0.000606141 -89.3475 
78.1334 -140.39 494.206 119.098 0.000306138 -89.4108 
77.7645 -140.427 494.152 -61.0235 0.000193863 90.5257 
77.3966 -140.469 494.095 118.854 0.000106143 -89.538 
77.0267 -140.512 494.039 118.731 0.000306142 -89.6019 
76.6513 -140.549 493.984 -61.3933 0.00069386 90.3341 
76.2763 -140.591 493.927 118.482 0.000206142 -89.73 
75.8996 -140.635 493.869 -61.6446 0.000193863 90.2057 
75.5203 -140.677 493.812 118.228 0.000406141 -89.8588 
75.1386 -140.72 493.754 118.1 0.00080614 -89.9234 
74.7519 -140.758 493.698 0 6.09716e-06 27.9832 
74.3659 -140.801 493.639 117.841 0.000106136 -90.053 
73.9776 -140.845 493.58 0 6.21557e-06 27.5923 
73.587 -140.889 493.521 -62.4217 0.000193861 89.8168 
73.1944 -140.933 493.462 -62.5546 0.000593858 89.7516 
72.7988 -140.976 493.402 -62.6885 9.38491e-05 89.6862 
72.4014 -141.02 493.342 -62.8235 0.000793858 89.6206 
72.0013 -141.063 493.282 -62.9594 0.000593858 89.555 
71.6017 -141.112 493.22 116.904 0.000506142 -90.5108 
71.1971 -141.156 493.159 116.766 0.000406141 -90.5766 
70.7902 -141.199 493.099 116.627 0.000206142 -90.6426 
70.3811 -141.243 493.038 -63.513 0.000193859 89.2913 
69.9724 -141.292 492.974 116.346 0.000306139 -90.7749 
69.5587 -141.336 492.913 -63.7958 0.000293859 89.1589 
69.1448 -141.384 492.849 116.061 0.000906141 -90.9075 
68.7263 -141.428 492.787 0 6.15665e-06 24.9433 
68.3082 -141.477 492.723 0 6.15665e-06 24.7317 
67.8846 -141.519 492.661 -64.3737 0.000193857 88.8928 
67.462 -141.569 492.596 -64.5207 0.000493858 88.8261 
67.0365 -141.616 492.531 115.331 0.00010614 -91.2408 
66.6084 -141.664 492.466 115.182 0.000606141 -91.3077 
66.1781 -141.712 492.401 115.032 0.000906141 -91.3746 
65.7433 -141.756 492.338 -65.1191 0.00079386 88.5583 
65.3107 -141.809 492.27 114.729 0.000306141 -91.5088 
64.8733 -141.856 492.205 114.576 0.000306138 -91.576 
64.4334 -141.903 492.139 114.421 0.00020614 -91.6432 
63.9923 -141.95 492.073 0 6.15665e-06 22.5559 
63.5534 -142.002 492.006 0 6.15665e-06 22.3338 
63.1113 -142.047 491.941 0 6.09716e-06 22.1118 
62.6716 -142.097 491.873 0 6.15665e-06 21.8896 
62.2315 -142.146 491.807 113.644 0.00010614 -91.9762 
61.7909 -142.194 491.74 113.488 0.000306142 -92.0421 
61.3506 -142.243 491.674 -66.669 0.000393857 87.8924 
60.9118 -142.295 491.606 -66.8259 9.3853e-05 87.8271 
60.47 -142.34 491.541 113.017 0.000306138 -92.2379 
60.0309 -142.392 491.474 -67.1403 0.000193857 87.6974 
59.5888 -142.436 491.409 -67.2978 0.000593859 87.6329 
59.1483 -142.485 491.342 0 6.09716e-06 20.1129 
58.708 -142.534 491.276 -67.6138 0.000293858 87.5046 
58.2696 -142.587 491.208 112.228 0.000506141 -92.5591 
57.8284 -142.633 491.142 112.069 0.000306142 -92.6226 
57.3871 -142.68 491.077 -68.0896 0.00069386 87.3142 
56.9473 -142.73 491.009 111.751 0.000306141 -92.7488 
56.5076 -142.78 490.942 111.592 0.00040614 -92.8116 
56.0673 -142.829 490.876 111.432 0.000606141 -92.8741 
55.6272 -142.878 490.81 -68.7274 9.38608e-05 87.0636 
55.186 -142.925 490.743 111.113 0.000206138 -92.9984 
54.745 -142.972 490.678 -69.0478 0.000293858 86.9398 
54.3058 -143.023 490.61 110.792 0.000206142 -93.1217 
53.8662 -143.074 490.543 110.631 0.00090614 -93.1831 
53.4244 -143.119 490.479 -69.53 0.000393859 86.7559 
52.9842 -143.168 490.412 -69.6913 0.000593858 86.695 
52.5438 -143.216 490.346 -69.8527 0.000693858 86.6344 
52.1048 -143.269 490.277 109.986 0.000306142 -93.4261 
51.6635 -143.315 490.212 109.824 0.000406142 -93.4863 
51.2243 -143.366 490.144 109.662 0.000606141 -93.5462 
50.7827 -143.411 490.079 -70.5007 9.38646e-05 86.394 
50.3425 -143.461 490.013 109.337 0.000306142 -93.6655 
49.9026 -143.51 489.946 -70.826 0.000193863 86.2752 
49.4621 -143.559 489.88 -70.989 0.00059386 86.216 
49.0212 -143.606 489.814 -71.1522 0.000893859 86.1571 
48.5819 -143.658 489.746 -71.3156 9.38646e-05 86.0984 
48.1403 -143.703 489.681 -71.4792 0.000193859 86.04 
47.7006 -143.753 489.614 -71.643 0.000193861 85.9817 
47.2605 -143.803 489.547 -71.807 9.38569e-05 85.9236 
46.8201 -143.851 489.481 108.029 0.00020614 -94.1343 
46.3797 -143.9 489.415 -72.1356 0.000493858 85.808 
45.9386 -143.946 489.349 0 6.15665e-06 13.4504 
45.4992 -143.997 489.281 107.535 0.00050614 -94.3068 
45.0598 -144.049 489.214 107.37 0.000206138 -94.364 
44.6181 -144.093 489.149 0 6.03709e-06 12.7841 
44.1781 -144.143 489.082 -72.9603 9.38608e-05 85.5223 
43.7374 -144.191 489.016 -73.1259 9.38685e-05 85.4658 
43.297 -144.24 488.95 -73.2916 0.000893858 85.4094 
