2.94318 -14.8284 479.616 101.226 0.000306139 -131.691 
2.94545 -14.8313 479.616 101.233 0.000106136 -131.696 
2.94916 -14.8356 479.617 0 6.03709e-06 -30.4608 
2.95427 -14.8414 479.618 101.258 0.000106136 -131.715 
2.96081 -14.8487 479.62 101.277 0.00040614 -131.729 
2.96877 -14.8574 479.621 101.3 0.00080614 -131.746 
2.97842 -14.8689 479.623 101.327 0.00040614 -131.767 
2.98951 -14.8819 479.626 101.359 0.00020614 -131.79 
3.00202 -14.8964 479.628 101.394 0.000206138 -131.817 
3.01595 -14.9123 479.631 101.434 0.000306139 -131.846 
3.03157 -14.9311 479.635 -78.5228 0.000393859 48.121 
3.04832 -14.9498 479.638 101.525 0.000106136 -131.915 
3.0668 -14.9715 479.642 -78.4235 0.000293856 48.047 
3.08667 -14.9945 479.646 -78.368 0.000393858 48.006 
3.10797 -15.019 479.651 -78.3085 0.000393856 47.961 
3.13067 -15.045 479.656 -78.2452 0.000193856 47.914 
3.15511 -15.0737 479.661 -78.178 0.000793858 47.865 
3.18077 -15.1031 479.659 101.893 0.000806142 -132.188 
3.20801 -15.1347 479.665 101.968 0.000606142 -132.243 
3.23665 -15.1677 479.671 102.046 0.000506142 -132.301 
3.26703 -15.2036 479.677 -77.8724 0.000293859 47.639 
3.2985 -15.2394 479.684 0 6.15665e-06 -30.211 
3.33167 -15.2781 479.692 -77.6982 0.000393861 47.511 
3.36626 -15.3181 479.699 -77.6059 0.00069386 47.443 
3.40238 -15.3602 479.7 102.49 0.000306139 -132.626 
3.43977 -15.403 479.708 102.589 0.000406141 -132.698 
3.47888 -15.4487 479.716 -77.3093 0.000193856 47.227 
3.5194 -15.4957 479.726 -77.204 0.000593858 47.151 
3.5613 -15.5441 479.735 -77.0957 0.000793858 47.073 
3.60474 -15.5945 479.737 103.016 0.00020614 -133.008 
3.64942 -15.6456 479.747 103.13 0.000406141 -133.09 
3.69584 -15.6995 479.758 -76.7531 9.38569e-05 46.826 
3.74379 -15.7554 479.761 103.367 0.000606141 -133.259 
3.79297 -15.812 479.772 103.489 0.000506141 -133.346 
3.84388 -15.8713 479.784 -76.3857 0.000393859 46.565 
3.89597 -15.9313 479.789 103.742 0.00100614 -133.526 
3.94965 -15.9933 479.801 103.872 0.000606142 -133.617 
4.00506 -16.0581 479.814 -75.9955 0.00059386 46.29 
4.06165 -16.1234 479.82 104.139 0.000506141 -133.804 
4.11979 -16.1908 479.834 -75.7239 0.000193859 46.1 
4.1795 -16.2602 479.84 104.415 0.000406141 -133.996 
4.24039 -16.3302 479.855 104.556 0.000206142 -134.094 
4.30319 -16.4036 479.862 104.699 0.000306141 -134.192 
4.36717 -16.4776 479.878 -75.1558 0.000393859 45.709 
4.4327 -16.5536 479.886 104.991 0.00020614 -134.391 
4.49943 -16.6301 479.903 0 6.15665e-06 -29.3526 
4.56805 -16.7101 479.912 105.289 0.000106143 -134.593 
4.63784 -16.7906 479.93 -74.559 0.00049386 45.306 
4.70916 -16.8732 479.94 105.594 0.000106146 -134.796 
4.78227 -16.9583 479.951 0 6.03709e-06 -29.1505 
4.85647 -17.044 479.97 -74.0958 0.000793858 44.999 
4.93226 -17.1317 479.982 -73.9388 0.000393859 44.896 
5.00936 -17.2207 479.994 106.219 0.000306138 -135.207 
5.08823 -17.3123 480.007 106.379 0.000306139 -135.31 
5.16843 -17.4051 480.02 106.539 0.000606141 -135.413 
5.25013 -17.4998 480.042 -73.3002 0.000793859 44.485 
5.33299 -17.5951 480.056 0 6.09716e-06 -28.7562 
5.41758 -17.693 480.071 107.025 0.000106146 -135.72 
5.50395 -17.7936 480.087 -72.812 0.000493858 44.178 
5.5916 -17.8953 480.103 -72.648 0.000793859 44.077 
5.68061 -17.9983 480.12 -72.4833 0.000793859 43.976 
5.77117 -18.1033 480.13 107.682 0.000506142 -136.125 
5.86324 -18.2101 480.148 0 6.15665e-06 -28.3776 
5.95662 -18.318 480.166 -71.9866 0.000193859 43.676 
6.05128 -18.4272 480.186 0 6.15665e-06 -28.2424 
6.148 -18.5398 480.198 108.346 0.000406142 -136.52 
6.24574 -18.6527 480.218 108.513 0.000106143 -136.616 
6.34476 -18.7668 480.24 108.68 0.000106143 -136.712 
6.44583 -18.8844 480.254 108.846 0.000406139 -136.807 
6.54791 -19.0022 480.276 0 6.15665e-06 -27.8877 
6.65206 -19.1235 480.292 -70.8199 9.3853e-05 43.007 
6.75753 -19.246 480.308 109.347 0.00010614 -137.085 
6.86391 -19.3687 480.333 -70.4866 0.000393859 42.825 
6.97192 -19.4935 480.351 109.68 0.000306141 -137.264 
7.0817 -19.6208 480.369 109.846 0.000406141 -137.352 
7.19274 -19.7493 480.388 110.012 0.00070614 -137.438 
7.30559 -19.8804 480.408 110.177 0.000406141 -137.523 
7.41969 -20.0126 480.429 110.342 0.000306142 -137.607 
7.53507 -20.1459 480.451 110.507 0.00050614 -137.689 
7.65221 -20.2818 480.473 0 6.09716e-06 -27.0978 
7.77062 -20.4188 480.496 -69.1651 0.000193859 42.152 
7.89026 -20.557 480.52 -69.002 0.000193859 42.074 
8.01212 -20.6987 480.537 111.161 0.000206142 -138.001 
8.13479 -20.8405 480.563 -68.6775 0.000193857 41.925 
8.25916 -20.9845 480.582 111.484 0.000706141 -138.148 
8.38487 -21.1299 480.609 -68.3556 9.38491e-05 41.782 
8.51226 -21.2775 480.629 111.804 0.000306141 -138.287 
8.64147 -21.4277 480.651 0 6.03709e-06 -26.3905 
8.77086 -21.5765 480.681 0 6.15665e-06 -26.2982 
8.9031 -21.7302 480.704 -67.7206 0.000693859 41.517 
9.03598 -21.8838 480.728 -67.5639 0.000193856 41.456 
9.17067 -22.0398 480.753 -67.408 0.000393859 41.396 
9.30708 -22.1981 480.772 112.747 0.000606141 -138.662 
9.44483 -22.3577 480.799 -67.0988 9.38608e-05 41.283 
9.58378 -22.5185 480.827 -66.9456 0.000493858 41.229 
9.72448 -22.6816 480.848 113.207 0.000306144 -138.823 
9.86643 -22.8459 480.878 -66.642 0.000693859 41.127 
10.0095 -23.0113 480.902 113.508 0.000606141 -138.92 
10.1551 -23.1804 480.927 113.658 0.000106143 -138.966 
10.3013 -23.3494 480.952 113.806 0.000806141 -139.01 
10.4492 -23.5208 480.979 113.953 0.000806141 -139.051 
10.599 -23.6947 481.007 0 6.03709e-06 -24.9913 
10.7494 -23.8683 481.035 114.245 0.000406142 -139.128 
10.9016 -24.0444 481.065 0 6.15665e-06 -24.7748 
11.055 -24.2216 481.096 -65.4676 0.000193859 40.803 
11.2108 -24.4027 481.121 -65.3256 9.38608e-05 40.772 
11.3678 -24.5848 481.147 114.815 0.000106146 -139.257 
11.5254 -24.7667 481.181 -65.0447 0.000493858 40.716 
11.6849 -24.9511 481.209 115.094 0.000206142 -139.308 
11.8461 -25.138 481.239 0 6.15665e-06 -24.0991 
12.0086 -25.326 481.269 -64.6315 9.38569e-05 40.649 
12.1736 -25.5179 481.294 115.504 0.000106143 -139.369 
12.339 -25.7094 481.327 -64.3617 0.00059386 40.615 
12.5064 -25.9036 481.354 -64.2284 9.38569e-05 40.601 
12.6743 -26.0974 481.389 -64.0963 0.000493859 40.589 
12.8441 -26.2938 481.418 116.035 0.000306139 -139.42 
13.0157 -26.4926 481.449 116.165 0.000206138 -139.427 
13.1884 -26.6926 481.481 116.293 0.00020614 -139.432 
13.3631 -26.8951 481.514 -63.579 0.00059386 40.565 
13.539 -27.0989 481.542 116.547 0.000706141 -139.436 
13.716 -27.3036 481.577 116.673 0.00010614 -139.435 
13.895 -27.511 481.607 116.797 0.000606141 -139.431 
14.0759 -27.7208 481.639 116.92 0.000206142 -139.425 
14.2579 -27.9319 481.672 -62.9579 9.38608e-05 40.583 
14.4404 -28.1427 481.706 117.163 0.00070614 -139.407 
14.6255 -28.3573 481.741 -62.7172 0.000493858 40.605 
14.811 -28.5717 481.778 -62.5986 0.00049386 40.62 
14.9993 -28.7902 481.809 -62.4811 0.00059386 40.636 
15.1881 -29.0086 481.842 117.635 0.00050614 -139.345 
15.3788 -29.2295 481.876 117.751 0.000506142 -139.324 
15.5713 -29.4528 481.912 -62.1352 0.000393859 40.699 
15.7643 -29.6759 481.949 -62.022 0.000293859 40.725 
15.9595 -29.902 481.98 118.09 0.000906141 -139.248 
16.1555 -30.1287 482.02 0 6.15665e-06 -21.0171 
16.3537 -30.3584 482.055 118.311 0.000206143 -139.187 
16.553 -30.5892 482.091 118.42 0.000306142 -139.153 
16.7543 -30.8225 482.129 -61.4727 0.000593858 40.883 
16.957 -31.0575 482.161 118.634 0.000506141 -139.079 
17.1606 -31.2931 482.202 -61.2604 0.000493859 40.961 
17.3657 -31.5305 482.237 118.844 0.000506142 -138.997 
17.5727 -31.7703 482.274 118.948 0.000406141 -138.952 
17.7808 -32.0113 482.313 119.05 0.00020614 -138.906 
17.9902 -32.2535 482.353 0 6.15665e-06 -19.7053 
18.2018 -32.4988 482.388 119.252 0.000706141 -138.807 
18.4141 -32.7446 482.432 -60.6485 0.00069386 41.246 
18.6281 -32.9923 482.47 -60.55 0.000293857 41.3 
18.8432 -33.2411 482.51 0 6.15665e-06 -19.0956 
19.0615 -33.4945 482.545 119.644 0.00020614 -138.584 
19.2797 -33.747 482.588 -60.2606 0.000693859 41.477 
19.4995 -34.0014 482.627 119.834 0.000206143 -138.46 
19.7213 -34.2584 482.667 -60.0726 9.3853e-05 41.604 
19.9442 -34.5165 482.708 -59.98 0.000593858 41.671 
20.1688 -34.7767 482.745 120.112 0.00080614 -138.26 
20.3941 -35.0373 482.79 -59.7977 9.38646e-05 41.811 
20.6218 -35.3012 482.831 -59.7079 9.38608e-05 41.884 
20.8507 -35.5663 482.873 -59.6191 0.00039386 41.959 
21.082 -35.8348 482.91 0 6.15665e-06 -17.4962 
21.3126 -36.101 482.956 120.556 0.000206143 -137.886 
21.5463 -36.372 482.997 120.642 0.000206142 -137.805 
21.7813 -36.6442 483.04 -59.2728 9.38685e-05 42.277 
22.0167 -36.9163 483.085 120.812 0.00020614 -137.638 
22.2553 -37.1932 483.124 120.895 0.000306139 -137.552 
22.4938 -37.4691 483.173 -59.0224 0.000893859 42.537 
22.7341 -37.7472 483.217 -58.9406 0.000493858 42.627 
22.977 -38.0289 483.256 121.14 0.000606142 -137.281 
23.2205 -38.3108 483.303 -58.7796 0.000693859 42.813 
23.4658 -38.595 483.346 -58.7004 0.000293859 42.909 
23.7123 -38.8805 483.391 -58.622 0.000293859 43.007 
23.9592 -39.166 483.438 121.456 0.000306143 -136.893 
24.2096 -39.4564 483.48 121.532 0.000506142 -136.792 
24.4612 -39.7481 483.524 121.608 0.00020614 -136.688 
24.7132 -40.0398 483.57 121.684 0.000606141 -136.583 
24.9665 -40.3327 483.618 121.758 0.000406141 -136.476 
25.2209 -40.6269 483.669 -58.1683 0.000193861 43.633 
25.4781 -40.9249 483.714 -58.0954 0.000193856 43.744 
25.7365 -41.2242 483.762 -58.0233 0.00079386 43.857 
25.9969 -41.5261 483.806 122.048 0.000206143 -136.029 
26.2586 -41.8293 483.851 122.119 0.00060614 -135.913 
26.5214 -42.1337 483.899 122.189 0.000506142 -135.795 
26.7855 -42.4395 483.948 -57.7421 0.000193854 44.325 
27.05 -42.7454 484 -57.6737 0.000393857 44.446 
27.3174 -43.0551 484.047 -57.6059 0.000193856 44.569 
27.586 -43.3661 484.097 -57.5388 0.000593858 44.694 
27.8567 -43.68 484.142 122.528 0.00040614 -135.179 
28.127 -43.9924 484.196 -57.4068 0.000193861 44.95 
28.4002 -44.3089 484.246 -57.3418 0.000393859 45.08 
28.6755 -44.6282 484.291 122.723 0.00070614 -134.788 
28.9504 -44.946 484.345 122.786 0.000106136 -134.655 
29.2283 -45.268 484.395 -57.1508 9.38685e-05 45.481 
29.5066 -45.59 484.447 -57.0884 9.38685e-05 45.618 
29.788 -45.9163 484.495 122.973 0.000306142 -134.243 
30.0706 -46.2438 484.545 -56.9656 9.38608e-05 45.897 
30.3536 -46.5716 484.597 -56.9052 0.000193861 46.039 
30.637 -46.8994 484.652 -56.8454 9.38569e-05 46.183 
30.9237 -47.2314 484.702 123.214 0.000306139 -133.672 
31.2116 -47.5648 484.755 -56.7275 9.38608e-05 46.476 
31.5017 -47.9012 484.804 123.331 0.000606142 -133.376 
31.7913 -48.2362 484.861 -56.6121 0.000393857 46.775 
32.0832 -48.5741 484.914 -56.5552 0.000293859 46.927 
32.3783 -48.9165 484.964 0 6.21557e-06 -9.419 
32.671 -49.2548 485.021 0 6.15665e-06 -9.2084 
32.9658 -49.5963 485.073 0 6.27393e-06 -8.9977 
33.26 -49.9369 485.127 123.665 0.00020614 -132.452 
33.5543 -50.2777 485.182 -56.2817 0.000493859 47.705 
33.8499 -50.6206 485.232 -56.2294 9.38608e-05 47.863 
34.1429 -50.9594 485.289 -56.1778 0.000493859 48.022 
34.4373 -51.3003 485.341 123.873 0.000106133 -131.818 
34.7319 -51.6415 485.394 -56.0769 9.38608e-05 48.342 
35.0257 -51.9818 485.449 -56.0276 0.000193857 48.503 
35.3219 -52.3254 485.499 -55.9789 0.000193859 48.665 
35.6146 -52.6636 485.555 0 6.15665e-06 -7.1029 
35.9095 -53.0054 485.607 124.116 0.000206143 -131.009 
36.2046 -53.3473 485.66 -55.8369 0.000393861 49.155 
36.4982 -53.6871 485.714 0 6.15665e-06 -6.4719 
36.792 -54.0272 485.77 -55.7455 0.000393859 49.484 
37.0873 -54.3696 485.82 124.299 0.000306142 -130.35 
37.3829 -54.7122 485.872 124.343 0.000106136 -130.184 
37.6747 -55.0494 485.93 0 6.15665e-06 -5.63 
37.9689 -55.3902 485.983 0 6.15665e-06 -5.4201 
38.2657 -55.7344 486.032 124.472 0.00020614 -129.682 
38.5586 -56.0733 486.088 124.514 0.00040614 -129.513 
38.854 -56.4158 486.139 124.556 0.00080614 -129.344 
39.1474 -56.7552 486.197 -55.4037 0.000693859 50.826 
39.4416 -57.0958 486.249 -55.3634 9.3853e-05 50.996 
39.7359 -57.4367 486.303 -55.3237 0.00039386 51.167 
40.0319 -57.7801 486.353 124.716 0.000406141 -128.662 
40.3251 -58.1191 486.408 124.754 0.000306142 -128.49 
40.6207 -58.4618 486.46 124.793 0.000406141 -128.318 
40.9133 -58.8002 486.517 -55.1697 0.000493858 51.855 
41.2077 -59.141 486.57 -55.1324 0.000193861 52.028 
41.5022 -59.4822 486.624 -55.0956 0.00079386 52.202 
41.7977 -59.8248 486.674 124.941 0.000706142 -127.624 
42.091 -60.164 486.729 124.977 0.000306142 -127.45 
42.3869 -60.5072 486.781 125.012 0.00010615 -127.275 
42.6788 -60.8447 486.838 0 6.21557e-06 -2.0517 
42.9735 -61.186 486.891 0 6.15665e-06 -1.842 
43.2674 -61.5264 486.945 125.116 0.000106143 -126.747 
43.5642 -61.8706 486.995 125.15 0.000406141 -126.571 
43.8577 -62.2103 487.05 -54.8165 0.000293859 53.606 
44.1532 -62.5527 487.101 125.217 0.000306139 -126.216 
44.4454 -62.8907 487.158 -54.7508 9.38608e-05 53.961 
44.7405 -63.2325 487.211 -54.7185 0.000293859 54.14 
45.0348 -63.5734 487.265 -54.6866 0.000393857 54.318 
45.3286 -63.9134 487.319 -54.655 0.000393859 54.497 
45.6243 -64.2561 487.369 125.376 0.00080614 -125.324 
45.9175 -64.5955 487.425 125.407 0.00020614 -125.144 
46.2128 -64.9377 487.476 125.438 0.00060614 -124.964 
46.5056 -65.2764 487.534 -54.5324 0.000793859 55.216 
46.7996 -65.6167 487.587 0 6.21557e-06 0.894503 
47.0937 -65.9574 487.641 -54.4731 9.3853e-05 55.578 
47.3908 -66.302 487.69 0 6.09716e-06 1.3151 
47.6836 -66.6409 487.745 125.585 0.000206143 -124.059 
47.9795 -66.9837 487.797 125.614 0.000606141 -123.877 
48.2719 -67.3219 487.853 125.642 0.00010614 -123.695 
48.5672 -67.6642 487.906 -54.3304 0.000193863 56.488 
48.8619 -68.0056 487.959 -54.3028 0.000393859 56.671 
49.156 -68.3461 488.013 -54.2755 0.000393861 56.854 
49.4494 -68.6856 488.067 -54.2484 0.000193861 57.037 
49.7458 -69.0293 488.118 125.778 0.000206138 -122.779 
50.0387 -69.3682 488.173 -54.1952 0.000293861 57.405 
50.3338 -69.7101 488.225 125.831 0.000406141 -122.411 
50.6291 -70.0523 488.278 125.857 0.000306142 -122.226 
50.9209 -70.3897 488.335 -54.1175 0.000693859 57.959 
51.2149 -70.7301 488.389 -54.0921 0.000393859 58.144 
51.5119 -71.0746 488.439 0 6.15665e-06 4.262 
51.8054 -71.4144 488.493 -54.0421 0.000393857 58.515 
52.0983 -71.7532 488.549 -54.0175 0.000593858 58.7 
52.3934 -72.0951 488.6 126.007 0.000406141 -121.113 
52.6887 -72.4373 488.653 126.031 0.000606141 -120.927 
52.9833 -72.7785 488.705 126.055 0.00100614 -120.741 
53.2753 -73.1161 488.763 -53.9214 0.000393859 59.446 
53.5724 -73.4607 488.813 126.102 0.000406141 -120.367 
53.866 -73.8005 488.867 126.125 0.00040614 -120.179 
54.1596 -74.1405 488.922 -53.8519 0.000393859 60.008 
54.4557 -74.4836 488.973 0 6.27393e-06 6.3669 
54.7481 -74.8218 489.029 -53.8066 0.000293858 60.384 
55.0427 -75.1631 489.081 126.216 0.000506143 -119.428 
55.3375 -75.5048 489.134 126.238 0.000606141 -119.24 
55.6326 -75.8467 489.187 -53.7404 9.38608e-05 60.949 
55.9262 -76.1864 489.241 126.281 0.000506142 -118.862 
56.2199 -76.5266 489.296 126.303 0.000206143 -118.673 
56.5139 -76.8669 489.35 -53.676 0.000793858 61.516 
56.8094 -77.2092 489.402 126.345 0.000506141 -118.295 
57.1019 -77.5477 489.458 0 6.03709e-06 8.2609 
57.3978 -77.8906 489.51 -53.6134 0.000293859 62.085 
57.693 -78.2326 489.562 -53.5929 0.000293861 62.275 
57.9875 -78.5736 489.615 -53.5726 9.38608e-05 62.465 
58.2813 -78.9138 489.669 126.448 0.00040614 -117.345 
58.5753 -79.2543 489.723 126.467 0.00010614 -117.154 
58.8686 -79.5938 489.777 126.487 0.000106143 -116.963 
59.1653 -79.9378 489.828 126.507 0.000406142 -116.772 
59.4582 -80.2766 489.884 -53.4739 9.38646e-05 63.419 
59.7535 -80.6188 489.935 126.545 0.000706142 -116.39 
60.0458 -80.957 489.992 -53.4357 0.000193857 63.801 
60.3406 -81.2985 490.044 126.583 0.00010614 -116.007 
60.6356 -81.6403 490.098 -53.3981 0.000293858 64.185 
60.93 -81.9811 490.151 -53.3795 0.000293859 64.377 
61.2236 -82.3211 490.205 -53.3612 0.000193861 64.569 
61.5174 -82.6613 490.26 -53.343 0.000693859 64.761 
61.8137 -83.0047 490.311 126.675 0.000106143 -115.047 
62.1062 -83.3431 490.366 126.693 0.000206138 -114.854 
62.4021 -83.6859 490.417 126.711 0.00050614 -114.661 
62.6949 -84.0247 490.474 -53.2716 0.000793858 65.531 
62.9893 -84.3658 490.526 126.746 0.000106143 -114.275 
63.2848 -84.7082 490.579 -53.2369 0.00059386 65.918 
63.5788 -85.0485 490.632 0 6.03709e-06 12.8913 
63.873 -85.3892 490.686 -53.2027 9.38608e-05 66.304 
64.1663 -85.7289 490.74 126.814 0.000106146 -113.502 
64.4633 -86.0731 490.791 126.831 0.00070614 -113.308 
64.7561 -86.4122 490.846 126.847 0.00050614 -113.114 
65.0493 -86.7514 490.901 -53.1361 0.000293857 67.08 
65.345 -87.094 490.953 126.88 0.000206142 -112.726 
65.6409 -87.4369 491.005 126.896 0.00010614 -112.532 
65.9327 -87.7746 491.061 -53.0876 0.00069386 67.663 
66.2272 -88.1156 491.114 -53.0717 0.000193857 67.857 
66.5219 -88.4569 491.168 -53.0559 0.000293858 68.052 
66.8159 -88.7972 491.221 -53.0402 9.38685e-05 68.247 
67.11 -89.1379 491.275 -53.0247 0.000493859 68.442 
67.4067 -89.4819 491.326 126.991 0.000406141 -111.363 
67.7003 -89.8218 491.381 -52.994 0.000293861 68.832 
67.9933 -90.1607 491.436 -52.9788 0.000693858 69.027 
68.2887 -90.5032 491.487 127.036 0.000306144 -110.777 
68.5844 -90.8459 491.539 127.051 0.000706142 -110.582 
68.8771 -91.1843 491.595 -52.934 0.000593858 69.614 
69.1721 -91.5263 491.648 -52.9194 0.000493861 69.81 
69.4666 -91.8673 491.701 0 6.03709e-06 17.1002 
69.7613 -92.2086 491.754 -52.8903 9.38608e-05 70.201 
70.0552 -92.5489 491.808 127.124 0.000106146 -109.602 
70.3494 -92.8894 491.862 -52.8617 0.000193857 70.594 
70.6427 -93.2291 491.916 -52.8476 0.000193857 70.79 
70.9396 -93.5734 491.967 127.166 0.00020614 -109.013 
71.2324 -93.9123 492.022 0 6.15665e-06 18.3633 
71.5256 -94.2513 492.077 -52.8058 0.000793859 71.38 
71.8212 -94.5939 492.129 -52.7921 0.000193861 71.577 
72.1162 -94.9356 492.181 127.222 0.000806141 -108.227 
72.4088 -95.2742 492.237 -52.765 0.000793858 71.97 
72.7032 -95.6151 492.29 0 6.03709e-06 19.4154 
72.9978 -95.9563 492.343 127.262 0.000206142 -107.635 
73.2926 -96.2977 492.397 -52.7251 9.38646e-05 72.562 
73.5866 -96.6382 492.45 0 6.09716e-06 20.047 
73.8807 -96.9788 492.504 -52.699 0.000593858 72.957 
74.1776 -97.3231 492.555 127.314 0.00040614 -106.846 
74.4712 -97.663 492.61 -52.6733 0.000293858 73.352 
74.7641 -98.002 492.664 -52.6606 0.000493859 73.55 
75.0596 -98.3446 492.716 127.352 0.000706139 -106.252 
75.353 -98.6839 492.771 -52.6354 0.00069386 73.945 
75.6479 -99.0257 492.824 127.377 0.00040614 -105.856 
75.9432 -99.3677 492.876 127.389 0.000906141 -105.658 
76.2352 -99.7053 492.932 -52.5983 9.38608e-05 74.54 
76.5297 -100.047 492.985 127.414 0.000306142 -105.262 
76.8245 -100.388 493.038 127.426 0.000206142 -105.064 
77.1194 -100.73 493.092 -52.5621 0.000493861 75.135 
77.4128 -101.069 493.145 127.45 0.000306142 -104.667 
77.7071 -101.41 493.199 -52.5383 0.000493859 75.532 
78.0043 -101.755 493.25 127.474 0.00020614 -104.269 
78.2971 -102.094 493.305 127.485 0.00040614 -104.07 
78.5901 -102.433 493.359 127.497 0.000106136 -103.871 
