-22.9734 138.092 475.907 99.4454 9.38608e-05 -100.314 
-22.9726 138.09 475.906 -80.5548 0.00050614 79.6859 
-22.9702 138.083 475.908 99.4447 0.000193857 -100.315 
-22.9673 138.075 475.909 99.4441 9.3853e-05 -100.316 
-22.9634 138.065 475.909 -80.5568 0.000706142 79.6831 
-22.9586 138.051 475.912 99.4422 0.00069386 -100.318 
-22.9531 138.034 475.914 99.4411 0.000493859 -100.32 
-22.9468 138.017 475.916 99.4397 0.000393859 -100.322 
-22.94 137.998 475.917 -80.5618 0.000306144 79.6755 
-22.9325 137.98 475.917 -80.5636 0.000806141 79.673 
-22.9238 137.956 475.92 0 6.03709e-06 -0.895403 
-22.9141 137.929 475.923 -80.5676 0.00100614 79.667 
-22.9033 137.898 475.927 99.4301 0.000393859 -100.336 
-22.8919 137.865 475.931 99.4277 0.000993859 -100.34 
-22.8806 137.837 475.932 -80.575 0.00020614 79.6561 
-22.8668 137.796 475.938 -80.5778 0.000106143 79.652 
-22.8535 137.761 475.94 -80.5808 0.00070614 79.6475 
-22.8388 137.72 475.945 0 6.15665e-06 -0.941203 
-22.8234 137.677 475.949 -80.5874 0.000106136 79.6378 
-22.8077 137.635 475.953 99.4091 9.38608e-05 -100.367 
-22.7902 137.585 475.959 99.4053 0.00059386 -100.373 
-22.7721 137.534 475.965 99.4014 0.000293857 -100.379 
-22.7536 137.483 475.969 99.3973 0.000293859 -100.385 
-22.7343 137.431 475.974 -80.607 0.00040614 79.609 
-22.7136 137.373 475.98 99.3885 0.000193859 -100.398 
-22.6922 137.314 475.987 0 6.15665e-06 -1.0206 
-22.6704 137.254 475.992 99.3789 9.38569e-05 -100.412 
-22.6471 137.188 476 99.3739 0.000493858 -100.419 
-22.624 137.127 476.004 99.3686 0.000193857 -100.427 
-22.5996 137.059 476.011 99.3632 9.38608e-05 -100.434 
-22.5732 136.984 476.021 99.3575 0.000293858 -100.443 
-22.5475 136.915 476.026 -80.6483 0.00020614 79.5491 
-22.5203 136.839 476.035 -80.6543 0.000406141 79.5405 
-22.4925 136.762 476.042 -80.6605 0.000306142 79.5316 
-22.4643 136.686 476.049 0 6.15665e-06 -1.1445 
-22.4342 136.601 476.058 -80.6735 0.000406141 79.5129 
-22.4038 136.518 476.067 99.3197 0.000493859 -100.497 
-22.3728 136.432 476.076 -80.6872 0.000306141 79.4933 
-22.3402 136.34 476.086 99.3056 0.000193857 -100.517 
-22.308 136.254 476.093 0 6.09716e-06 -1.2292 
-22.2744 136.16 476.103 0 6.15665e-06 -1.2474 
-22.239 136.06 476.115 99.2829 0.000393857 -100.549 
-22.204 135.965 476.123 0 6.27393e-06 -1.2854 
-22.1677 135.864 476.134 0 6.15665e-06 -1.3049 
-22.1307 135.762 476.144 99.2584 0.000193859 -100.584 
-22.093 135.659 476.154 -80.7502 0.000306141 79.4046 
-22.0541 135.55 476.166 99.2411 0.000593858 -100.608 
-22.0144 135.44 476.178 99.2321 0.000693859 -100.62 
-21.974 135.329 476.189 99.2229 9.38608e-05 -100.633 
-21.9333 135.217 476.199 -80.7864 0.000106136 79.3542 
-21.8909 135.098 476.212 -80.796 0.000106136 79.341 
-21.848 134.98 476.224 99.1942 0.000193859 -100.673 
-21.8044 134.86 476.235 -80.8158 0.00010614 79.3138 
-21.7604 134.74 476.246 -80.826 0.000106143 79.2999 
-21.7146 134.613 476.26 99.1635 9.38608e-05 -100.714 
-21.6683 134.485 476.273 -80.8471 0.000306144 79.2713 
-21.6217 134.356 476.285 -80.8579 0.000406141 79.2566 
-21.5732 134.221 476.301 -80.869 0.000206142 79.2418 
-21.5243 134.086 476.315 99.1197 0.000293858 -100.773 
-21.4748 133.949 476.329 99.1082 0.000193865 -100.789 
-21.4246 133.811 476.342 -80.9035 0.000606142 79.1957 
-21.3731 133.667 476.357 -80.9154 0.000106143 79.1798 
-21.321 133.523 476.373 99.0724 0.000693859 -100.836 
-21.2682 133.377 476.387 -80.9399 0.000106136 79.1475 
-21.215 133.232 476.401 99.0475 0.000293859 -100.869 
-21.1601 133.078 476.417 99.0347 0.000193861 -100.886 
-21.1045 132.925 476.433 99.0216 0.000293861 -100.903 
-21.0484 132.77 476.448 -80.9917 0.000206136 79.0801 
-20.9918 132.615 476.463 -81.0052 0.000406141 79.0627 
-20.9337 132.453 476.48 -81.0189 0.000206142 79.045 
-20.875 132.291 476.497 98.9671 0.000293858 -100.973 
-20.8156 132.128 476.513 98.9529 0.000193863 -100.991 
-20.7548 131.957 476.532 98.9385 0.000393859 -101.009 
-20.6943 131.793 476.546 0 5.97642e-06 -2.1039 
-20.6323 131.621 476.564 -81.0911 0.00010614 78.9536 
-20.5686 131.443 476.584 98.8937 0.000193859 -101.065 
-20.5053 131.27 476.6 -81.1217 0.000206142 78.9156 
-20.4407 131.09 476.619 -81.1373 0.00020614 78.8962 
-20.3754 130.91 476.637 98.8468 0.000193857 -101.123 
-20.3096 130.728 476.655 -81.1693 0.000106143 78.8569 
-20.242 130.54 476.675 0 6.09716e-06 -2.3487 
-20.1739 130.352 476.695 98.7976 0.000493861 -101.183 
-20.1053 130.162 476.714 98.7807 0.000393859 -101.204 
-20.0361 129.971 476.732 -81.2364 0.00040614 78.776 
-19.9654 129.775 476.754 98.7462 0.000193861 -101.245 
-19.8948 129.582 476.771 -81.2715 0.000806141 78.7343 
-19.8229 129.384 476.791 -81.2895 0.000406142 78.7132 
-19.7495 129.18 476.813 98.6923 0.000393859 -101.308 
-19.6764 128.979 476.832 -81.3261 0.000406139 78.6705 
-19.6017 128.773 476.853 98.6551 0.000193859 -101.351 
-19.5263 128.564 476.874 -81.3639 0.00080614 78.627 
-19.4497 128.351 476.898 98.6168 0.000593858 -101.395 
-19.3732 128.14 476.917 -81.4027 0.000606141 78.5828 
-19.2951 127.924 476.94 -81.4226 0.000406141 78.5604 
-19.2166 127.707 476.961 -81.4427 0.00080614 78.5379 
-19.1366 127.485 476.986 98.5369 0.000293857 -101.485 
-19.0568 127.266 477.006 -81.4838 0.000306139 78.4923 
-18.9755 127.041 477.03 -81.5048 0.000406141 78.4693 
-18.8936 126.815 477.052 0 6.15665e-06 -3.08 
-18.8102 126.583 477.078 98.4523 0.00069386 -101.577 
-18.727 126.355 477.099 -81.5696 0.00010614 78.3993 
-18.6424 126.12 477.123 -81.5917 0.000406141 78.3757 
-18.5572 125.885 477.147 -81.6142 0.000306141 78.3519 
-18.4704 125.643 477.173 98.363 0.000193861 -101.672 
-18.3838 125.405 477.195 -81.6601 0.00080614 78.3039 
-18.296 125.162 477.221 -81.6835 0.000306143 78.2797 
-18.2072 124.918 477.245 -81.7073 0.000406141 78.2554 
-18.1173 124.666 477.273 0 6.27393e-06 -3.5004 
-18.0274 124.42 477.296 -81.7557 0.00010615 78.2063 
-17.9362 124.168 477.322 98.2196 0.000193861 -101.818 
-17.8443 123.914 477.348 0 6.09716e-06 -3.6486 
-17.7516 123.658 477.373 -81.8308 0.00070614 78.1318 
-17.6576 123.397 477.4 98.1435 9.38569e-05 -101.893 
-17.5629 123.135 477.428 98.1174 0.000393858 -101.919 
-17.4675 122.872 477.454 98.091 0.000193861 -101.944 
-17.3716 122.607 477.48 -81.9357 0.000506142 78.0309 
-17.2743 122.337 477.509 98.0372 0.000293859 -101.995 
-17.1772 122.07 477.534 -81.9902 0.000406141 77.9798 
-17.0783 121.797 477.562 -82.0181 0.00050614 77.9541 
-16.9783 121.518 477.592 -82.0462 0.00020614 77.9284 
-16.8783 121.243 477.619 -82.0748 0.000306141 77.9025 
-16.777 120.962 477.648 97.8963 0.000193863 -102.123 
-16.6749 120.68 477.677 97.867 9.38569e-05 -102.149 
-16.5721 120.396 477.705 -82.1627 0.000306139 77.8246 
-16.4688 120.113 477.733 -82.1928 0.000306139 77.7984 
-16.3642 119.822 477.763 97.7768 0.000393859 -102.228 
-16.2587 119.531 477.794 97.7459 0.000493859 -102.254 
-16.1527 119.237 477.823 97.7147 0.000293857 -102.28 
-16.0458 118.943 477.852 -82.317 0.00040614 77.6934 
-15.9375 118.642 477.884 -82.3491 0.000506141 77.667 
-15.8287 118.341 477.915 0 6.15665e-06 -4.741 
-15.7193 118.039 477.946 97.5855 9.38646e-05 -102.386 
-15.6092 117.735 477.976 -82.4478 0.00020614 77.5877 
-15.4976 117.424 478.009 97.5184 9.38569e-05 -102.439 
-15.3862 117.12 478.038 0 6.09716e-06 -4.9811 
-15.2733 116.806 478.07 -82.5504 0.000506139 77.5082 
-15.1598 116.493 478.101 -82.5855 0.000306142 77.4817 
-15.0449 116.174 478.136 97.3789 0.00039386 -102.545 
-14.93 115.858 478.166 -82.6571 0.00020614 77.4287 
-14.8136 115.536 478.199 -82.6936 0.000106143 77.4022 
-14.6967 115.212 478.232 -82.7305 0.000406143 77.3757 
-14.5791 114.889 478.264 0 6.03709e-06 -5.4187 
-14.46 114.558 478.299 0 6.03709e-06 -5.483 
-14.3404 114.226 478.334 97.1557 0.00069386 -102.704 
-14.2206 113.897 478.364 -82.8832 0.000906141 77.2702 
-14.0989 113.558 478.402 97.0774 9.3853e-05 -102.756 
-13.977 113.223 478.435 -82.9626 0.000106143 77.2178 
-13.854 112.881 478.471 96.997 0.000293858 -102.808 
-13.7308 112.543 478.503 -83.044 0.000506142 77.1656 
-13.6063 112.198 478.538 -83.0855 0.000606141 77.1396 
-13.4811 111.854 478.572 0 6.15665e-06 -6.0138 
-13.3546 111.502 478.61 96.8298 0.000293859 -102.912 
-13.2279 111.153 478.643 -83.2134 0.000606141 77.0623 
-13.1001 110.8 478.68 96.7429 0.000193857 -102.963 
-12.9714 110.444 478.716 -83.3014 0.00020614 77.0114 
-12.8421 110.087 478.752 96.6537 9.38646e-05 -103.014 
-12.7113 109.723 478.791 96.6082 0.000193854 -103.039 
-12.5805 109.363 478.825 -83.4379 0.000906141 76.9359 
-12.4485 108.998 478.863 -83.4846 0.000206142 76.9111 
-12.3158 108.632 478.9 96.4681 0.000293857 -103.114 
-12.1821 108.263 478.937 -83.5799 0.00040614 76.8619 
-12.0473 107.889 478.977 96.3715 0.000693858 -103.162 
-11.9123 107.517 479.013 -83.6777 0.000406141 76.8135 
-11.776 107.139 479.052 -83.7276 0.000606141 76.7896 
-11.639 106.761 479.09 0 6.27393e-06 -7.0123 
-11.5014 106.38 479.129 -83.8294 0.000606141 76.7425 
-11.3624 105.995 479.17 96.1186 0.00069386 -103.281 
-11.2232 105.612 479.207 -83.934 0.000106143 76.6963 
-11.0827 105.222 479.248 0 6.09716e-06 -7.3138 
-10.9414 104.831 479.288 0 6.03709e-06 -7.3903 
-10.7996 104.439 479.327 -84.0963 0.000106136 76.6291 
-10.6569 104.046 479.366 -84.1519 0.000406141 76.6072 
-10.513 103.646 479.409 95.7918 0.000293861 -103.414 
-10.3689 103.251 479.447 0 6.09716e-06 -7.7008 
-10.2234 102.847 479.488 -84.3232 0.00040614 76.5437 
-10.0774 102.444 479.529 95.6181 9.3853e-05 -103.477 
-9.93045 102.038 479.57 -84.4414 0.000406141 76.503 
-9.78219 101.625 479.614 95.4982 9.38569e-05 -103.517 
-9.63377 101.217 479.654 -84.563 0.00050614 76.4638 
-9.48425 100.802 479.698 0 6.15665e-06 -8.1801 
-9.33395 100.386 479.74 95.3121 0.000493858 -103.574 
-9.18276 99.9679 479.783 -84.7517 0.000106143 76.4082 
-9.03081 99.5495 479.825 95.1835 0.000493859 -103.61 
-8.8782 99.1285 479.867 0 6.09716e-06 -8.5087 
-8.7243 98.7014 479.912 95.0513 0.000593858 -103.643 
-8.5702 98.2779 479.953 94.9838 0.000293861 -103.66 
-8.41476 97.8469 479.997 94.9153 9.38608e-05 -103.675 
-8.25856 97.4147 480.042 -85.1542 0.000106146 76.3096 
-8.10164 96.9813 480.085 -85.2247 0.000106143 76.295 
-7.94403 96.5467 480.128 0 6.03709e-06 -9.0152 
-7.78506 96.1045 480.176 94.6312 0.000193861 -103.732 
-7.62586 95.6661 480.218 -85.4424 0.00050614 76.2548 
-7.46534 95.2216 480.265 0 6.15665e-06 -9.2745 
-7.30426 94.7759 480.311 94.407 0.000693858 -103.769 
-7.14257 94.3325 480.352 -85.67 0.00050614 76.2203 
-6.97948 93.8782 480.402 94.2519 0.00059386 -103.79 
-6.81586 93.4261 480.447 -85.8274 0.000206143 76.2008 
-6.65175 92.9743 480.492 94.0922 0.000293859 -103.808 
-6.48605 92.5136 480.541 0 6.15665e-06 -9.8053 
-6.32027 92.058 480.585 -86.0725 0.000106146 76.1772 
-6.15358 91.595 480.633 -86.1565 0.00020614 76.1709 
-5.98718 91.1372 480.678 -86.2414 0.000506142 76.1655 
-5.82046 90.675 480.728 93.6728 0.000893859 -103.839 
-5.65402 90.2149 480.773 0 6.09716e-06 -10.2564 
-5.48746 89.7552 480.819 -86.5014 0.00020614 76.1547 
-5.3211 89.2959 480.866 93.4102 0.000393858 -103.847 
-5.15434 88.834 480.913 -86.6793 0.000306137 76.152 
-4.98782 88.3725 480.961 -86.7696 0.000206142 76.1521 
-4.82153 87.916 481.004 -86.8609 0.000406142 76.1532 
-4.65489 87.4538 481.053 93.0468 9.38569e-05 -103.845 
-4.48842 86.9951 481.098 -87.0465 0.000606142 76.1582 
-4.32175 86.5321 481.148 92.8592 0.000393858 -103.838 
-4.15529 86.0727 481.194 92.7639 0.000193857 -103.833 
-3.98869 85.6121 481.24 -87.3325 0.00020614 76.1734 
-3.8222 85.1519 481.287 92.5701 9.38646e-05 -103.82 
-3.65561 84.6907 481.335 92.4716 0.000193861 -103.811 
-3.48898 84.2283 481.383 0 6.21557e-06 -11.43 
-3.32255 83.7709 481.427 -87.7287 0.000406141 76.2085 
-3.15595 83.3078 481.476 0 6.15665e-06 -11.6105 
-2.98945 82.8496 481.522 92.0665 9.38608e-05 -103.767 
-2.823 82.3902 481.567 0 6.27393e-06 -11.791 
-2.65648 81.9298 481.614 -88.1429 0.000306139 76.2616 
-2.48984 81.4698 481.661 91.7505 0.000193859 -103.722 
-2.32333 81.0086 481.709 91.6428 0.000493859 -103.705 
-2.15673 80.5463 481.757 91.5338 0.000493859 -103.686 
-1.99034 80.0889 481.801 91.4236 0.000293858 -103.666 
-1.82375 79.6303 481.846 -88.688 0.000106143 76.3553 
-1.65719 79.1661 481.897 91.1992 0.000293861 -103.622 
-1.49063 78.7068 481.943 91.085 0.00049386 -103.598 
-1.32413 78.2463 481.99 90.9695 0.000493859 -103.573 
-1.15757 77.7847 482.037 90.8526 0.000293859 -103.546 
-0.991081 77.3278 482.08 -89.2657 0.000106143 76.4817 
-0.824549 76.8654 482.13 90.6146 0.000193857 -103.489 
-0.657983 76.4062 482.174 -89.5066 0.00060614 76.542 
-0.491484 75.9431 482.225 90.3708 0.000393859 -103.426 
-0.324878 75.4832 482.271 90.2466 9.38646e-05 -103.392 
-0.158306 75.0235 482.318 90.1209 0.000693859 -103.356 
0.00820044 74.5613 482.365 89.9937 9.38569e-05 -103.319 
0.174738 74.105 482.409 89.8649 0.000193859 -103.281 
0.34125 73.642 482.458 89.7345 0.000193857 -103.241 
0.507734 73.1835 482.502 0 6.27393e-06 -13.5965 
0.674384 72.7238 482.548 -90.5313 0.000406141 76.8445 
0.840916 72.2644 482.594 -90.6667 0.000106146 76.8896 
1.00738 71.8024 482.642 -90.8038 0.00090614 76.9365 
1.17392 71.3421 482.69 89.0573 9.3853e-05 -103.015 
1.34041 70.8793 482.739 -91.0834 0.00010614 77.0356 
1.50695 70.4208 482.783 -91.2259 0.00050614 77.0878 
1.67356 69.9626 482.828 -91.3703 0.000106136 77.1419 
1.84001 69.4977 482.88 88.4834 9.38608e-05 -102.802 
2.00653 69.0372 482.927 88.3352 9.3853e-05 -102.744 
2.17321 68.5809 482.969 -91.815 0.000106143 77.3158 
2.33974 68.1194 483.018 88.0328 0.000493859 -102.622 
2.50631 67.6606 483.062 -92.1214 0.000106136 77.4416 
2.67271 67.1968 483.113 0 6.15665e-06 -14.7701 
2.83924 66.7371 483.159 0 6.15665e-06 -14.8603 
3.00576 66.2762 483.206 -92.5967 0.00020614 77.6461 
3.17228 65.8155 483.254 87.2405 0.000293859 -102.281 
3.339 65.3574 483.297 -92.9246 0.000306139 77.7934 
3.50543 64.8957 483.347 86.9081 0.000793858 -102.13 
3.67198 64.4351 483.392 -93.2616 0.000306144 77.9499 
3.83854 63.9762 483.439 86.5664 0.000393858 -101.968 
4.00501 63.5146 483.486 -93.6081 0.00020614 78.1159 
4.17151 63.0531 483.534 0 6.21557e-06 -15.5825 
4.33825 62.5955 483.578 0 6.15665e-06 -15.6728 
4.50454 62.133 483.629 85.8534 0.000693859 -101.616 
4.67108 61.6728 483.674 85.6687 0.000193861 -101.522 
4.83765 61.2127 483.721 85.4813 0.000393861 -101.425 
5.00417 60.7513 483.769 85.2911 0.000393857 -101.325 
5.1709 60.2937 483.812 85.0982 9.38569e-05 -101.222 
5.33726 59.8311 483.862 84.9024 0.000493858 -101.117 
5.50379 59.3707 483.908 -95.2963 0.000306142 78.9916 
5.67049 58.9119 483.954 84.502 0.000493861 -100.897 
5.83688 58.4502 484.002 84.2973 9.3853e-05 -100.783 
6.00363 57.992 484.045 -95.9105 0.000606141 79.335 
6.17006 57.5304 484.095 83.8785 0.000393862 -100.544 
6.33667 57.0708 484.14 0 6.21557e-06 -16.7561 
6.50312 56.6098 484.186 -96.5532 0.000606141 79.7068 
6.66976 56.1502 484.234 83.2259 0.000393857 -100.163 
6.836 55.6876 484.283 0 6.15665e-06 -17.0269 
7.00282 55.2299 484.327 82.7738 0.000293859 -99.8909 
7.16936 54.7691 484.372 -97.4577 0.00080614 80.2503 
7.33602 54.3097 484.419 -97.6928 0.00020614 80.3951 
7.5025 53.8488 484.467 0 6.09716e-06 -17.388 
7.66873 53.3862 484.516 -98.1744 0.000306142 80.6961 
7.83559 52.9283 484.56 81.579 9.38608e-05 -99.1475 
8.00222 52.4687 484.606 0 6.03709e-06 -17.6588 
8.1686 52.0074 484.653 -98.9263 0.000606141 81.1773 
8.33505 51.5459 484.701 -99.1853 0.000606141 81.3459 
8.50128 51.0842 484.751 0 6.03709e-06 -17.9296 
8.6681 50.6254 484.795 0 6.15665e-06 -18.0199 
8.83457 50.1648 484.842 -99.988 0.000506141 81.8779 
9.001 49.7038 484.889 -100.265 0.00050614 82.0642 
9.16738 49.2426 484.938 0 6.15665e-06 -18.2907 
9.33428 48.7839 484.982 -100.832 0.000106143 82.451 
9.50103 48.3249 485.028 78.8771 0.000193861 -97.3483 
9.66749 47.8639 485.075 -101.419 0.00010614 82.8574 
9.83376 47.4025 485.123 0 6.27393e-06 -18.6517 
10.0006 46.9435 485.167 -102.026 0.00060614 83.2842 
10.1667 46.481 485.218 77.6621 0.000193857 -96.4944 
10.3333 46.0209 485.265 77.345 0.000193859 -96.2676 
10.4997 45.5601 485.313 77.0223 0.00059386 -96.0352 
10.6667 45.1015 485.356 76.6938 9.38608e-05 -95.797 
10.8335 44.6422 485.401 0 6.09716e-06 -19.1935 
11 44.1822 485.447 0 6.15665e-06 -19.2836 
11.1665 43.7213 485.495 75.6728 9.38608e-05 -95.0468 
11.3327 43.2596 485.545 75.3201 0.000393859 -94.7844 
11.4994 42.7998 485.59 -105.039 0.000206136 85.4845 
11.6658 42.339 485.636 -105.405 0.00070614 85.7599 
11.8323 41.8787 485.684 -105.777 0.00020614 86.042 
11.9986 41.4174 485.733 73.8437 0.000393861 -93.669 
12.1653 40.9576 485.778 -106.543 0.000106136 86.627 
12.3321 40.4981 485.824 73.0639 0.000293859 -93.0698 
12.4986 40.0374 485.872 72.6631 0.000593858 -92.7593 
12.6654 39.578 485.915 -107.745 0.000306142 87.5588 
12.8315 39.1163 485.967 71.8387 0.000693858 -92.1154 
12.9979 38.6556 486.013 71.4148 0.000393859 -91.7818 
13.1644 38.195 486.062 70.9829 0.000793858 -91.4401 
13.3311 37.7353 486.105 -109.457 0.00010614 88.9098 
13.4979 37.2754 486.15 -109.906 0.000406141 89.2681 
13.6645 36.8154 486.197 -110.363 0.000106136 89.635 
13.8305 36.3537 486.246 -110.829 0.000306139 90.0107 
13.9978 35.8952 486.29 0 6.15665e-06 -20.9087 
14.1636 35.4327 486.343 68.2119 0.000693859 -89.2108 
14.3308 34.9742 486.383 -112.282 0.00020614 91.1924 
14.497 34.5129 486.433 67.2154 9.38608e-05 -88.3949 
14.6638 34.0531 486.477 -113.297 0.000306142 92.0277 
14.8302 33.5926 486.524 -113.82 0.000506142 92.4602 
14.9969 33.1326 486.572 65.6469 0.000293859 -87.0972 
15.1626 32.6704 486.623 65.1036 0.000193857 -86.6441 
15.3293 32.2105 486.668 64.5497 9.38608e-05 -86.1805 
15.4956 31.7496 486.716 -116.015 0.000106136 94.294 
15.6629 31.2908 486.758 -116.591 0.000506139 94.7794 
15.8286 30.8287 486.809 -117.178 0.00010614 95.276 
15.9952 30.3686 486.856 -117.776 0.000106143 95.784 
16.1618 29.9083 486.904 61.6142 0.000593858 -83.6964 
16.3285 29.4483 486.948 -119.008 0.00020614 96.8351 
16.4958 28.9892 486.994 60.3588 0.000393859 -82.6215 
16.662 28.5284 487.041 59.7129 0.000293859 -82.0659 
16.828 28.067 487.091 59.0546 0.000493859 -81.4979 
16.9945 27.6067 487.136 -121.616 0.00010614 99.0827 
17.1613 27.1469 487.183 57.7003 0.000293858 -80.324 
17.3287 26.6877 487.225 -122.996 0.000206143 100.282 
17.4943 26.2259 487.276 56.2943 9.3853e-05 -79.099 
17.661 25.7659 487.323 55.5716 0.000193859 -78.466 
17.8269 25.3046 487.371 0 6.09716e-06 -22.9844 
17.9938 24.8448 487.415 -125.914 0.000606141 102.839 
18.1605 24.3846 487.461 -126.677 0.000806141 103.512 
18.3269 23.9241 487.508 -127.454 0.000506141 104.198 
18.4929 23.4631 487.559 0 6.15665e-06 -23.3461 
18.6605 23.004 487.604 50.9516 0.00059386 -74.388 
18.8265 22.543 487.652 50.1335 0.000293857 -73.66 
18.9939 22.0837 487.694 -130.698 0.000106143 107.082 
19.1593 21.622 487.746 48.4558 0.000393861 -72.163 
19.327 21.163 487.786 -132.404 0.000506141 108.606 
19.4935 20.7025 487.836 46.7229 0.000293859 -70.61 
19.6599 20.242 487.88 -134.164 0.00050614 110.186 
19.827 19.7822 487.927 44.9353 9.3853e-05 -69.003 
19.9926 19.3209 487.976 -135.979 0.000106136 111.82 
20.1598 18.8612 488.021 -136.906 0.000206138 112.657 
20.3263 18.4008 488.068 -137.846 0.000206142 113.507 
20.492 17.9397 488.117 -138.8 0.000406141 114.37 
20.659 17.4797 488.161 -139.765 0.000706141 115.246 
20.8247 17.0187 488.215 39.2569 0.000593858 -63.867 
20.9917 16.5587 488.256 -141.733 0.000506141 117.033 
21.1583 16.0984 488.307 37.2659 0.00089386 -62.056 
21.3246 15.6379 488.354 36.2535 0.00059386 -61.134 
21.4917 15.1779 488.396 -144.769 0.000406141 119.799 
21.6581 14.7174 488.447 34.1975 0.00069386 -59.259 
21.8237 14.2565 488.493 -146.845 0.000106143 121.694 
21.9911 13.7967 488.535 -147.897 0.000906141 122.655 
22.1574 13.3362 488.586 31.0431 0.000193857 -56.375 
22.3239 12.8758 488.633 29.9752 9.3853e-05 -55.397 
22.4905 12.4155 488.682 28.9001 0.000793859 -54.413 
22.6572 11.9552 488.726 27.8187 9.38608e-05 -53.421 
22.8237 11.4949 488.772 0 6.03709e-06 -25.6935 
22.9901 11.0344 488.821 25.6394 0.000493859 -51.423 
23.1563 10.5739 488.866 -155.457 0.00050614 129.583 
23.3235 10.1139 488.912 0 6.09716e-06 -25.9638 
23.489 9.65308 488.961 0 6.09716e-06 -26.0542 
23.6569 9.19324 489.006 21.2365 0.000293861 -47.381 
23.823 8.73274 489.053 0 6.27393e-06 -26.2347 
23.9886 8.27208 489.102 19.0259 9.38608e-05 -45.351 
24.1553 7.81176 489.147 -162.079 0.000506142 135.664 
24.3228 7.35174 489.194 16.8178 0.000293858 -43.323 
24.4886 6.89112 489.243 15.7167 0.000493858 -42.313 
24.6553 6.43086 489.288 14.6188 9.3853e-05 -41.305 
24.8216 5.97046 489.335 13.5247 9.3853e-05 -40.301 
24.9891 5.5103 489.378 -167.565 0.000406141 140.698 
25.1547 5.04975 489.43 11.3511 0.000493859 -38.308 
25.3217 4.5895 489.471 -169.727 0.00100614 142.68 
25.4884 4.12916 489.521 9.20205 9.38569e-05 -36.339 
25.6551 3.66883 489.566 -171.862 0.000206143 144.634 
25.8218 3.20848 489.614 7.08296 0.000193859 -34.401 
25.9872 2.74799 489.664 6.03626 0.000393859 -33.444 
26.1542 2.28769 489.71 4.99889 0.000393858 -32.497 
26.3201 1.82729 489.758 3.97143 0.000393859 -31.56 
26.488 1.36702 489.801 2.95436 0.00039386 -30.633 
26.6536 0.90662 489.847 -178.052 0.000606141 150.283 
26.8198 0.446266 489.896 -179.047 0.000306141 151.187 
26.987 -0.0140783 489.939 179.97 0.00080614 152.08 
27.1537 -0.474434 489.986 178.999 0.000806142 152.961 
27.32 -0.934787 490.034 178.04 0.000406141 153.829 
27.4861 -1.39512 490.086 -2.90568 0.00059386 -25.315 
27.6523 -1.85544 490.132 -3.83874 0.000293859 -24.472 
27.8203 -2.31591 490.174 175.241 0.000206142 156.357 
27.9853 -2.77612 490.225 -5.66516 0.000193861 -22.826 
28.1525 -3.23654 490.272 -6.55819 0.000593859 -22.024 
28.3205 -3.69708 490.314 -7.43758 0.000193861 -21.234 
28.4845 -4.15708 490.366 0 6.21557e-06 -28.7622 
28.6511 -4.61743 490.413 -9.1551 9.38608e-05 -19.698 
28.8191 -5.07802 490.455 170.007 0.000306141 161.05 
28.9868 -5.5386 490.5 169.183 0.00010614 161.784 
29.1529 -5.99887 490.547 168.372 0.000306139 162.504 
29.319 -6.45919 490.597 -12.4242 0.000393859 -16.79 
29.4857 -6.91956 490.642 166.793 0.000106143 163.903 
29.6513 -7.37971 490.69 166.024 0.000506142 164.582 
29.8173 -7.8399 490.739 -14.7314 9.38569e-05 -14.753 
29.9844 -8.30043 490.785 0 6.15665e-06 -29.5744 
30.1509 -8.76072 490.832 -16.2019 0.000193859 -13.463 
30.3187 -9.22146 490.875 163.083 0.000206143 167.162 
30.4827 -9.68105 490.928 0 6.21557e-06 -29.8454 
30.6519 -10.1422 490.968 161.691 0.00020614 168.373 
30.8175 -10.6023 491.018 -18.985 0.000193861 -11.041 
30.9837 -11.0625 491.064 160.351 0.000406141 169.532 
31.15 -11.5228 491.112 159.7 0.000206138 170.093 
31.3186 -11.984 491.155 0 6.21557e-06 -30.2972 
31.4828 -12.4434 491.207 -21.5661 0.000293859 -8.821 
31.6494 -12.9038 491.255 -22.1812 0.000693858 -8.296 
31.816 -13.3642 491.298 157.215 0.000506141 172.217 
31.9833 -13.8248 491.344 156.624 0.000406141 172.718 
32.15 -14.2853 491.392 -23.9571 9.38646e-05 -6.791 
32.3149 -14.7449 491.442 -24.5266 9.3853e-05 -6.312 
32.4816 -15.2053 491.487 154.915 0.000306141 174.156 
32.6481 -15.6656 491.535 0 6.15665e-06 -31.0192 
32.8165 -16.1269 491.578 0 6.15665e-06 -31.1097 
32.9835 -16.5875 491.623 153.302 0.000106143 175.498 
33.1493 -17.0474 491.671 152.785 0.000406141 175.925 
33.3151 -17.5074 491.721 -27.7224 0.000193857 -3.658 
33.482 -17.968 491.766 151.78 0.000106143 176.75 
33.648 -18.4281 491.813 151.292 0.00040614 177.147 
33.8142 -18.8882 491.863 -29.1872 0.000493861 -2.464 
33.9819 -19.3492 491.908 -29.6571 0.000593861 -2.084 
34.1475 -19.809 491.955 0 6.03709e-06 -31.8311 
34.3159 -20.2705 491.997 149.43 0.000306139 178.649 
34.4801 -20.7295 492.049 148.986 0.00020614 179.002 
34.6473 -21.1902 492.095 -31.4499 0.000293859 -0.653003 
34.8151 -21.6513 492.137 148.123 0.000706141 179.685 
34.9801 -22.1108 492.188 147.703 0.000206143 -179.986 
35.1471 -22.5714 492.235 0 6.15665e-06 -32.3735 
35.3137 -23.0318 492.283 -33.1126 0.00079386 0.649003 
35.4812 -23.4928 492.327 -33.5093 0.000193861 0.955003 
35.6474 -23.9529 492.373 146.101 0.000606141 -178.745 
35.8133 -24.4129 492.42 145.719 0.00060614 -178.453 
35.9791 -24.8727 492.47 -34.6565 0.000193859 1.832 
36.1461 -25.3334 492.516 144.975 0.000106136 -177.89 
36.3131 -25.7941 492.563 -35.3871 0.00049386 2.382 
36.4802 -26.2548 492.605 144.257 0.00100614 -177.353 
36.6462 -26.7147 492.656 -36.0917 0.00059386 2.906 
36.8123 -27.1748 492.703 -36.4347 9.3853e-05 3.159 
36.9786 -27.635 492.751 -36.7716 0.000693859 3.405 
37.1464 -28.0963 492.795 -37.1026 0.000393859 3.646 
37.3133 -28.557 492.841 -37.4279 0.000193857 3.881 
37.4794 -29.0169 492.889 -37.7474 0.000193861 4.11 
37.6445 -29.4763 492.938 -38.0615 0.000393859 4.334 
37.8114 -29.9369 492.983 141.63 0.00020614 -175.448 
37.9788 -30.3978 493.03 -38.6734 0.00049386 4.766 
38.1442 -30.8573 493.079 -38.9716 0.000393859 4.973 
38.3115 -31.3183 493.123 140.735 0.000306142 -174.824 
38.4781 -31.7787 493.169 140.447 0.000706142 -174.626 
38.6453 -32.2395 493.216 -39.8363 0.000293859 5.567 
38.8107 -32.699 493.265 -40.115 0.000693859 5.756 
38.9782 -33.1601 493.31 -40.389 0.000493859 5.94 
39.144 -33.6198 493.357 139.342 0.000306142 -173.881 
39.3104 -34.0801 493.405 -40.9236 0.000393859 6.294 
39.4778 -34.5413 493.449 138.816 0.000406142 -173.536 
39.6448 -35.0021 493.494 138.559 0.00080614 -173.37 
39.8114 -35.4625 493.541 138.307 0.000506142 -173.207 
39.9776 -35.9225 493.59 -41.9418 0.000193857 6.951 
40.1423 -36.3812 493.64 -42.1862 0.000593859 7.105 
40.3093 -36.842 493.686 -42.4268 0.000493858 7.255 
40.4749 -37.3015 493.734 0 6.03709e-06 -35.2615 
40.644 -37.7642 493.777 -42.8966 0.000193861 7.544 
40.8079 -38.2221 493.827 0 6.03709e-06 -35.443 
40.9753 -38.6833 493.874 -43.3519 0.00039386 7.819 
41.1415 -39.1432 493.921 -43.5742 0.00059386 7.951 
41.31 -39.6055 493.964 -43.7932 0.000393857 8.08 
41.4773 -40.0666 494.009 135.991 0.000106143 -171.795 
41.6407 -40.5239 494.061 -44.2213 9.38569e-05 8.327 
