187.815 37.3254 483.365 11.2402 9.38646e-05 -49.9 
187.816 37.3221 483.365 11.2392 9.38646e-05 -49.899 
187.817 37.3165 483.365 0 6.27393e-06 -38.6605 
187.811 37.3071 483.367 -168.765 0.000106146 130.104 
187.813 37.2973 483.367 -168.768 0.000206143 130.107 
187.808 37.2837 483.369 -168.772 0.000306137 130.11 
187.803 37.2678 483.371 -168.776 0.000406141 130.113 
187.8 37.2499 483.374 11.2189 0.000393859 -49.883 
187.797 37.2297 483.376 11.2132 0.000193857 -49.878 
187.786 37.2057 483.38 0 6.27393e-06 -38.6662 
187.783 37.181 483.382 -168.8 0.00020614 130.133 
187.774 37.1527 483.386 11.1919 0.000493861 -49.861 
187.771 37.1234 483.389 -168.817 0.000806141 130.146 
187.763 37.0906 483.393 -168.826 0.00010614 130.154 
187.754 37.0555 483.398 -168.836 0.000406141 130.162 
187.746 37.0185 483.402 -168.846 0.000806141 130.17 
187.734 36.9779 483.408 11.1429 0.000893859 -49.821 
187.725 36.936 483.413 -168.869 0.00050614 130.189 
187.712 36.8909 483.419 11.1186 9.38646e-05 -49.801 
187.705 36.8447 483.424 -168.895 0.000406142 130.21 
187.693 36.795 483.43 11.0915 0.000193861 -49.779 
187.68 36.7431 483.437 -168.923 0.000306143 130.233 
187.668 36.6891 483.443 11.0618 0.000193861 -49.754 
187.656 36.6323 483.45 -168.954 0.000306139 130.259 
187.638 36.5727 483.458 11.0293 9.3853e-05 -49.728 
187.626 36.5117 483.465 -168.988 0.00050614 130.287 
187.609 36.4471 483.474 -169.006 0.00010614 130.301 
187.592 36.3807 483.482 10.9754 0.000293858 -49.684 
187.576 36.3119 483.491 10.9561 0.000693859 -49.668 
187.559 36.2407 483.499 0 6.27393e-06 -38.7149 
187.543 36.1674 483.508 10.9154 0.000293861 -49.634 
187.526 36.0915 483.517 -169.106 0.000406142 130.383 
187.506 36.0128 483.528 10.872 0.000793859 -49.599 
187.49 35.9325 483.537 10.8492 9.38646e-05 -49.58 
187.468 35.849 483.548 10.8258 0.000293861 -49.561 
187.447 35.7632 483.559 10.8017 0.00049386 -49.541 
187.426 35.6752 483.57 10.7769 0.000593858 -49.521 
187.405 35.5846 483.581 -169.249 0.00020614 130.5 
187.385 35.4921 483.592 -169.275 0.00010614 130.521 
187.365 35.3972 483.603 0 6.03709e-06 -38.7587 
187.338 35.2987 483.616 0 6.09716e-06 -38.7633 
187.312 35.1983 483.629 10.6425 9.38608e-05 -49.411 
187.294 35.0967 483.64 10.6135 9.38608e-05 -49.387 
187.268 34.9918 483.653 10.5839 9.38646e-05 -49.363 
187.243 34.8843 483.667 10.5535 9.38569e-05 -49.338 
187.218 34.7748 483.68 0 6.09716e-06 -38.7905 
187.186 34.6614 483.695 -169.509 0.000106143 130.713 
187.162 34.5475 483.709 -169.542 0.00020614 130.74 
187.132 34.4302 483.724 10.4252 0.00059386 -49.233 
187.107 34.3112 483.738 -169.609 0.000506142 130.795 
187.078 34.1894 483.753 10.3568 0.000293859 -49.177 
187.047 34.0648 483.769 10.3215 9.38608e-05 -49.148 
187.017 33.9383 483.785 -169.714 0.000206143 130.881 
186.988 33.8092 483.8 -169.751 0.000406141 130.912 
186.959 33.6782 483.816 -169.788 0.00070614 130.942 
186.923 33.5436 483.834 -169.827 0.000106143 130.973 
186.895 33.4078 483.85 -169.865 0.00040614 131.005 
186.86 33.2688 483.867 10.0952 0.000193859 -48.962 
186.825 33.1272 483.885 -169.945 0.000206138 131.071 
186.791 32.9837 483.903 10.0141 0.000293861 -48.896 
186.756 32.8377 483.921 -170.028 0.000106133 131.138 
186.723 32.6896 483.939 9.93016 0.000393858 -48.827 
186.688 32.5391 483.958 -170.113 0.000106136 131.208 
186.648 32.3852 483.978 9.84334 0.000293857 -48.756 
186.614 32.2301 483.996 -170.201 0.000306141 131.281 
186.575 32.0716 484.016 9.75364 9.38685e-05 -48.682 
186.542 31.912 484.035 -170.292 0.000506142 131.356 
186.502 31.749 484.056 -170.339 0.00020614 131.394 
186.464 31.5838 484.076 9.61368 9.3853e-05 -48.567 
186.424 31.416 484.097 -170.434 0.00070614 131.473 
186.385 31.2462 484.117 -170.483 0.000406139 131.513 
186.34 31.0729 484.14 -170.533 0.000206143 131.553 
186.302 30.8985 484.161 0 6.21557e-06 -38.9881 
186.257 30.7207 484.184 9.36589 9.38491e-05 -48.363 
186.218 30.5415 484.205 -170.686 0.000806141 131.679 
186.174 30.3593 484.228 9.26165 0.000293859 -48.277 
186.13 30.1746 484.251 9.20843 0.000293858 -48.234 
186.086 29.9876 484.274 9.15447 0.000293859 -48.189 
186.042 29.7983 484.298 9.09977 0.000293861 -48.144 
185.996 29.6064 484.321 -170.956 0.00080614 131.901 
185.946 29.4116 484.346 8.98815 0.000193859 -48.052 
185.903 29.2154 484.37 0 6.27393e-06 -39.0738 
185.859 29.0169 484.394 -171.126 0.00010614 132.042 
185.809 28.8149 484.42 -171.185 0.000306139 132.09 
185.759 28.6109 484.445 8.75597 0.00039386 -47.861 
185.709 28.4044 484.471 8.69605 0.000193861 -47.812 
185.66 28.1957 484.497 8.63538 0.000893859 -47.762 
185.61 27.9846 484.523 8.57395 0.000493858 -47.711 
185.56 27.7711 484.55 8.51177 9.38646e-05 -47.66 
185.51 27.5553 484.576 -171.551 0.000306142 132.392 
185.462 27.3374 484.603 8.38514 0.000293859 -47.555 
185.406 27.1161 484.631 8.32068 0.000793859 -47.502 
185.356 26.8934 484.658 8.25546 0.000193863 -47.448 
185.301 26.6675 484.686 8.18948 0.000693859 -47.394 
185.251 26.4401 484.713 8.12273 9.38608e-05 -47.339 
185.194 26.2093 484.742 -171.945 0.000606141 132.717 
185.139 25.9764 484.772 -172.013 0.000306143 132.773 
185.084 25.7412 484.801 0 6.15665e-06 -39.2522 
185.028 25.5037 484.83 7.84802 0.000193859 -47.112 
184.972 25.2636 484.86 -172.223 0.000606141 132.946 
184.91 25.0206 484.891 7.70601 0.000493859 -46.995 
184.855 24.7761 484.921 7.63384 0.00059386 -46.935 
184.798 24.529 484.951 -172.439 0.000306141 133.125 
184.737 24.279 484.982 7.48716 0.000693859 -46.814 
184.681 24.0273 485.013 -172.587 0.000406141 133.248 
184.618 23.7724 485.045 -172.663 0.000506141 133.31 
184.557 23.5153 485.077 7.26123 0.000393859 -46.627 
184.494 23.2557 485.11 7.18434 0.000193859 -46.563 
184.438 22.9948 485.141 0 6.03709e-06 -39.3923 
184.376 22.7306 485.174 -172.972 0.000306141 133.566 
184.306 22.4632 485.208 6.94891 0.000393858 -46.368 
184.243 22.1942 485.241 0 6.15665e-06 -39.4332 
184.182 21.9231 485.275 6.78796 0.00059386 -46.235 
184.119 21.6494 485.308 6.70628 0.000193857 -46.167 
184.049 21.3727 485.344 6.6238 0.000593861 -46.099 
183.986 21.0943 485.377 6.5405 9.38608e-05 -46.03 
183.922 20.8135 485.411 -173.544 0.000606141 134.04 
183.852 20.5297 485.447 -173.629 0.000206143 134.111 
183.782 20.2435 485.483 0 6.15665e-06 -39.5322 
183.719 19.9557 485.518 -173.801 0.00080614 134.253 
183.65 19.6649 485.554 6.11186 0.000393859 -45.674 
183.579 19.3716 485.591 6.02367 0.000493858 -45.601 
183.509 19.076 485.628 5.93467 0.00049386 -45.527 
183.438 18.778 485.665 5.84484 0.00049386 -45.452 
183.367 18.4776 485.702 5.75419 0.000493859 -45.377 
183.296 18.1749 485.74 5.66271 0.000293857 -45.301 
183.224 17.8697 485.777 5.57039 9.38724e-05 -45.224 
183.152 17.5622 485.815 -174.523 0.000106136 134.853 
183.08 17.2523 485.853 -174.617 0.000406141 134.931 
183.008 16.9399 485.892 -174.712 0.000806141 135.01 
182.929 16.6247 485.932 -174.807 0.000206142 135.09 
182.858 16.3077 485.97 5.0963 0.000293861 -44.83 
182.779 15.9877 486.011 4.99896 0.00069386 -44.749 
182.705 15.6658 486.05 4.90077 9.3853e-05 -44.667 
182.625 15.3411 486.091 4.80174 0.000393858 -44.585 
182.551 15.0144 486.131 -175.298 0.000406141 135.498 
182.472 14.6849 486.173 4.60112 0.000793859 -44.418 
182.397 14.3534 486.213 -175.5 0.00010614 135.667 
182.316 14.0191 486.255 -175.603 0.00010614 135.752 
182.235 13.6825 486.297 4.29379 0.000893859 -44.162 
182.159 13.3438 486.338 -175.81 0.000206143 135.925 
182.076 13.0022 486.38 -175.915 0.000406141 136.013 
181.995 12.6584 486.423 3.97872 0.000293858 -43.899 
181.911 12.312 486.467 0 6.15665e-06 -39.938 
181.829 11.9634 486.51 3.76434 0.000593859 -43.72 
181.75 11.6126 486.552 -176.344 0.000906141 136.371 
181.667 11.2592 486.596 -176.454 0.000506139 136.462 
181.583 10.9033 486.64 -176.564 0.000106143 136.554 
181.498 10.545 486.685 3.32514 9.38608e-05 -43.353 
181.413 10.1843 486.73 3.21314 0.000293859 -43.26 
181.326 9.8211 486.775 -176.9 0.00060614 136.835 
181.239 9.45559 486.82 -177.013 0.00050614 136.93 
181.152 9.08765 486.866 -177.128 0.00060614 137.026 
181.066 8.71736 486.912 2.75635 0.000293861 -42.878 
180.978 8.3446 486.958 0 6.09716e-06 -40.1401 
180.89 7.96942 487.004 -177.477 0.000306142 137.318 
180.8 7.59181 487.051 -177.596 0.000706141 137.417 
180.712 7.21188 487.098 -177.715 0.000206136 137.516 
180.621 6.82942 487.145 -177.835 0.000806141 137.617 
180.531 6.44463 487.193 -177.956 0.000506142 137.718 
180.44 6.05741 487.241 -178.077 0.00020614 137.82 
180.349 5.66778 487.289 -178.2 0.00010615 137.923 
180.25 5.27555 487.34 1.67645 0.000893859 -41.974 
180.157 4.88108 487.388 1.55196 0.000793859 -41.869 
180.064 4.48418 487.437 1.42656 0.000693859 -41.764 
179.969 4.08488 487.487 1.30026 0.000393859 -41.658 
179.874 3.68317 487.537 0 6.03709e-06 -40.379 
179.779 3.27907 487.587 1.04493 0.000493861 -41.444 
179.683 2.87254 487.637 0.915893 0.000993859 -41.336 
179.591 2.46366 487.686 -179.214 0.00070614 138.773 
179.494 2.05229 487.738 -179.345 0.000506142 138.883 
179.396 1.63851 487.789 -179.477 0.000406141 138.994 
179.296 1.22231 487.841 -179.609 0.00040614 139.105 
179.198 0.803708 487.893 0.256972 0.000393859 -40.783 
179.097 0.382689 487.946 0.122428 0.000193861 -40.67 
178.996 -0.0407325 487.999 -0.0130383 0.000793859 -40.556 
178.899 -0.466574 488.05 179.851 0.000606141 139.559 
178.796 -0.894822 488.104 179.713 0.00020614 139.674 
178.692 -1.32547 488.158 -0.424989 9.38685e-05 -40.21 
178.594 -1.75857 488.21 179.436 0.00080614 139.907 
178.489 -2.19405 488.265 -0.704262 0.000293857 -39.975 
178.388 -2.63199 488.318 179.155 0.00080614 140.144 
178.282 -3.07226 488.374 0 6.21557e-06 -40.7243 
178.18 -3.51503 488.428 178.87 0.000306138 140.384 
178.071 -3.96009 488.484 -1.27398 0.000193857 -39.495 
177.967 -4.4077 488.539 178.581 0.000406142 140.627 
177.863 -4.8577 488.595 178.436 0.000106143 140.749 
177.751 -5.30993 488.652 0 6.09716e-06 -40.8381 
177.645 -5.76474 488.708 -1.85865 9.38646e-05 -39.003 
177.537 -6.22195 488.765 177.993 0.000106143 141.122 
177.43 -6.68161 488.822 -2.15661 0.00069386 -38.752 
177.32 -7.1436 488.879 -2.307 0.000293858 -38.625 
177.21 -7.60803 488.937 -2.45833 0.000693858 -38.497 
177.105 -8.07512 488.993 0 6.09716e-06 -40.9796 
176.992 -8.5443 489.052 -2.76381 0.000193859 -38.24 
176.878 -9.01585 489.111 -2.91796 0.000193861 -38.11 
176.77 -9.49015 489.169 -3.07305 9.3853e-05 -37.979 
176.653 -9.9664 489.229 176.771 0.000206142 142.153 
176.543 -10.4455 489.288 176.614 0.000606141 142.286 
176.432 -10.9269 489.347 176.456 0.000206142 142.419 
176.312 -11.4091 489.408 0 6.15665e-06 -41.1494 
176.199 -11.8917 489.468 -3.86105 0.000193861 -37.313 
176.084 -12.3741 489.528 -4.0198 0.000293861 -37.179 
175.974 -12.8569 489.587 175.821 0.000706142 142.955 
175.857 -13.3393 489.647 -4.33775 0.000193861 -36.911 
175.746 -13.822 489.707 0 6.21557e-06 -41.2729 
175.633 -14.3047 489.766 175.344 0.000306142 143.359 
175.519 -14.7872 489.826 175.184 0.000706141 143.493 
175.405 -15.2697 489.886 175.025 0.000206143 143.628 
175.29 -15.7521 489.946 -5.135 0.000193859 -36.237 
175.173 -16.2344 490.007 -5.29484 0.000493859 -36.101 
175.061 -16.7171 490.066 174.545 0.000306141 144.034 
174.949 -17.1998 490.125 174.385 0.00020614 144.169 
174.836 -17.6824 490.185 174.225 0.000206136 144.305 
174.721 -18.1649 490.245 174.065 0.000406139 144.441 
174.606 -18.6473 490.305 -6.09588 0.000393858 -35.424 
174.489 -19.1295 490.366 -6.25644 9.38491e-05 -35.288 
174.378 -19.6123 490.425 173.583 0.000306142 144.848 
174.267 -20.0952 490.484 -6.57788 0.000193857 -35.016 
174.153 -20.5777 490.544 173.261 0.000406141 145.121 
174.039 -21.0602 490.604 173.1 0.000106143 145.257 
173.923 -21.5426 490.664 -7.06084 9.38452e-05 -34.607 
173.807 -22.0248 490.725 -7.22203 9.38608e-05 -34.47 
173.696 -22.5077 490.784 -7.38331 9.38646e-05 -34.333 
173.584 -22.9906 490.843 0 6.15665e-06 -41.7417 
173.465 -23.4724 490.904 -7.70616 0.000793859 -34.06 
173.356 -23.9556 490.963 172.132 0.000606141 146.077 
173.242 -24.4381 491.023 0 6.09716e-06 -41.8154 
173.126 -24.9203 491.083 -8.19108 0.000493858 -33.649 
173.014 -25.4032 491.142 171.647 0.000206138 146.488 
172.895 -25.885 491.203 -8.51478 9.38646e-05 -33.375 
172.783 -26.3677 491.263 -8.67674 0.000193856 -33.237 
172.669 -26.8502 491.323 -8.83878 0.000293858 -33.1 
172.553 -27.3325 491.383 -9.00089 0.000193859 -32.962 
172.444 -27.8158 491.442 -9.16307 9.38608e-05 -32.825 
172.327 -28.2978 491.503 -9.32531 0.000793858 -32.687 
172.215 -28.7807 491.562 -9.48762 0.000493858 -32.55 
172.101 -29.2633 491.621 0 6.15665e-06 -42.062 
171.987 -29.7456 491.681 170.188 0.000506142 147.726 
171.872 -30.228 491.741 170.025 0.000206143 147.864 
171.755 -30.71 491.802 0 6.15665e-06 -42.1354 
171.645 -31.1932 491.861 -10.3 9.38646e-05 -31.861 
171.534 -31.6764 491.92 -10.4627 0.000193863 -31.723 
171.419 -32.1586 491.98 169.375 0.000906141 148.415 
171.306 -32.6416 492.04 169.212 0.000106136 148.554 
171.191 -33.1236 492.1 169.049 0.00040614 148.692 
171.075 -33.6057 492.16 -11.1136 0.000293859 -31.17 
170.964 -34.089 492.219 168.724 0.000206136 148.968 
170.845 -34.5704 492.28 -11.4393 0.000193859 -30.894 
170.733 -35.0533 492.34 -11.6022 0.000493858 -30.756 
170.619 -35.5357 492.4 -11.7651 0.000693859 -30.617 
170.504 -36.0182 492.46 -11.9281 0.000793859 -30.479 
170.393 -36.5015 492.519 167.909 0.000106143 149.659 
170.277 -36.9835 492.579 -12.2541 0.000793858 -30.202 
170.165 -37.4664 492.639 -12.4171 0.000593858 -30.064 
170.051 -37.949 492.698 -12.5801 0.000293858 -29.926 
