58.4635 -87.0291 483.786 123.892 0.000106136 -168.906 
58.4612 -87.0305 483.785 -56.1095 0.000493858 11.095 
58.4558 -87.0305 483.783 123.888 0.000506142 -168.904 
58.4462 -87.0269 483.785 123.885 0.000106146 -168.902 
58.435 -87.0244 483.786 -56.1195 0.000793859 11.1 
58.4235 -87.0247 483.781 123.875 0.00090614 -168.897 
58.4057 -87.0185 483.785 -56.131 0.00069386 11.106 
58.3875 -87.0151 483.783 123.862 0.00020614 -168.89 
58.3687 -87.0139 483.781 -56.1464 0.000293859 11.114 
58.3439 -87.0069 483.782 -56.1555 0.000193861 11.119 
58.3205 -87.0051 483.779 123.834 0.00050614 -168.876 
58.2928 -86.9999 483.778 -56.1766 0.000293859 11.13 
58.2627 -86.9944 483.777 -56.1886 0.000393857 11.136 
58.2303 -86.9887 483.776 0 6.15665e-06 -45.0596 
58.1935 -86.9796 483.777 -56.2156 0.000893859 11.15 
58.1573 -86.9745 483.774 -56.2305 0.000293857 11.157 
58.1161 -86.9647 483.774 -56.2463 9.38608e-05 11.165 
58.076 -86.9603 483.769 123.737 0.000706142 -168.826 
58.0317 -86.9524 483.768 123.719 0.000106143 -168.817 
57.9851 -86.9443 483.766 0 6.15665e-06 -45.1068 
57.9332 -86.9315 483.767 -56.3196 0.000393859 11.203 
57.8826 -86.9241 483.764 -56.3404 0.000293859 11.214 
57.827 -86.9119 483.764 -56.3621 0.000493859 11.225 
57.772 -86.9038 483.759 123.615 0.000806141 -168.763 
57.7124 -86.8924 483.757 123.591 0.000706142 -168.751 
57.6514 -86.8818 483.755 123.567 0.000206143 -168.738 
57.5854 -86.8665 483.756 -56.4589 0.000693859 11.275 
57.5197 -86.8554 483.752 -56.4856 9.38685e-05 11.289 
57.4526 -86.8451 483.747 123.487 0.00020614 -168.697 
57.3802 -86.8303 483.746 0 6.09716e-06 -45.224 
57.3064 -86.8163 483.745 -56.5717 0.000593857 11.334 
57.2303 -86.8019 483.742 -56.6023 0.00059386 11.35 
57.1519 -86.7874 483.739 0 6.15665e-06 -45.268 
57.0719 -86.7737 483.735 123.333 0.00020614 -168.617 
56.9867 -86.7553 483.734 -56.7004 9.3853e-05 11.401 
56.9028 -86.7423 483.729 123.265 0.000306142 -168.581 
56.8139 -86.7245 483.727 123.229 0.00020614 -168.563 
56.7233 -86.7077 483.724 -56.8077 0.000293862 11.457 
56.6304 -86.6905 483.721 -56.8455 0.000193857 11.477 
56.5352 -86.673 483.717 123.116 0.00050614 -168.503 
56.4384 -86.6564 483.712 123.076 0.000706142 -168.482 
56.3374 -86.6363 483.711 -56.9651 0.000393859 11.539 
56.2366 -86.6203 483.704 0 6.03709e-06 -45.4461 
56.1308 -86.5996 483.701 0 6.09716e-06 -45.4661 
56.0228 -86.5785 483.698 122.906 0.000606141 -168.393 
55.9139 -86.5595 483.694 -57.1392 0.000193857 11.631 
55.8018 -86.539 483.689 122.815 0.000506141 -168.344 
55.6855 -86.515 483.688 -57.2326 0.000193861 11.681 
55.5695 -86.495 483.682 122.719 0.000806141 -168.294 
55.4492 -86.4715 483.679 122.67 0.000206136 -168.268 
55.3273 -86.449 483.675 -57.3808 0.000693859 11.759 
55.2023 -86.4247 483.671 0 6.09716e-06 -45.6453 
55.0757 -86.4013 483.666 122.515 0.000206138 -168.185 
54.9475 -86.3789 483.661 0 6.15665e-06 -45.6947 
54.817 -86.356 483.655 122.407 0.000406141 -168.127 
54.6813 -86.3284 483.652 122.351 0.00040614 -168.097 
54.544 -86.3017 483.649 -57.7065 9.38646e-05 11.934 
54.4078 -86.2802 483.641 0 6.09716e-06 -45.7997 
54.2666 -86.254 483.636 -57.824 0.000193861 11.997 
54.123 -86.2272 483.631 0 6.15665e-06 -45.8554 
53.977 -86.2001 483.625 122.054 0.000906141 -167.937 
53.8275 -86.1708 483.622 -58.0086 0.000693858 12.097 
53.6774 -86.1441 483.615 121.928 0.000406142 -167.869 
53.523 -86.1139 483.612 0 6.09716e-06 -45.9715 
53.3672 -86.0845 483.607 -58.2036 0.000893858 12.203 
53.2106 -86.0579 483.598 121.729 0.000906141 -167.761 
53.0506 -86.0289 483.592 121.661 0.000206143 -167.723 
52.8855 -85.9951 483.59 -58.4092 0.000893859 12.315 
52.7207 -85.9653 483.584 -58.4801 0.000393859 12.354 
52.5543 -85.9361 483.576 -58.5521 0.000293859 12.393 
52.3827 -85.9023 483.572 -58.6254 0.00069386 12.433 
52.2114 -85.8723 483.563 121.3 0.000506142 -167.525 
52.0357 -85.8387 483.558 121.224 0.000306137 -167.484 
51.8583 -85.806 483.553 -58.8526 0.000293861 12.559 
51.6787 -85.7726 483.546 -58.9307 0.000293862 12.602 
51.4965 -85.7389 483.539 120.99 0.000206145 -167.354 
51.3126 -85.7059 483.532 120.909 0.000306141 -167.309 
51.1237 -85.668 483.528 0 6.09716e-06 -46.4357 
50.9357 -85.6353 483.519 120.744 0.000306141 -167.217 
50.7426 -85.5977 483.514 120.66 0.000106143 -167.169 
50.5503 -85.5652 483.504 120.574 0.00050614 -167.121 
50.3532 -85.5278 483.498 120.487 0.00050614 -167.072 
50.1542 -85.4912 483.491 120.398 0.000106136 -167.022 
49.9528 -85.4539 483.484 120.309 0.000306141 -166.972 
49.7496 -85.4174 483.476 0 6.03709e-06 -46.7022 
49.5415 -85.3759 483.472 -59.8745 0.00069386 13.132 
49.3333 -85.3383 483.463 120.032 0.000206142 -166.815 
49.1209 -85.297 483.457 -60.0632 0.000293857 13.239 
48.9093 -85.2607 483.447 -60.1595 0.000193861 13.294 
48.6919 -85.2183 483.441 119.743 0.000406141 -166.65 
48.4735 -85.1777 483.434 -60.3564 0.000293859 13.407 
48.2525 -85.1366 483.427 -60.4569 0.000493858 13.465 
48.0291 -85.0948 483.419 -60.5588 9.38608e-05 13.523 
47.8039 -85.0537 483.41 -60.6621 9.3853e-05 13.583 
47.576 -85.0119 483.401 119.233 0.000406143 -166.356 
47.3466 -84.9707 483.392 119.127 0.000606141 -166.295 
47.1128 -84.9258 483.386 -60.9806 0.000693859 13.768 
46.8781 -84.8834 483.376 118.91 0.000706142 -166.169 
46.6399 -84.8384 483.369 -61.2002 0.000393859 13.895 
46.3984 -84.7916 483.362 118.688 0.00010614 -166.039 
46.1582 -84.7509 483.35 118.574 0.00020614 -165.973 
45.913 -84.7051 483.342 -61.5408 9.3853e-05 14.095 
45.6654 -84.6586 483.333 118.343 0.000206142 -165.836 
45.4159 -84.6126 483.324 118.225 0.000106136 -165.767 
45.1637 -84.566 483.315 118.105 0.000606142 -165.696 
44.9074 -84.5154 483.309 -62.016 0.000293859 14.376 
44.6508 -84.4685 483.299 117.861 0.000406141 -165.551 
44.3922 -84.4221 483.288 117.737 0.00070614 -165.477 
44.1294 -84.3719 483.282 -62.3889 0.000393859 14.598 
43.8664 -84.3251 483.27 117.484 0.000106136 -165.326 
43.5984 -84.2732 483.262 117.355 0.000206142 -165.249 
43.3285 -84.2218 483.254 -62.7761 9.3853e-05 14.83 
43.059 -84.1752 483.242 117.092 0.000306142 -165.09 
42.7846 -84.1233 483.233 116.958 0.000206142 -165.009 
42.5081 -84.0719 483.224 -63.1781 0.000193863 15.073 
42.2292 -84.0196 483.214 0 6.03709e-06 -48.1594 
41.9481 -83.9677 483.204 -63.4545 0.000193857 15.241 
41.6645 -83.9148 483.194 116.405 0.000206143 -164.673 
41.3787 -83.8624 483.184 116.262 0.000306139 -164.586 
41.0909 -83.8104 483.172 -63.882 9.38608e-05 15.502 
40.8007 -83.7573 483.161 115.972 0.000306142 -164.408 
40.5061 -83.7002 483.154 -64.1757 0.000793859 15.683 
40.211 -83.6464 483.142 -64.3252 0.000193861 15.775 
39.9138 -83.5931 483.13 0 6.15665e-06 -48.6086 
39.6119 -83.5342 483.122 -64.6297 9.38608e-05 15.963 
39.31 -83.48 483.109 115.215 0.000406141 -163.94 
39.0039 -83.4217 483.101 -64.9415 0.000393859 16.157 
38.6972 -83.3667 483.087 114.9 0.000506142 -163.744 
38.3863 -83.3075 483.079 0 6.15665e-06 -48.9038 
38.0732 -83.2486 483.069 -65.4233 0.000893859 16.459 
37.7596 -83.1928 483.055 -65.5876 9.38608e-05 16.562 
37.4417 -83.1329 483.045 -65.754 0.000593858 16.667 
37.1212 -83.0717 483.035 -65.9222 0.000393859 16.773 
36.8004 -83.0151 483.021 113.908 0.00050614 -163.119 
36.4755 -82.9542 483.01 0 6.33175e-06 -49.2746 
36.1478 -82.8921 483 113.561 0.000206136 -162.899 
35.818 -82.83 482.989 113.385 0.000206143 -162.786 
35.4859 -82.7681 482.978 -66.7933 0.000193861 17.328 
35.1536 -82.7104 482.962 113.027 0.000106143 -162.557 
34.8165 -82.6471 482.951 112.844 0.000206136 -162.44 
34.4773 -82.5838 482.94 0 6.03709e-06 -49.6613 
34.1353 -82.5191 482.928 112.473 0.000506142 -162.201 
33.7915 -82.4557 482.917 -67.7155 0.000293858 17.921 
33.4449 -82.3908 482.905 -67.9063 0.000393857 18.045 
33.0961 -82.3259 482.894 -68.0992 0.00069386 18.17 
32.7445 -82.2594 482.882 -68.2943 0.000193861 18.297 
32.3928 -82.1986 482.865 0 6.15665e-06 -50.0656 
32.0366 -82.1319 482.853 0 6.15665e-06 -50.1341 
31.6779 -82.0649 482.841 -68.8929 0.000293857 18.689 
31.3166 -81.9963 482.829 110.903 0.00020614 -161.177 
30.9533 -81.9289 482.817 -69.3031 0.000493859 18.959 
30.5873 -81.8599 482.806 -69.5116 0.000393859 19.097 
30.2205 -81.7949 482.789 110.278 0.00060614 -160.764 
29.8496 -81.7252 482.777 110.064 0.000306141 -160.622 
29.4764 -81.6551 482.765 -70.1511 0.000193857 19.521 
29.1009 -81.5846 482.754 -70.3689 0.000793859 19.666 
28.7239 -81.5168 482.737 109.411 0.000406141 -160.187 
28.3435 -81.4455 482.725 -70.8118 0.000593858 19.962 
27.9618 -81.3766 482.709 108.963 0.000306139 -159.887 
27.576 -81.303 482.698 108.736 0.00010614 -159.734 
27.1879 -81.2287 482.687 -71.4942 0.000293858 20.421 
26.7987 -81.1583 482.671 108.273 0.000306142 -159.422 
26.4072 -81.0872 482.655 108.039 0.00070614 -159.263 
26.0117 -81.0112 482.644 107.801 0.000106136 -159.103 
25.6151 -80.9388 482.629 107.561 0.000306141 -158.94 
25.216 -80.8658 482.614 107.319 0.000506142 -158.775 
24.8144 -80.792 482.599 107.074 0.000706141 -158.607 
24.4103 -80.7174 482.584 106.826 0.00070614 -158.438 
24.0036 -80.642 482.57 106.576 0.000806141 -158.267 
23.5945 -80.5657 482.556 106.323 0.00080614 -158.093 
23.1833 -80.49 482.542 -73.9322 9.38569e-05 22.083 
22.769 -80.4119 482.528 -74.1903 9.38569e-05 22.261 
22.3521 -80.3329 482.515 0 6.03709e-06 -52.0101 
21.9345 -80.2586 482.497 0 6.09716e-06 -52.0915 
21.5125 -80.1776 482.485 105.019 0.000206143 -157.192 
21.0895 -80.1012 482.468 104.75 0.000406141 -157.006 
20.6628 -80.0193 482.457 -75.5212 0.000393859 23.183 
20.2346 -79.9406 482.44 0 6.15665e-06 -52.4206 
19.8043 -79.8622 482.425 -76.0727 0.000493859 23.568 
19.3708 -79.781 482.409 103.647 0.000106143 -156.236 
18.9352 -79.7 482.395 -76.6354 0.000193857 23.963 
18.497 -79.6176 482.38 -76.9209 0.000293858 24.164 
18.0571 -79.5382 482.362 102.791 0.00070614 -155.633 
17.6139 -79.4544 482.348 -77.5005 9.38569e-05 24.572 
17.169 -79.3736 482.331 102.205 0.000406142 -155.22 
16.7217 -79.2926 482.314 0 6.21557e-06 -53.1016 
16.2707 -79.2042 482.302 -78.3914 9.38608e-05 25.203 
15.8184 -79.1215 482.286 -78.6942 0.000893859 25.418 
15.3641 -79.04 482.266 101 0.000506142 -154.365 
14.9065 -78.9538 482.251 100.692 0.000206138 -154.145 
14.4465 -78.8673 482.238 -79.6199 0.000793859 26.078 
13.9847 -78.7834 482.219 -79.9344 0.000393859 26.303 
13.5202 -78.6975 482.202 99.7482 0.000306144 -153.47 
13.0532 -78.6112 482.185 99.4278 0.000406142 -153.24 
12.5839 -78.5243 482.169 -80.8955 9.38685e-05 26.992 
12.1119 -78.4354 482.154 -81.2218 0.000193859 27.227 
11.6374 -78.3459 482.14 -81.5511 0.000893859 27.465 
11.161 -78.2585 482.121 -81.8834 9.3853e-05 27.705 
10.682 -78.1704 482.103 97.7813 0.000106143 -152.053 
10.2006 -78.0815 482.086 -82.557 0.000193859 28.192 
9.71778 -77.9902 482.07 97.1026 0.000206143 -151.561 
9.23538 -77.9035 482.05 96.7608 0.000406141 -151.313 
8.75241 -77.8113 482.037 -83.5822 0.00059386 28.937 
8.26989 -77.7222 482.02 -83.9264 0.000793859 29.187 
7.78745 -77.6349 481.999 95.7281 0.000906141 -150.561 
7.30462 -77.5435 481.984 95.3814 0.000406141 -150.307 
6.82209 -77.4552 481.966 95.0335 0.00070614 -150.053 
6.33953 -77.3671 481.949 -85.3156 9.38608e-05 30.203 
5.85669 -77.2763 481.933 -85.6659 9.38608e-05 30.459 
5.37383 -77.1842 481.918 -86.0173 0.000193861 30.717 
4.89131 -77.0966 481.9 -86.3698 0.000393858 30.976 
4.4086 -77.0063 481.883 93.2766 0.000306141 -148.764 
3.92601 -76.9161 481.867 -87.078 9.38608e-05 31.497 
3.44336 -76.8289 481.847 92.5662 0.00040614 -148.24 
2.96064 -76.736 481.834 -87.7905 0.000193861 32.023 
2.47798 -76.6476 481.817 -88.1483 0.000793859 32.287 
1.99545 -76.5606 481.796 91.493 0.00050614 -147.448 
1.51275 -76.4694 481.781 -88.8667 0.000293857 32.818 
1.03015 -76.3812 481.763 -89.2273 9.38608e-05 33.086 
0.547406 -76.2915 481.746 0 6.15665e-06 -56.2349 
0.0647705 -76.2004 481.731 90.0487 0.000106136 -146.378 
-0.417927 -76.1136 481.711 89.6854 0.00010614 -146.108 
-0.900552 -76.0211 481.698 -90.6787 0.000793859 34.163 
-1.38319 -75.9315 481.681 -91.0436 0.000793859 34.434 
-1.86579 -75.8446 481.66 88.5908 0.00020614 -145.294 
-2.34844 -75.7521 481.646 88.2243 0.000206138 -145.021 
-2.83106 -75.6638 481.628 87.8572 0.00020614 -144.747 
-3.31377 -75.574 481.611 87.4893 0.00020614 -144.473 
-3.79639 -75.4842 481.596 -92.8792 0.000693859 35.802 
-4.27903 -75.3956 481.577 86.7517 0.000306142 -143.922 
-4.7618 -75.3071 481.559 86.3819 0.000406141 -143.646 
-5.24438 -75.217 481.542 86.0116 0.00050614 -143.369 
-5.72701 -75.1268 481.527 -94.3593 0.000393857 36.908 
-6.20984 -75.0394 481.508 -94.7307 0.000193859 37.186 
-6.69258 -74.9504 481.49 0 6.15665e-06 -57.6376 
-7.1751 -74.86 481.473 84.5251 0.000306139 -142.257 
-7.65769 -74.7694 481.458 -95.8477 0.000393857 38.023 
-8.14057 -74.6815 481.439 -96.2209 9.38685e-05 38.302 
-8.62321 -74.5921 481.422 83.4056 0.000406141 -141.418 
-9.10579 -74.5025 481.405 -96.9682 0.000193857 38.863 
-9.5883 -74.4115 481.391 -97.3424 0.000593859 39.143 
-10.0711 -74.323 481.372 0 6.15665e-06 -58.2928 
-10.5537 -74.233 481.354 81.9085 0.00060614 -140.295 
-11.0363 -74.143 481.338 81.5336 0.00040614 -140.013 
-11.5185 -74.0513 481.324 81.1586 0.000206136 -139.732 
-12.0015 -73.9638 481.305 80.7834 0.00010615 -139.45 
-12.4843 -73.8746 481.288 0 6.09716e-06 -58.76 
-12.9667 -73.784 481.272 0 6.15665e-06 -58.8533 
-13.4502 -73.6973 481.252 79.657 0.000106143 -138.604 
-13.9318 -73.6051 481.239 -100.718 0.00079386 41.677 
-14.4151 -73.5152 481.222 -101.094 0.000493859 41.959 
-14.8978 -73.4282 481.201 78.531 0.000806141 -137.759 
-15.3797 -73.3369 481.186 78.156 0.000106143 -137.477 
-15.8622 -73.2482 481.168 77.781 0.000606141 -137.195 
-16.3463 -73.159 481.151 77.405 0.000106143 -136.914 
-16.8276 -73.0689 481.136 -102.969 0.000293859 43.368 
-17.3112 -72.981 481.116 76.656 0.000306142 -136.351 
-17.7924 -72.8877 481.103 0 6.15665e-06 -59.788 
-18.2762 -72.7981 481.087 -104.093 0.000193857 44.21 
-18.7584 -72.7115 481.066 75.534 0.000606141 -135.51 
-19.2414 -72.6204 481.052 -104.84 0.00049386 44.77 
-19.7242 -72.5321 481.034 -105.213 0.00059386 45.05 
-20.2071 -72.4421 481.017 -105.586 0.000593858 45.329 
-20.6889 -72.3509 481.002 -105.958 0.000593858 45.608 
-21.1724 -72.2636 480.983 -106.33 0.00049386 45.886 
-21.6545 -72.1736 480.965 73.299 0.000606141 -133.836 
-22.1376 -72.0847 480.948 -107.072 0.000193857 46.441 
-22.6193 -71.9932 480.933 -107.442 9.38569e-05 46.718 
-23.1029 -71.9055 480.914 72.188 0.000106136 -133.006 
-23.5857 -71.8165 480.896 71.819 0.000306139 -132.73 
-24.0675 -71.7263 480.88 71.451 0.00060614 -132.455 
-24.5502 -71.6358 480.865 -108.917 0.000193859 47.819 
-25.0334 -71.5481 480.845 70.716 0.000106143 -131.907 
-25.5158 -71.4592 480.828 70.35 0.000306139 -131.635 
-25.9986 -71.3685 480.811 69.984 0.00050614 -131.363 
-26.4812 -71.2781 480.796 -110.381 0.000193857 48.909 
-26.9645 -71.1903 480.777 -110.745 9.38608e-05 49.179 
-27.4471 -71.1014 480.76 68.892 0.00010614 -130.551 
-27.9291 -71.0112 480.743 68.53 0.000306138 -130.282 
-28.4116 -70.9193 480.728 68.168 0.000306141 -130.014 
-28.8945 -70.832 480.709 67.808 0.00040614 -129.747 
-29.378 -70.743 480.692 67.448 0.000406141 -129.481 
-29.8596 -70.6533 480.675 67.09 0.000306142 -129.216 
-30.342 -70.5619 480.66 66.732 0.000106146 -128.952 
-30.8262 -70.4745 480.641 -113.625 9.3853e-05 51.311 
-31.308 -70.3851 480.623 66.02 0.000606141 -128.427 
-31.7913 -70.2953 480.607 65.665 0.00020614 -128.166 
-32.2728 -70.2049 480.592 -114.688 0.000393859 52.094 
-32.757 -70.1167 480.573 0 6.03709e-06 -62.688 
-33.2378 -70.0239 480.56 -115.392 0.00079386 52.61 
-33.7219 -69.9377 480.539 64.258 0.000406141 -127.133 
-34.2038 -69.8464 480.523 63.909 0.000306143 -126.878 
-34.688 -69.7592 480.504 63.561 0.000106143 -126.623 
-35.1681 -69.6662 480.492 -116.785 0.000193859 53.63 
-35.6505 -69.5773 480.475 -117.13 0.00069386 53.882 
-36.1352 -69.4891 480.454 62.525 0.000606141 -125.868 
-36.616 -69.3984 480.44 -117.817 0.000293857 54.381 
-37.0998 -69.3098 480.422 -118.159 0.000393858 54.629 
-37.5815 -69.2194 480.405 61.501 0.000406141 -125.124 
-38.0638 -69.1292 480.39 -118.838 0.000193856 55.122 
-38.5481 -69.0416 480.37 60.824 0.000106143 -124.634 
-39.0311 -68.9535 480.352 60.488 0.00010614 -124.391 
-39.514 -68.8643 480.335 -119.847 9.38608e-05 55.85 
-39.9962 -68.7728 480.319 59.819 0.00050614 -123.91 
-40.4778 -68.682 480.304 -120.513 0.000293859 56.329 
-40.9616 -68.594 480.286 -120.844 0.000293862 56.566 
-41.4435 -68.5042 480.268 58.827 0.00040614 -123.198 
-41.9262 -68.4147 480.252 -121.501 0.000193854 57.036 
-42.4081 -68.3228 480.237 -121.828 0.000193859 57.269 
-42.892 -68.2355 480.218 -122.153 0.000393859 57.501 
-43.3741 -68.1466 480.201 0 6.15665e-06 -64.745 
-43.8562 -68.0567 480.184 57.202 0.000106133 -122.04 
-44.3384 -67.9657 480.169 -123.119 0.000193859 58.187 
-44.822 -67.8781 480.149 56.562 0.00020614 -121.587 
-45.3057 -67.7895 480.131 56.244 0.000206143 -121.363 
-45.7877 -67.6993 480.114 55.928 0.000806141 -121.141 
-46.2706 -67.6094 480.099 0 6.21557e-06 -65.306 
-46.7517 -67.518 480.084 -124.7 0.000193861 59.3 
-47.2355 -67.4292 480.065 54.988 0.000106143 -120.482 
-47.7184 -67.3402 480.048 54.678 0.000106143 -120.265 
-48.2003 -67.2511 480.032 -125.63 0.000393859 59.95 
-48.6817 -67.1598 480.017 -125.937 0.000393861 60.163 
-49.1659 -67.0711 479.997 53.757 0.000206138 -119.625 
-49.6493 -66.9822 479.98 53.453 0.000406141 -119.414 
-50.1318 -66.8933 479.963 0 6.15665e-06 -66.055 
-50.6138 -66.8021 479.947 52.85 0.000106143 -118.998 
-51.0976 -66.7145 479.927 52.551 0.00080614 -118.793 
-51.5778 -66.6233 479.914 -127.746 9.38608e-05 61.411 
-52.0612 -66.5347 479.896 -128.042 0.000493858 61.614 
-52.544 -66.444 479.88 -128.337 0.000493859 61.815 
-53.0277 -66.3577 479.86 51.371 0.000106143 -117.986 
-53.5092 -66.2649 479.846 0 6.21557e-06 -66.709 
-53.9916 -66.1767 479.828 50.79 0.000406141 -117.592 
-54.4744 -66.0875 479.81 50.502 0.00020614 -117.398 
-54.9577 -65.9974 479.794 -129.785 0.000593858 62.795 
-55.4422 -65.9097 479.774 0 6.03709e-06 -67.083 
-55.9221 -65.8176 479.761 0 6.21557e-06 -67.177 
-56.4064 -65.7292 479.743 -130.635 0.000593858 63.364 
-56.8881 -65.6387 479.726 49.085 0.00020614 -116.449 
-57.37 -65.5494 479.71 -131.193 0.00069386 63.736 
-57.8546 -65.4617 479.691 -131.47 0.000193854 63.919 
-58.3375 -65.3731 479.672 48.255 0.000606139 -115.899 
-58.8178 -65.2802 479.659 -132.019 0.000293859 64.281 
-59.3005 -65.191 479.643 -132.291 0.000793859 64.46 
-59.7848 -65.1044 479.622 -132.561 9.38608e-05 64.637 
-60.2655 -65.0125 479.608 0 6.03709e-06 -68.018 
-60.7498 -64.9232 479.589 46.902 0.000406141 -115.014 
-61.2325 -64.8354 479.572 0 6.15665e-06 -68.205 
-61.7147 -64.7457 479.555 -133.627 9.38646e-05 65.329 
-62.1964 -64.6542 479.54 46.11 0.000106136 -114.502 
-62.6807 -64.5664 479.52 45.849 0.00050614 -114.335 
-63.1613 -64.4757 479.507 -134.41 0.000793859 65.831 
-63.6437 -64.3855 479.489 45.332 0.00010614 -114.005 
-64.1276 -64.2957 479.473 -134.925 0.00079386 66.158 
-64.6112 -64.2087 479.452 44.821 0.000506142 -113.681 
-65.092 -64.1178 479.438 44.568 0.000106143 -113.521 
-65.5768 -64.0295 479.419 -135.684 0.000193857 66.637 
-66.06 -63.9407 479.402 -135.934 0.000193857 66.794 
-66.5428 -63.8502 479.385 -136.183 9.38608e-05 66.949 
-67.024 -63.7593 479.369 43.57 0.000206143 -112.898 
-67.5082 -63.6722 479.35 43.325 0.000706141 -112.746 
-67.9885 -63.5802 479.336 43.081 0.000306142 -112.596 
-68.4718 -63.4922 479.318 42.839 0.000106143 -112.447 
-68.9546 -63.4026 479.301 0 6.27393e-06 -69.701 
-69.437 -63.3114 479.285 0 6.15665e-06 -69.796 
-69.9214 -63.2254 479.265 42.121 0.000206138 -112.009 
-70.4028 -63.1334 479.251 -138.116 0.000593858 68.134 
-70.8864 -63.0444 479.232 -138.351 0.000193857 68.275 
-71.3684 -62.9551 479.215 41.416 0.000306142 -111.585 
-71.851 -62.8654 479.199 -138.816 9.38608e-05 68.553 
-72.3321 -62.7755 479.183 -139.046 0.000393857 68.69 
-72.8164 -62.6873 479.164 40.725 0.000306142 -111.174 
-73.2977 -62.5956 479.15 -139.503 0.000893858 68.96 
-73.7801 -62.5059 479.132 0 6.15665e-06 -70.637 
-74.2621 -62.4172 479.115 0 6.15665e-06 -70.73 
-74.7484 -62.3289 479.095 39.823 0.00100614 -110.647 
-75.2295 -62.2397 479.079 0 6.09716e-06 -70.917 
-75.7113 -62.1479 479.065 -140.619 0.000893859 69.608 
-76.1941 -62.0583 479.047 39.162 0.00020614 -110.267 
-76.6766 -61.9697 479.029 38.945 0.000306142 -110.143 
-77.1598 -61.8808 479.013 -141.271 0.00059386 69.98 
-77.6414 -61.7897 478.997 -141.486 0.000393857 70.101 
-78.1265 -61.7028 478.977 -141.699 0.000293861 70.221 
-78.6061 -61.6107 478.963 -141.911 9.38608e-05 70.339 
-79.0892 -61.5228 478.945 37.879 0.000106143 -109.544 
-79.573 -61.4323 478.927 37.669 0.000206138 -109.428 
-80.0542 -61.3434 478.911 37.462 0.000306142 -109.314 
-80.5371 -61.2529 478.895 -142.745 0.00059386 70.799 
-81.0214 -61.1649 478.875 37.05 0.000406141 -109.089 
-81.5023 -61.0737 478.861 -143.154 0.000493859 71.021 
-81.9858 -60.9858 478.843 -143.356 0.000593861 71.13 
-82.4688 -60.8968 478.826 -143.557 0.000593858 71.237 
-82.9502 -60.806 478.809 36.243 0.000306139 -108.656 
-83.4334 -60.7159 478.793 -143.956 0.000893859 71.449 
-83.9181 -60.6283 478.774 -144.153 0.000193857 71.552 
-84.3982 -60.5369 478.759 -144.349 0.000493858 71.655 
-84.8819 -60.4474 478.741 35.456 0.000106143 -108.244 
-85.3653 -60.3593 478.724 -144.737 0.000293859 71.856 
-85.8471 -60.2695 478.707 35.071 0.000106143 -108.046 
-86.3296 -60.1796 478.691 -145.12 0.000493858 72.052 
-86.8146 -60.0908 478.671 34.69 0.00070614 -107.852 
-87.2951 -60.0007 478.656 -145.498 9.38608e-05 72.243 
-87.7793 -59.9127 478.638 0 6.15665e-06 -73.349 
-88.2631 -59.8238 478.62 -145.871 9.38608e-05 72.429 
-88.7452 -59.7333 478.603 33.944 0.000806141 -107.48 
-89.2269 -59.6443 478.586 33.761 0.000506142 -107.39 
-89.7093 -59.5531 478.57 33.578 0.00010614 -107.301 
-90.1901 -59.4626 478.555 -146.603 0.00039386 72.787 
-90.6747 -59.3743 478.536 0 5.97642e-06 -73.91 
-91.1579 -59.2869 478.518 33.039 0.00020614 -107.042 
-91.6415 -59.1971 478.501 32.861 0.000306141 -106.958 
-92.1247 -59.1067 478.484 32.684 0.000306141 -106.875 
-92.6064 -59.0173 478.467 32.509 0.000106136 -106.793 
-93.0876 -58.9272 478.452 -147.665 0.000193861 73.288 
-93.5683 -58.8365 478.436 -147.838 0.000693859 73.367 
-94.0529 -58.748 478.418 -148.01 0.000293859 73.446 
-94.537 -58.6588 478.4 -148.181 9.38608e-05 73.523 
-95.0196 -58.5708 478.382 0 6.03709e-06 -74.751 
-95.5027 -58.4806 478.365 -148.519 9.38646e-05 73.674 
-95.9831 -58.3908 478.349 31.314 0.00060614 -106.252 
-96.4652 -58.2995 478.333 31.147 0.00020614 -106.179 
-96.9503 -58.2122 478.314 30.982 0.000506141 -106.107 
-97.4304 -58.1217 478.299 -149.182 0.000193857 73.963 
-97.9145 -58.0334 478.281 -149.345 0.000193859 74.033 
-98.3978 -57.9423 478.264 30.492 0.000606141 -105.898 
-98.8809 -57.8532 478.247 30.331 0.000306138 -105.831 
-99.3635 -57.7637 478.23 -149.829 0.000193863 74.236 
-99.8443 -57.673 478.214 30.012 0.000106136 -105.699 
-100.326 -57.5828 478.199 -150.146 0.00079386 74.366 
-100.81 -57.4941 478.18 29.697 0.00010615 -105.571 
-101.293 -57.4069 478.161 29.542 0.000806141 -105.509 
-101.773 -57.3158 478.148 -150.613 0.000693859 74.553 
-102.256 -57.2262 478.13 -150.767 0.000393857 74.613 
-102.738 -57.1364 478.114 -150.92 0.000193859 74.673 
-103.225 -57.0489 478.093 28.928 0.00070614 -105.269 
-103.706 -56.9586 478.078 28.777 0.000406141 -105.211 
-104.187 -56.8681 478.062 -151.373 0.000193859 74.845 
-104.671 -56.7799 478.043 28.478 0.000106133 -105.099 
-105.156 -56.6916 478.025 28.33 0.000206142 -105.045 
-105.635 -56.5981 478.011 0 6.03709e-06 -76.809 
-106.118 -56.5095 477.994 -151.964 0.000293859 75.062 
-106.599 -56.42 477.977 27.891 0.000106143 -104.887 
-107.087 -56.3319 477.957 27.746 0.000306142 -104.836 
-107.568 -56.2422 477.941 27.603 0.000206145 -104.786 
-108.049 -56.1507 477.926 0 6.15665e-06 -77.277 
-108.533 -56.0635 477.907 27.319 0.000506142 -104.689 
-109.017 -55.9744 477.889 27.178 0.00080614 -104.641 
-109.496 -55.8827 477.875 -152.962 0.000193859 75.405 
-109.98 -55.7936 477.858 -153.101 0.00039386 75.45 
-110.462 -55.7038 477.841 26.761 0.000206142 -104.505 
-110.944 -55.6147 477.825 -153.376 0.000393861 75.539 
-111.429 -55.5275 477.805 26.488 0.00070614 -104.419 
-111.912 -55.4366 477.789 -153.648 0.000393859 75.623 
-112.397 -55.3475 477.77 26.217 0.000306141 -104.335 
-112.876 -55.2581 477.756 -153.916 0.000293858 75.705 
-113.36 -55.1693 477.738 -154.049 0.000193859 75.744 
-113.843 -55.078 477.72 25.818 0.00080614 -104.217 
-114.326 -54.9895 477.703 25.687 0.000506142 -104.179 
-114.809 -54.9012 477.686 -154.443 9.38646e-05 75.858 
-115.29 -54.8104 477.67 25.427 0.000106136 -104.106 
-115.771 -54.7198 477.654 25.298 0.000106143 -104.071 
-116.257 -54.6319 477.635 25.17 0.000806141 -104.036 
-116.736 -54.5418 477.62 25.043 0.00020614 -104.002 
-117.222 -54.4523 477.601 24.916 0.00040614 -103.969 
-117.701 -54.3607 477.587 -155.21 0.000593859 76.063 
-118.184 -54.2712 477.569 24.665 0.000106143 -103.906 
-118.668 -54.1826 477.552 -155.459 0.000393858 76.125 
-119.149 -54.0937 477.535 -155.582 0.000193861 76.155 
-119.631 -54.003 477.519 -155.705 0.000193857 76.184 
-120.118 -53.9151 477.499 24.173 0.000506142 -103.787 
-120.599 -53.8252 477.483 -155.948 9.38569e-05 76.24 
-121.084 -53.738 477.465 23.932 0.000106146 -103.733 
-121.563 -53.6462 477.45 23.812 0.000106133 -103.707 
-122.048 -53.5578 477.432 -156.307 0.000193861 76.319 
