-18.2501 109.574 377.586 99.4561 0.000593858 -100.324 
-18.2523 109.573 377.586 99.4573 0.000593858 -100.326 
-18.2559 109.571 377.586 -80.5407 0.00040614 79.6709 
-18.2602 109.565 377.592 -80.538 0.000406141 79.6668 
-18.2662 109.558 377.597 -80.5344 0.00040614 79.6615 
-18.2729 109.548 377.609 99.4699 0.000593858 -100.345 
-18.2817 109.539 377.614 -80.5249 0.000406141 79.6473 
-18.2911 109.526 377.626 -80.519 0.000306142 79.6384 
-18.3023 109.514 377.637 -80.5122 0.000306142 79.6283 
-18.3142 109.496 377.654 99.4953 0.000693858 -100.383 
-18.328 109.482 377.665 -80.4964 0.000306142 79.6047 
-18.3427 109.462 377.682 -80.4873 0.00020614 79.591 
-18.3591 109.443 377.699 -80.4773 0.000206143 79.5762 
-18.3768 109.424 377.716 -80.4666 0.00020614 79.5602 
-18.3951 109.398 377.738 -80.4551 0.000106136 79.543 
-18.415 109.373 377.761 -80.4428 0.000106143 79.5247 
-18.4364 109.347 377.784 -80.4297 0.000106136 79.5051 
-18.4592 109.321 377.806 0 6.03709e-06 -0.931403 
-18.4827 109.289 377.834 0 6.15665e-06 -0.938703 
-18.5077 109.257 377.862 99.6144 9.38608e-05 -100.561 
-18.5343 109.225 377.891 99.6307 9.38608e-05 -100.585 
-18.5623 109.193 377.919 99.6478 0.000193861 -100.611 
-18.5915 109.158 377.947 -80.3343 0.000806141 79.3627 
-18.6221 109.121 377.981 99.6845 0.000293858 -100.665 
-18.6535 109.081 378.015 -80.296 0.000706142 79.3056 
-18.6866 109.042 378.049 -80.2757 0.000606141 79.2753 
-18.7207 108.999 378.088 99.7455 0.000493859 -100.756 
-18.7561 108.955 378.128 99.7675 0.000493858 -100.789 
-18.7927 108.909 378.167 99.7902 0.00059386 -100.823 
-18.8308 108.863 378.207 -80.1862 0.000406141 79.142 
-18.8709 108.817 378.246 -80.1617 0.000306142 79.1056 
-18.9113 108.766 378.292 -80.1365 0.000306143 79.068 
-18.9533 108.714 378.337 -80.1104 0.000206143 79.0293 
-18.9966 108.662 378.382 -80.0836 0.000106143 78.9893 
-19.0407 108.605 378.433 -80.0559 0.000106143 78.9481 
-19.0874 108.552 378.478 0 6.09716e-06 -1.1217 
-19.1344 108.494 378.529 0 6.15665e-06 -1.136 
-19.1817 108.431 378.586 100.032 9.38608e-05 -101.183 
-19.2318 108.372 378.637 100.063 9.38569e-05 -101.229 
-19.2828 108.308 378.693 100.095 0.000193859 -101.276 
-19.3356 108.243 378.75 100.128 0.000193856 -101.325 
-19.3883 108.178 378.807 100.161 0.000293859 -101.375 
-19.4448 108.113 378.863 100.196 0.000293859 -101.426 
-19.5002 108.042 378.926 100.231 0.000393859 -101.478 
-19.5574 107.971 378.988 100.267 0.000393858 -101.531 
-19.6165 107.9 379.051 100.304 0.000393859 -101.586 
-19.6773 107.828 379.113 100.342 0.000493859 -101.642 
-19.7371 107.751 379.181 100.38 0.000493858 -101.699 
-19.8012 107.677 379.244 -79.58 0.000506141 78.2421 
-19.8639 107.595 379.317 100.46 0.000493858 -101.818 
-19.9309 107.516 379.385 100.502 0.00059386 -101.879 
-19.9975 107.436 379.454 -79.456 0.000406141 78.0591 
-20.0652 107.352 379.528 -79.413 0.000406141 77.9956 
-20.1328 107.268 379.602 -79.37 0.000406141 77.9308 
-20.204 107.183 379.676 -79.325 0.00040614 77.8648 
-20.276 107.092 379.755 -79.279 0.000506142 77.7975 
-20.348 107.003 379.835 100.767 0.000493858 -102.271 
-20.4235 106.912 379.915 100.815 0.000493859 -102.341 
-20.4988 106.82 379.995 100.863 0.000493859 -102.412 
-20.5755 106.727 380.074 -79.088 0.000606142 77.5154 
-20.6535 106.631 380.16 100.962 0.000393859 -102.558 
-20.733 106.533 380.246 101.013 0.000293859 -102.633 
-20.8141 106.435 380.331 101.065 0.000193859 -102.71 
-20.896 106.331 380.423 101.118 9.38608e-05 -102.787 
-20.9787 106.232 380.508 0 6.15665e-06 -1.6953 
-21.0638 106.127 380.6 -78.774 0.00010615 77.0534 
-21.1507 106.022 380.691 -78.718 0.00020614 76.9719 
-21.2366 105.913 380.789 101.338 0.000693859 -103.111 
-21.3247 105.806 380.88 -78.605 0.00050614 76.8048 
-21.4158 105.696 380.978 101.454 0.00039386 -103.281 
-21.5064 105.585 381.075 101.513 0.000193861 -103.368 
-21.5986 105.473 381.173 0 6.15665e-06 -1.8828 
-21.6915 105.355 381.276 -78.366 0.000206138 76.4547 
-21.787 105.242 381.373 -78.304 0.000406141 76.3638 
-21.883 105.124 381.477 -78.241 0.000606142 76.2716 
-21.9799 105.001 381.586 101.823 9.38646e-05 -103.822 
-22.0791 104.882 381.689 -78.112 0.00010614 76.0831 
-22.1792 104.758 381.799 101.954 0.00059386 -104.013 
-22.2805 104.633 381.908 102.021 0.000293862 -104.111 
-22.3834 104.507 382.018 -77.911 0.00010614 75.7901 
-22.4879 104.381 382.127 -77.842 0.000406141 75.6897 
-22.5931 104.251 382.242 102.228 0.000193857 -104.412 
-22.7007 104.124 382.352 -77.701 0.000206142 75.4848 
-22.8079 103.987 382.473 102.371 0.000393857 -104.62 
-22.9174 103.854 382.589 0 6.27393e-06 -2.2818 
-23.0285 103.721 382.704 -77.482 0.000506142 75.1668 
-23.1402 103.583 382.826 0 6.15665e-06 -2.349 
-23.2535 103.445 382.947 102.669 0.000493859 -105.052 
-23.366 103.305 383.069 0 6.09716e-06 -2.4188 
-23.4829 103.16 383.196 102.824 0.000393859 -105.277 
-23.6003 103.019 383.318 -77.097 0.00020614 74.6087 
-23.7182 102.874 383.446 102.983 0.000193857 -105.507 
-23.8373 102.727 383.574 -76.936 0.000506142 74.3754 
-23.9582 102.581 383.702 -76.854 0.00020614 74.2566 
-24.0793 102.429 383.835 103.229 9.38608e-05 -105.864 
-24.2036 102.277 383.969 103.314 0.000293857 -105.985 
-24.3275 102.124 384.103 103.399 0.000493861 -106.109 
-24.4547 101.971 384.237 103.486 0.000693859 -106.233 
-24.5811 101.816 384.371 -76.427 0.00020614 73.6406 
-24.7097 101.656 384.511 -76.338 0.00010614 73.513 
-24.8401 101.498 384.652 103.752 0.000893859 -106.616 
-24.9711 101.336 384.792 -76.157 0.000106143 73.2532 
-25.1038 101.175 384.932 -76.065 0.000106136 73.1211 
-25.2379 101.013 385.073 -75.972 0.00020614 72.9874 
-25.372 100.846 385.22 -75.878 0.000406141 72.8522 
-25.5077 100.68 385.366 104.217 0.000493861 -107.285 
-25.6463 100.512 385.513 104.314 0.000193861 -107.423 
-25.786 100.343 385.66 0 6.21557e-06 -3.1505 
-25.9257 100.168 385.813 -75.489 0.000406141 72.2961 
-26.0671 99.9944 385.966 104.611 0.000193857 -107.847 
-26.2093 99.8188 386.119 -75.288 0.000206145 72.0088 
-26.3532 99.6442 386.272 104.814 0.000293859 -108.137 
-26.4996 99.467 386.425 -75.082 0.00020614 71.7152 
-26.6463 99.286 386.585 105.023 9.38608e-05 -108.434 
-26.7942 99.1041 386.744 105.129 0.000493859 -108.585 
-26.9429 98.9206 386.904 -74.764 0.000306141 71.2628 
-27.0931 98.7378 387.064 -74.656 0.000106143 71.1088 
-27.2448 98.5489 387.23 105.454 9.38569e-05 -109.047 
-27.3992 98.3647 387.39 105.565 9.38569e-05 -109.204 
-27.5532 98.1749 387.557 105.677 9.3853e-05 -109.363 
-27.7083 97.9845 387.723 0 6.15665e-06 -3.7335 
-27.8653 97.7894 387.896 105.905 0.00089386 -109.686 
-28.0239 97.596 388.063 -73.979 0.000306142 70.1505 
-28.1831 97.4001 388.236 106.138 0.000293859 -110.015 
-28.3428 97.2019 388.409 0 6.15665e-06 -3.9262 
-28.5058 97.0042 388.582 106.376 0.00049386 -110.351 
-28.6693 96.8047 388.756 -73.503 0.000106143 69.4783 
-28.8328 96.6008 388.935 106.619 0.000293859 -110.694 
-29.0002 96.3998 389.109 -73.257 0.00050614 69.1321 
-29.1674 96.1943 389.289 -73.132 0.000306142 68.9564 
-29.3356 95.9883 389.469 -73.006 0.000206142 68.779 
-29.5064 95.7813 389.65 -72.878 0.000206142 68.5998 
-29.6767 95.5687 389.836 -72.749 0.000306142 68.4189 
-29.8484 95.3571 390.023 107.381 0.000393857 -111.764 
-30.0233 95.1464 390.205 -72.487 0.000906141 68.0518 
-30.1973 94.9294 390.398 107.646 0.000693859 -112.134 
-30.3746 94.7136 390.585 107.781 9.38608e-05 -112.322 
-30.5527 94.497 390.773 -72.083 0.000506142 67.4879 
-30.7305 94.2765 390.967 -71.946 0.000306139 67.2963 
-30.9109 94.0547 391.162 -71.807 0.00020614 67.1029 
-31.0921 93.8324 391.356 -71.667 0.00020614 66.9077 
-31.2757 93.6088 391.551 -71.525 0.000306142 66.7106 
-31.4601 93.3848 391.746 -71.382 0.000606141 66.5117 
-31.6458 93.1561 391.947 0 6.09716e-06 -4.926 
-31.8323 92.9268 392.149 108.909 0.000393859 -113.892 
-32.0194 92.6967 392.351 109.056 0.000793859 -114.096 
-32.2085 92.4642 392.553 0 6.27393e-06 -5.0975 
-32.4004 92.2319 392.756 0 6.15665e-06 -5.1547 
-32.5918 91.9954 392.965 109.508 0.000893859 -114.721 
-32.7846 91.7606 393.168 -70.339 0.000406141 65.067 
-32.9789 91.5223 393.377 109.816 0.000193857 -115.147 
-33.175 91.2815 393.587 -70.027 0.00040614 64.6371 
-33.3722 91.0413 393.797 -69.869 0.000106143 64.4193 
-33.5699 90.7951 394.013 0 6.15665e-06 -5.5095 
-33.77 90.5531 394.224 -69.548 0.00010614 63.9777 
-33.971 90.3065 394.442 110.615 0.00059386 -116.246 
-34.1735 90.0571 394.659 110.78 0.000193861 -116.472 
-34.3772 89.8085 394.877 110.946 0.00059386 -116.7 
-34.5808 89.5578 395.095 -68.887 0.000206143 63.0707 
-34.7887 89.3067 395.314 -68.717 0.000206138 62.839 
-34.9952 89.0501 395.539 -68.546 0.000406141 62.6052 
-35.2027 88.7942 395.764 111.626 0.000193857 -117.631 
-35.4139 88.5365 395.99 111.801 0.000493859 -117.869 
-35.6254 88.2779 396.216 111.977 0.000693859 -118.108 
-35.8368 88.0173 396.443 -67.846 0.000306142 61.6496 
-36.0508 87.7569 396.67 -67.667 0.000606141 61.4055 
-36.2653 87.4916 396.903 -67.486 0.000106136 61.1593 
-36.4831 87.2284 397.131 -67.303 0.000806141 60.9111 
-36.7019 86.9619 397.366 112.882 0.000193857 -119.339 
-36.9206 86.6932 397.601 0 6.15665e-06 -6.5238 
-37.141 86.4231 397.836 -66.744 0.000406141 60.1535 
-37.3604 86.149 398.078 -66.555 0.000106143 59.8968 
-37.5851 85.8777 398.314 -66.363 0.00010615 59.6378 
-37.8086 85.6022 398.557 113.83 0.000593859 -120.623 
-38.0333 85.324 398.8 114.025 9.38608e-05 -120.887 
-38.2618 85.049 399.038 -65.778 0.00070614 58.848 
-38.489 84.7698 399.282 -65.58 0.00070614 58.5804 
-38.7185 84.4867 399.533 114.621 0.00089386 -121.69 
-38.9491 84.2048 399.778 114.823 0.000193859 -121.962 
-39.1814 83.9215 400.024 -64.973 0.000806141 57.7641 
-39.4143 83.6346 400.277 0 6.15665e-06 -7.2794 
-39.6474 83.3469 400.53 115.44 0.000393859 -122.791 
-39.8835 83.0573 400.783 115.65 0.000393861 -123.072 
-40.1212 82.7659 401.037 115.862 0.000193861 -123.356 
-40.3596 82.4752 401.292 116.075 0.000593861 -123.641 
-40.5989 82.1817 401.548 -63.71 0.000406141 56.0709 
-40.8403 81.8878 401.804 -63.493 0.000706142 55.7807 
-41.0815 81.5892 402.066 -63.274 0.000306139 55.4882 
-41.3263 81.2897 402.33 116.948 0.00059386 -124.807 
-41.5706 80.9919 402.588 -62.83 0.00080614 54.8963 
-41.8168 80.69 402.852 -62.605 0.00060614 54.5968 
-42.0643 80.3864 403.117 -62.378 0.000806141 54.295 
-42.3138 80.0824 403.383 -62.149 0.000306142 53.9908 
-42.5631 79.7739 403.656 118.082 0.00059386 -126.316 
-42.8153 79.4667 403.923 118.315 0.000193859 -126.625 
-43.0673 79.1586 404.191 -61.451 0.000606141 53.0641 
-43.3211 78.8464 404.466 118.786 9.38646e-05 -127.25 
-43.5761 78.5325 404.741 119.025 0.000293858 -127.566 
-43.8321 78.2167 405.017 119.266 0.000193863 -127.884 
-44.0906 77.9046 405.288 -60.492 0.00050614 51.7951 
-44.3499 77.5867 405.566 -60.247 0.000606142 51.4726 
-44.6081 77.2698 405.844 0 6.03709e-06 -8.8527 
-44.8649 76.9526 406.123 120.243 9.38569e-05 -129.175 
-45.1233 76.6348 406.402 120.49 0.000893859 -129.5 
-45.382 76.3197 406.677 120.737 0.000293859 -129.825 
-45.6418 76.0028 406.951 -59.014 0.000806142 49.8482 
-45.8996 75.6849 407.233 121.235 0.000793859 -130.479 
-46.1569 75.3685 407.509 0 6.15665e-06 -9.3231 
-46.416 75.0514 407.785 -58.265 0.00020614 48.8642 
-46.6744 74.7352 408.063 121.986 9.38646e-05 -131.465 
-46.9323 74.4178 408.34 122.238 9.38608e-05 -131.796 
-47.1909 74.1005 408.619 122.491 0.000593858 -132.127 
-47.4497 73.7858 408.892 -57.256 0.000306142 47.5416 
-47.7071 73.4681 409.172 122.998 0.00039386 -132.791 
-47.9662 73.1523 409.446 -56.747 0.00040614 46.8759 
-48.2239 72.8334 409.728 123.509 0.000393859 -133.458 
-48.4827 72.5183 410.003 123.765 0.000793859 -133.793 
-48.7404 72.2008 410.28 -55.978 0.000306141 45.8719 
-48.9995 71.8844 410.557 124.28 0.000193857 -134.464 
-49.2583 71.5668 410.835 124.539 0.000193857 -134.801 
-49.5183 71.2529 411.107 -55.202 0.00020614 44.8617 
-49.7761 70.9347 411.386 -54.942 0.000106143 44.5236 
-50.0332 70.6174 411.666 125.318 0.000493859 -135.815 
-50.292 70.3015 411.94 -54.421 0.000306141 43.8454 
-50.5514 69.9856 412.215 -54.159 0.00060614 43.5053 
-50.808 69.6675 412.497 126.103 0.000593859 -136.835 
-51.0676 69.35 412.774 126.367 0.00039386 -137.177 
-51.3254 69.0342 413.051 126.63 0.000593859 -137.519 
-51.584 68.716 413.329 126.895 0.00039386 -137.861 
-51.843 68.4022 413.601 -52.841 0.000306139 41.7955 
-52.1016 68.0845 413.881 127.425 0.000493859 -138.548 
-52.3587 67.7662 414.161 127.691 0.00079386 -138.893 
-52.6186 67.4506 414.435 127.958 0.000493859 -139.238 
-52.8769 67.1343 414.711 -51.775 0.00020614 40.4169 
-53.1359 66.8177 414.987 -51.507 0.000406141 40.0709 
-53.3943 66.5018 415.264 -51.239 0.00020614 39.7243 
-53.6524 66.1843 415.541 -50.97 0.000406141 39.3771 
-53.9099 65.8674 415.819 -50.701 0.000206142 39.0294 
-54.1681 65.5502 416.098 129.569 0.000493858 -141.319 
-54.4282 65.2341 416.372 -50.16 0.00040614 38.3326 
-54.6843 64.9168 416.652 130.11 0.000293859 -142.017 
-54.9437 64.5997 416.928 -49.618 0.000706141 37.6337 
-55.2034 64.2842 417.203 -49.346 0.000106146 37.2835 
-55.4617 63.968 417.48 -49.074 0.000106136 36.9329 
-55.7197 63.6504 417.758 -48.801 0.000706142 36.5819 
-55.9782 63.3342 418.036 131.472 0.000193857 -143.77 
-56.2353 63.0152 418.314 -48.254 0.000406141 35.8784 
-56.493 62.6978 418.594 132.02 0.00039386 -144.474 
-56.7517 62.3824 418.868 -47.706 0.000406141 35.1733 
-57.011 62.0664 419.144 -47.431 0.000706142 34.8202 
-57.2675 61.7481 419.425 132.844 0.000393859 -145.533 
-57.5271 61.4318 419.702 133.12 0.000893859 -145.887 
-57.7853 61.1148 419.98 133.396 0.000793859 -146.242 
-58.0445 60.7996 420.252 -46.328 0.000806141 33.4039 
-58.303 60.4822 420.531 0 6.03709e-06 -13.002 
-58.5601 60.164 420.81 134.226 0.000193861 -147.306 
-58.8193 59.8487 421.085 -45.497 0.000206136 32.3382 
-59.0793 59.5326 421.36 -45.219 0.00020614 31.9823 
-59.3378 59.2158 421.636 -44.941 0.00080614 31.6262 
-59.5935 58.8965 421.919 135.337 9.38608e-05 -148.73 
-59.8539 58.5826 422.191 -44.385 0.00070614 30.9131 
-60.1126 58.2653 422.469 -44.106 0.000106143 30.5562 
-60.3698 57.9472 422.749 -43.827 0.000106136 30.199 
-60.6293 57.6317 423.023 -43.548 0.000706142 29.8417 
-60.886 57.3139 423.304 136.731 9.38608e-05 -150.516 
-61.1449 56.9986 423.579 137.01 0.000293861 -150.874 
-61.4035 56.6814 423.856 -42.71 0.000106143 28.7684 
-61.6619 56.3643 424.133 -42.43 0.000206142 28.4103 
-61.92 56.0472 424.411 137.85 0.000193861 -151.948 
-62.1805 55.7326 424.684 -41.87 0.00010614 27.6936 
-62.4371 55.4147 424.964 -41.59 0.000106146 27.3351 
-62.697 55.0981 425.239 -41.309 0.000606141 26.9764 
-62.953 54.7802 425.52 138.971 0.000193857 -153.382 
-63.2125 54.4636 425.797 139.252 0.000393859 -153.741 
-63.4698 54.1471 426.074 -40.468 0.00010614 25.8999 
-63.7289 53.8303 426.352 139.813 0.000793859 -154.459 
-63.9895 53.5149 426.625 0 6.15665e-06 -14.7241 
-64.245 53.1972 426.904 -39.626 0.000306139 24.8229 
-64.5053 52.8816 427.179 -39.345 0.000406141 24.4638 
-64.7614 52.5626 427.46 -39.064 0.000106143 24.1047 
-65.0213 52.2467 427.737 141.217 0.00059386 -156.254 
-65.2799 51.9297 428.014 141.498 0.00059386 -156.613 
-65.5362 51.6127 428.292 0 6.15665e-06 -15.1944 
-65.7974 51.2975 428.565 -37.941 0.000306139 22.6686 
-66.0543 50.979 428.844 -37.66 0.000206142 22.3097 
-66.3144 50.6645 429.119 142.62 0.000193857 -158.049 
-66.574 50.3477 429.395 -37.099 0.000106146 21.5921 
-66.8285 50.0287 429.677 0 6.03709e-06 -15.5855 
-67.0871 49.7125 429.954 143.461 0.000393859 -159.125 
-67.3473 49.3973 430.227 -36.259 0.000906141 20.5165 
-67.6056 49.0805 430.506 144.021 0.000193857 -159.842 
-67.8626 48.7624 430.786 144.301 0.000593858 -160.2 
-68.1225 48.4461 431.061 144.581 0.000393859 -160.558 
-68.3802 48.1298 431.336 -35.14 0.00050614 19.0845 
-68.64 47.8127 431.613 -34.86 0.00010614 18.7269 
-68.8977 47.4956 431.891 -34.581 0.000406141 18.3695 
-69.1544 47.1792 432.169 -34.303 0.000306139 18.0124 
-69.4149 46.8633 432.443 -34.024 0.000906141 17.6555 
-69.6715 46.546 432.723 -33.746 0.000206143 17.2988 
-69.9319 46.229 432.999 -33.467 0.000106136 16.9424 
-70.1895 45.9132 433.275 -33.19 0.00080614 16.5863 
-70.449 45.5965 433.552 -32.912 0.000106143 16.2304 
-70.7064 45.2795 433.83 0 6.15665e-06 -16.7601 
-70.9639 44.9621 434.109 147.642 0.000293859 -164.48 
-71.2244 44.6461 434.384 0 6.03709e-06 -16.9163 
-71.4797 44.3279 434.664 0 6.15665e-06 -16.9949 
-71.7393 44.0119 434.94 148.471 0.000293859 -165.544 
-71.9977 43.6944 435.217 0 6.15665e-06 -17.151 
-72.2553 43.3776 435.495 -30.978 0.000106143 13.7485 
-72.5161 43.0621 435.768 -30.703 0.000806141 13.3954 
-72.7729 42.7452 436.048 -30.429 0.00020614 13.0426 
-73.0329 42.4294 436.323 -30.155 0.00020614 12.6903 
-73.2884 42.1104 436.604 150.119 9.38569e-05 -167.662 
-73.5477 41.7945 436.881 150.392 0.000593858 -168.013 
-73.8089 41.4789 437.153 -29.335 0.000406143 11.6359 
-74.0662 41.1621 437.432 -29.063 0.00020614 11.2853 
-74.3234 40.8444 437.711 151.209 0.000393859 -169.065 
-74.5832 40.5291 437.986 151.48 0.000293861 -169.415 
-74.8418 40.2123 438.262 -28.249 0.000506142 10.2363 
-75.1017 39.8953 438.539 0 6.21557e-06 -18.0904 
-75.3595 39.5781 438.816 -27.708 0.000106136 9.53943 
-75.6167 39.2613 439.095 152.561 9.38608e-05 -170.808 
-75.8739 38.9437 439.375 152.83 0.000593858 -171.155 
-76.1324 38.6275 439.649 -26.902 0.000506142 8.49805 
-76.3923 38.3111 439.925 -26.634 0.000306142 8.15201 
-76.6503 37.9945 440.202 -26.367 0.000806141 7.80652 
-76.9095 37.6776 440.48 153.9 9.3853e-05 -172.538 
-77.1667 37.3604 440.758 154.166 0.000293859 -172.883 
-77.4269 37.0452 441.032 -25.569 0.00020614 6.77349 
-77.6821 36.7268 441.313 -25.304 0.000306142 6.43032 
-77.9415 36.411 441.589 0 6.15665e-06 -18.9522 
-78.1997 36.0936 441.866 -24.776 0.000506142 5.74582 
-78.4586 35.7771 442.144 155.487 0.000393859 -174.596 
-78.7161 35.459 442.423 155.75 0.000693858 -174.936 
-78.9759 35.1442 442.697 156.011 0.000293861 -175.276 
-79.2345 34.8277 442.972 -23.728 0.000806141 4.38436 
-79.4907 34.5091 443.254 156.533 0.00059386 -175.954 
-79.7486 34.1918 443.532 156.793 0.000193857 -176.292 
-80.0096 33.8764 443.804 -22.948 0.000806141 3.37013 
-80.2662 33.5596 444.084 -22.69 0.000406143 3.03341 
-80.5266 33.2433 444.358 -22.432 0.00070614 2.69738 
-80.7828 32.9257 444.64 157.825 0.000393859 -177.638 
-81.0406 32.6093 444.916 -21.919 0.000106129 2.02742 
-81.2998 32.2923 445.194 158.337 0.00069386 -178.307 
-81.5608 31.9765 445.467 -21.408 0.000106143 1.3603 
-81.8175 31.6594 445.747 158.846 0.000493859 -178.972 
-82.0766 31.342 446.022 -20.9 0.000606141 0.696089 
-82.3358 31.0268 446.298 -20.648 0.000206138 0.365089 
-82.5938 30.7098 446.575 -20.396 0.000506141 0.0348361 
-82.8512 30.3931 446.853 -20.145 0.00050614 -0.294664 
-83.1086 30.0751 447.132 0 6.15665e-06 -20.5174 
-83.3692 29.7586 447.407 -19.644 0.00010614 -0.951382 
-83.628 29.4419 447.683 -19.395 0.000906141 -1.27859 
-83.8875 29.1257 447.959 -19.147 0.000206143 -1.60502 
-84.1452 28.8093 448.237 -18.9 0.000206143 -1.93066 
-84.4028 28.4916 448.516 161.347 0.000293857 177.744 
-84.658 28.1751 448.796 161.592 9.38608e-05 177.42 
-84.9184 27.859 449.071 161.837 0.000393861 177.097 
-85.1775 27.5411 449.348 162.082 9.38608e-05 176.775 
-85.4355 27.2249 449.625 162.325 0.000193861 176.453 
-85.693 26.9088 449.903 162.567 0.000693859 176.132 
-85.9531 26.5921 450.177 -17.191 0.000406141 -4.18783 
-86.2086 26.2744 450.458 0 6.15665e-06 -21.457 
-86.4677 25.958 450.734 -16.71 0.000306138 -4.82541 
-86.7262 25.6417 451.011 0 6.15665e-06 -21.614 
-86.9847 25.3241 451.289 163.768 0.00059386 174.54 
-87.2449 25.0088 451.563 -15.995 0.000306139 -5.77554 
-87.501 24.691 451.843 164.242 0.000193857 173.909 
-87.7606 24.3745 452.119 164.478 0.000193857 173.595 
-88.0184 24.0576 452.396 -15.287 0.000306139 -6.71809 
-88.277 23.7413 452.674 164.947 0.000593858 172.969 
-88.5384 23.4243 452.948 -14.819 0.000106136 -7.34219 
-88.7933 23.1074 453.228 -14.587 0.000306142 -7.65296 
-89.0536 22.7906 453.504 0 6.15665e-06 -22.3179 
-89.3121 22.4734 453.78 -14.124 0.000206143 -8.27191 
-89.5697 22.158 454.058 0 6.15665e-06 -22.4751 
-89.8277 21.8395 454.337 166.335 0.000693859 171.113 
-90.0875 21.5234 454.612 -13.437 0.000106143 -9.19383 
-90.3469 21.2073 454.887 -13.21 0.000406141 -9.49939 
-90.6058 20.8914 455.164 -12.984 0.000206142 -9.80408 
-90.8632 20.5736 455.442 -12.758 0.000506142 -10.1079 
-91.1199 20.2575 455.721 -12.534 0.000306143 -10.4108 
-91.3806 19.9409 455.995 -12.31 0.000606141 -10.7129 
-91.6367 19.6235 456.276 167.913 0.00059386 168.986 
-91.8952 19.3067 456.553 168.135 0.000293857 168.686 
-92.1532 18.9901 456.83 168.356 0.000593859 168.386 
-92.4137 18.6742 457.104 -11.424 0.00060614 -11.9122 
-92.6697 18.3558 457.384 -11.204 0.000306139 -12.2098 
-92.9294 18.0401 457.659 -10.986 0.00050614 -12.5065 
-93.1889 17.7228 457.936 -10.768 0.000106143 -12.8024 
-93.4463 17.407 458.214 -10.552 0.000206142 -13.0973 
-93.7036 17.0897 458.493 169.664 0.000293859 166.609 
-93.9633 16.773 458.767 -10.121 0.000606141 -13.6845 
-94.2242 16.4566 459.043 0 6.15665e-06 -23.8838 
-94.4773 16.1391 459.325 170.306 9.3853e-05 165.732 
-94.7403 15.8235 459.598 -9.482 0.000106143 -14.5587 
-94.9973 15.5053 459.876 170.73 0.000193854 165.152 
-95.2522 15.1887 460.156 170.94 9.38685e-05 164.863 
-95.5129 14.8715 460.432 171.15 0.000593859 164.575 
-95.7715 14.5559 460.709 171.358 0.00059386 164.288 
-96.0285 14.2385 460.987 171.566 0.000293859 164.002 
-96.2897 13.9219 461.261 -8.227 0.00040614 -16.2828 
-96.5459 13.6047 461.541 171.979 0.000493859 163.433 
-96.8049 13.2882 461.817 0 6.09716e-06 -24.6663 
-97.0635 12.9717 462.094 172.388 9.38608e-05 162.867 
-97.3203 12.6552 462.372 -7.409 0.000206138 -17.4143 
-97.5829 12.338 462.646 172.794 0.000193857 162.305 
-97.8375 12.0216 462.926 172.995 0.000193857 162.025 
-98.0966 11.7043 463.202 -6.804 0.000206143 -18.2537 
-98.3551 11.3888 463.48 173.395 9.38608e-05 161.468 
-98.6121 11.0716 463.758 0 6.15665e-06 -25.2148 
-98.8733 10.755 464.032 -6.208 0.000406141 -19.085 
-99.1295 10.4382 464.312 173.989 0.000893859 160.64 
-99.3886 10.1218 464.589 174.185 0.00079386 160.365 
-99.6461 9.80376 464.866 174.381 0.00039386 160.092 
-99.9079 9.48807 465.14 -5.425 0.000406141 -20.181 
-100.165 9.17036 465.419 174.769 0.000593859 159.547 
-100.424 8.85489 465.695 174.961 0.000193861 159.276 
-100.682 8.53773 465.972 -4.847 0.00050614 -20.9939 
-100.94 8.22077 466.249 -4.656 0.000406141 -21.2631 
-101.198 7.90402 466.528 175.534 0.000293861 158.469 
-101.458 7.58773 466.803 -4.277 0.00020614 -21.7988 
-101.714 7.2713 467.083 175.911 0.000893859 157.935 
-101.972 6.95356 467.36 176.099 0.000793859 157.669 
-102.234 6.63804 467.633 -3.715 0.000506142 -22.596 
-102.49 6.32065 467.912 -3.529 0.000206143 -22.8599 
-102.751 6.00379 468.187 -3.344 0.000106143 -23.1231 
-103.006 5.6868 468.468 176.84 0.000693859 156.615 
-103.264 5.37026 468.745 177.023 0.000293859 156.353 
-103.526 5.05422 469.019 -2.795 0.000306142 -23.9073 
-103.782 4.73631 469.298 -2.613 0.000206143 -24.167 
-104.042 4.4207 469.573 -2.433 0.000306144 -24.4259 
-104.301 4.10348 469.85 -2.253 0.00070614 -24.6839 
-104.56 3.78653 470.127 -2.074 0.00020614 -24.941 
-104.817 3.46981 470.406 0 6.03709e-06 -27.0934 
-105.072 3.15334 470.685 0 6.27393e-06 -27.1719 
-105.332 2.83549 470.961 -1.542 0.000206138 -25.7075 
-105.592 2.51976 471.237 178.633 0.000393859 154.039 
-105.848 2.20243 471.515 -1.192 0.000106143 -26.2143 
-106.105 1.88542 471.794 178.982 9.3853e-05 153.534 
-106.366 1.56881 472.069 179.155 9.3853e-05 153.282 
-106.626 1.2525 472.345 0 6.15665e-06 -27.6413 
-106.884 0.936501 472.622 -0.502003 0.000306137 -27.218 
-107.142 0.618977 472.9 179.669 0.000293857 152.533 
-107.398 0.301794 473.179 179.839 0.000693859 152.285 
-107.658 -0.0150377 473.454 0.00800308 0.000106143 -27.9621 
-107.918 -0.331507 473.731 0 6.15665e-06 -28.0326 
-108.176 -0.647606 474.008 0 6.15665e-06 -28.1112 
-108.432 -0.965207 474.286 0.510003 0.000206143 -28.699 
-108.694 -1.28058 474.561 0.675003 0.00050614 -28.943 
-108.949 -1.59739 474.841 -179.16 9.3853e-05 150.814 
-109.208 -1.91387 475.117 -178.996 0.000593858 150.571 
-109.465 -2.23181 475.395 1.168 0.00010614 -29.6703 
-109.728 -2.54757 475.669 -178.67 9.38491e-05 150.089 
-109.983 -2.86465 475.948 -178.508 0.000293858 149.849 
-110.243 -3.18145 476.225 -178.347 0.000293857 149.61 
-110.502 -3.49777 476.501 -178.187 0.000293857 149.371 
-110.759 -3.81554 476.779 -178.027 0.000193857 149.133 
-111.015 -4.13088 477.058 0 6.15665e-06 -28.9727 
-111.275 -4.44789 477.333 2.289 0.000306141 -31.3399 
-111.536 -4.76446 477.61 -177.554 0.000293859 148.425 
-111.794 -5.0824 477.887 2.603 0.000106136 -31.8099 
-112.051 -5.3979 478.165 -177.242 0.000493859 147.956 
-112.313 -5.71508 478.44 0 6.03709e-06 -29.364 
-112.567 -6.03142 478.72 -176.933 0.000393858 147.491 
-112.826 -6.34943 478.996 3.221 0.00020614 -32.741 
-113.084 -6.66498 479.273 -176.627 0.000193861 147.028 
-113.341 -6.9819 479.552 -176.475 0.000593858 146.798 
-113.602 -7.29854 479.827 3.676 0.000106143 -33.4314 
-113.861 -7.61656 480.103 3.827 0.00080614 -33.6601 
-114.121 -7.93207 480.38 3.976 0.000506141 -33.888 
-114.379 -8.24894 480.657 4.125 0.000206143 -34.1152 
-114.635 -8.56515 480.936 -175.727 9.38569e-05 145.658 
-114.896 -8.8831 481.211 4.421 0.00060614 -34.5675 
-115.151 -9.20008 481.491 -175.432 0.000693858 145.208 
-115.408 -9.51667 481.768 0 6.15665e-06 -30.3028 
-115.671 -9.83315 482.042 4.859 0.000606141 -35.2404 
-115.927 -10.1505 482.321 5.004 0.000306143 -35.4633 
-116.188 -10.4676 482.596 5.148 0.000906141 -35.6855 
-116.443 -10.7836 482.876 -174.709 0.00059386 144.093 
-116.7 -11.0992 483.154 0 6.27393e-06 -30.6948 
-116.963 -11.4168 483.428 5.575 0.000406141 -36.3478 
-117.219 -11.7331 483.706 -174.284 9.3853e-05 143.433 
-117.479 -12.0512 483.982 5.857 0.00020614 -36.7859 
-117.739 -12.3665 484.259 5.996 0.000606142 -37.004 
-117.996 -12.6831 484.536 6.135 0.00080614 -37.2213 
-118.254 -13.001 484.814 0 6.21557e-06 -31.1639 
-118.509 -13.3159 485.093 6.411 0.000106143 -37.6539 
-118.769 -13.6329 485.369 6.548 0.000106133 -37.8692 
-119.028 -13.951 485.646 0 6.15665e-06 -31.3989 
-119.287 -14.2663 485.923 -173.18 9.38608e-05 141.702 
-119.543 -14.5849 486.201 -173.044 0.000393859 141.489 
-119.804 -14.9011 486.477 7.09 0.000306142 -38.7238 
-120.063 -15.2186 486.753 7.224 0.000806141 -38.9358 
-120.323 -15.5354 487.029 7.357 0.000206136 -39.1471 
-120.58 -15.8512 487.307 7.489 0.00050614 -39.3578 
-120.837 -16.1682 487.585 -172.379 0.000293858 140.432 
-121.098 -16.485 487.861 7.752 0.000806141 -39.7773 
-121.352 -16.8002 488.141 -172.118 0.000193859 140.014 
-121.611 -17.1174 488.417 -171.988 0.000393857 139.806 
-121.869 -17.4336 488.695 -171.859 0.000693859 139.598 
-122.131 -17.7517 488.97 -171.73 0.000193861 139.392 
-122.385 -18.0679 489.249 8.398 0.000206142 -40.8147 
-122.645 -18.3842 489.525 8.525 0.000406141 -41.0203 
-122.905 -18.7018 489.802 -171.348 0.000493858 138.775 
-123.162 -19.0181 490.08 -171.222 0.000593859 138.57 
-123.424 -19.3365 490.355 8.904 0.000206142 -41.6335 
-123.679 -19.6509 490.634 -170.972 0.000193861 138.163 
-123.939 -19.9694 490.91 9.153 0.000206138 -42.0392 
-124.197 -20.2846 491.187 9.276 0.000406141 -42.2411 
-124.456 -20.6013 491.465 -170.601 0.000493859 137.558 
-124.712 -20.9188 491.743 -170.478 0.000593857 137.357 
-124.972 -21.2362 492.019 9.644 0.000106143 -42.8434 
-125.231 -21.5525 492.295 9.765 0.000606141 -43.0429 
-125.491 -21.8701 492.572 -170.114 9.38608e-05 136.758 
-125.748 -22.1864 492.849 0 6.21557e-06 -33.4343 
-126.004 -22.5015 493.128 -169.875 9.3853e-05 136.362 
-126.265 -22.8188 493.403 10.244 0.000606142 -43.8353 
-126.52 -23.1363 493.683 -169.637 0.000993859 135.968 
-126.779 -23.4513 493.96 -169.52 0.00069386 135.772 
-127.041 -23.7706 494.234 10.598 0.000306142 -44.4236 
-127.298 -24.0854 494.512 10.714 0.000106136 -44.6185 
-127.553 -24.4013 494.791 -169.17 0.000293861 135.187 
-127.813 -24.7193 495.067 10.946 0.000106146 -45.0068 
-128.072 -25.0362 495.344 11.061 0.000206143 -45.2 
-128.33 -25.3518 495.621 11.175 0.000106143 -45.3928 
-128.592 -25.6696 495.896 11.289 0.000706139 -45.5849 
-128.847 -25.9872 496.175 11.403 0.00020614 -45.7766 
-129.108 -26.3026 496.451 11.515 0.000306139 -45.9677 
-129.367 -26.6212 496.728 11.628 0.00020614 -46.1582 
-129.626 -26.9363 497.005 -168.261 0.000193861 133.652 
-129.882 -27.2544 497.283 11.851 0.000206143 -46.5377 
-130.138 -27.5692 497.561 -168.039 0.00059386 133.273 
-130.398 -27.8859 497.837 12.071 0.000206143 -46.915 
-130.658 -28.2039 498.114 -167.819 0.000193861 132.897 
-130.916 -28.5203 498.391 12.29 0.00010614 -47.2903 
-131.172 -28.8377 498.669 12.399 0.000206142 -47.4771 
-131.428 -29.1538 498.947 0 6.27393e-06 -35.1564 
-131.691 -29.4702 499.223 -167.386 0.00059386 132.151 
-131.949 -29.7868 499.499 12.721 0.00060614 -48.0346 
-132.208 -30.1048 499.777 12.828 0.00060614 -48.2194 
-132.466 -30.4214 500.054 12.934 0.000206138 -48.4037 
-132.723 -30.7366 500.332 -166.961 0.000493858 131.413 
-132.983 -31.0538 500.608 13.144 0.00060614 -48.7707 
-133.238 -31.371 500.887 -166.751 0.000693859 131.047 
-133.497 -31.6877 501.163 -166.647 0.000193856 130.864 
-133.755 -32.0031 501.441 -166.544 9.38608e-05 130.682 
-134.017 -32.3207 501.716 13.559 0.000706141 -49.4989 
-134.273 -32.6379 501.994 13.662 0.000306141 -49.6798 
-134.534 -32.9551 502.27 13.764 0.000506141 -49.8601 
-134.794 -33.2732 502.547 13.866 0.000406142 -50.04 
-135.046 -33.5881 502.826 0 6.03709e-06 -36.2524 
-135.31 -33.9048 503.101 14.067 0.000206138 -50.3983 
-135.567 -34.2206 503.379 14.167 0.00020614 -50.5768 
-135.822 -34.5372 503.657 -165.733 0.000193859 129.245 
-136.082 -34.8539 503.934 14.366 0.000106136 -50.9322 
-136.341 -35.1714 504.211 14.465 0.000106136 -51.1093 
-136.6 -35.4875 504.488 -165.437 0.000293862 128.714 
-136.856 -35.804 504.765 0 6.27393e-06 -36.801 
-137.119 -36.1234 505.041 0 6.27393e-06 -36.8787 
-137.373 -36.4393 505.319 -165.144 0.000393859 128.187 
-137.634 -36.7553 505.596 -165.048 9.38646e-05 128.012 
-137.893 -37.0721 505.873 -164.952 9.38608e-05 127.838 
-138.151 -37.3898 506.15 -164.856 0.000493859 127.664 
