-137.259 -193.185 479.539 0 6.09716e-06 -29.9813 
-137.259 -193.185 479.539 -125.394 9.38569e-05 95.4133 
-137.251 -193.181 479.539 -125.393 0.000193857 95.4143 
-137.243 -193.177 479.54 -125.392 0.000293859 95.4157 
-137.234 -193.171 479.54 54.609 0.000506139 -84.5825 
-137.222 -193.161 479.54 54.61 0.000306141 -84.5803 
-137.209 -193.151 479.54 0 6.27393e-06 -29.9666 
-137.193 -193.143 479.541 -125.387 0.000293857 95.4254 
-137.177 -193.133 479.541 54.615 0.000306139 -84.5712 
-137.156 -193.119 479.541 -125.383 9.38569e-05 95.4326 
-137.136 -193.105 479.542 -125.381 0.000493861 95.4368 
-137.111 -193.091 479.542 0 6.21557e-06 -29.9365 
-137.087 -193.078 479.542 54.625 0.000506142 -84.5535 
-137.058 -193.06 479.543 -125.372 9.3853e-05 95.4519 
-137.029 -193.04 479.543 54.631 0.000306143 -84.5422 
-137 -193.021 479.544 54.634 0.000706141 -84.536 
-136.964 -192.998 479.545 0 6.21557e-06 -29.8914 
-136.927 -192.974 479.545 54.642 0.000306141 -84.5223 
-136.891 -192.952 479.546 -125.354 0.000493859 95.4851 
-136.853 -192.927 479.546 54.65 0.000706141 -84.5071 
-136.809 -192.901 479.547 -125.345 0.000193856 95.5011 
-136.767 -192.871 479.548 -125.341 9.38452e-05 95.5098 
-136.722 -192.843 479.548 -125.336 9.38646e-05 95.5188 
-136.67 -192.811 479.55 -125.33 9.38452e-05 95.5282 
-136.62 -192.777 479.551 -125.325 9.3853e-05 95.5381 
-136.567 -192.745 479.552 -125.319 0.000193857 95.5483 
-136.515 -192.714 479.552 -125.313 0.000293861 95.5589 
-136.457 -192.676 479.553 -125.307 0.000493861 95.57 
-136.4 -192.637 479.555 -125.301 0.000693859 95.5814 
-136.338 -192.6 479.555 0 6.03709e-06 -29.7008 
-136.28 -192.561 479.556 54.712 0.000706141 -84.3946 
-136.215 -192.519 479.557 54.719 0.000306143 -84.382 
-136.147 -192.479 479.558 -125.273 9.38646e-05 95.631 
-136.081 -192.436 479.56 54.734 0.000506141 -84.3556 
-136.008 -192.389 479.561 0 6.15665e-06 -29.5998 
-135.935 -192.343 479.562 -125.25 0.000593858 95.6724 
-135.861 -192.296 479.564 -125.242 0.000193859 95.687 
-135.787 -192.248 479.565 54.766 0.000206143 -84.298 
-135.706 -192.198 479.566 -125.225 0.000493859 95.7174 
-135.625 -192.146 479.568 -125.216 0.000193859 95.7331 
-135.543 -192.094 479.569 0 6.03709e-06 -29.4577 
-135.458 -192.038 479.571 -125.198 0.00089386 95.7659 
-135.372 -191.987 479.572 54.812 0.000206142 -84.2172 
-135.282 -191.931 479.573 54.822 0.000306141 -84.1999 
-135.189 -191.87 479.575 -125.168 0.000693859 95.8178 
-135.099 -191.813 479.577 54.842 0.000306143 -84.164 
-135.005 -191.751 479.578 54.852 0.000206136 -84.1455 
-134.908 -191.691 479.58 0 6.09716e-06 -29.2636 
-134.806 -191.625 479.582 -125.126 0.000193857 95.8926 
-134.708 -191.564 479.583 54.885 0.000606141 -84.0877 
-134.603 -191.5 479.585 54.897 0.000306142 -84.0677 
-134.497 -191.427 479.587 -125.092 9.38646e-05 95.9528 
-134.391 -191.362 479.589 54.92 0.00050614 -84.0264 
-134.282 -191.291 479.591 54.932 0.000106133 -84.0052 
-134.169 -191.223 479.593 -125.055 0.000493859 96.0164 
-134.059 -191.151 479.594 -125.043 9.38569e-05 96.0384 
-133.941 -191.075 479.597 54.97 0.000306138 -83.9393 
-133.824 -191 479.599 -125.017 0.000393858 96.0835 
-133.703 -190.926 479.601 -125.003 9.38569e-05 96.1066 
-133.585 -190.85 479.603 55.01 0.000106143 -83.8699 
-133.46 -190.77 479.605 55.024 0.000206142 -83.846 
-133.334 -190.69 479.607 55.038 0.000306142 -83.8218 
-133.205 -190.612 479.609 55.053 0.000306139 -83.7972 
-133.075 -190.525 479.612 55.067 0.00020614 -83.7722 
-132.942 -190.44 479.614 55.082 0.00010614 -83.7468 
-132.809 -190.356 479.616 -124.903 9.38569e-05 96.279 
-132.676 -190.271 479.619 -124.888 0.000293858 96.3051 
-132.535 -190.182 479.621 -124.872 0.000593858 96.3316 
-132.394 -190.093 479.624 -124.856 0.000993859 96.3585 
-132.252 -190.003 479.626 -124.84 0.000393858 96.3857 
-132.111 -189.913 479.628 55.176 0.000106143 -83.5866 
-131.963 -189.82 479.631 -124.807 0.000393859 96.4414 
-131.813 -189.725 479.634 -124.79 9.38491e-05 96.4697 
-131.664 -189.631 479.636 55.227 0.00020614 -83.5016 
-131.515 -189.536 479.638 55.244 0.000506139 -83.4725 
-131.359 -189.437 479.641 55.262 0.000606141 -83.443 
-131.206 -189.337 479.644 -124.721 0.000293859 96.5868 
-131.042 -189.234 479.647 -124.702 0.000193857 96.617 
-130.885 -189.135 479.649 -124.684 0.000293856 96.6475 
-130.721 -189.032 479.652 -124.665 0.000393858 96.6784 
-130.556 -188.927 479.655 55.354 0.000406141 -83.2903 
-130.392 -188.824 479.657 55.373 0.00010614 -83.2587 
-130.224 -188.714 479.661 -124.608 0.000193861 96.7733 
-130.051 -188.605 479.664 55.412 0.00040614 -83.1944 
-129.88 -188.497 479.667 -124.568 9.38569e-05 96.8383 
-129.704 -188.382 479.67 -124.548 0.00069386 96.8713 
-129.528 -188.274 479.673 55.473 0.000706142 -83.0953 
-129.352 -188.159 479.676 0 6.15665e-06 -27.5686 
-129.166 -188.042 479.68 -124.485 0.00079386 96.9725 
-128.985 -187.927 479.682 55.536 0.000306139 -82.993 
-128.798 -187.809 479.686 55.558 0.000306143 -82.9582 
-128.614 -187.689 479.689 55.579 0.000206142 -82.9231 
-128.424 -187.573 479.692 55.602 0.00010614 -82.8876 
-128.233 -187.448 479.696 -124.376 9.3853e-05 97.1482 
-128.038 -187.325 479.699 -124.353 0.000393859 97.1843 
-127.843 -187.201 479.702 55.67 0.000206142 -82.7792 
-127.649 -187.078 479.705 -124.307 0.000293862 97.2577 
-127.447 -186.949 479.709 55.717 0.00010615 -82.7051 
-127.245 -186.821 479.713 -124.259 0.000493859 97.3324 
-127.043 -186.693 479.716 -124.235 0.000293858 97.3702 
-126.841 -186.564 479.719 -124.211 9.38646e-05 97.4084 
-126.631 -186.43 479.723 -124.186 9.38608e-05 97.4469 
-126.422 -186.296 479.727 -124.161 9.38646e-05 97.4857 
-126.212 -186.163 479.731 -124.136 0.000193854 97.5249 
-125.999 -186.03 479.733 55.89 0.000506142 -82.4356 
-125.782 -185.892 479.738 55.916 0.000206143 -82.3958 
-125.566 -185.753 479.741 -124.058 0.000193861 97.6443 
-125.345 -185.616 479.745 55.969 0.000306139 -82.3152 
-125.122 -185.472 479.749 -124.004 0.000393858 97.7256 
-124.897 -185.328 479.753 -123.977 9.38608e-05 97.7667 
-124.673 -185.183 479.757 56.05 0.00010614 -82.1919 
-124.445 -185.041 479.761 56.078 0.000106143 -82.1502 
-124.218 -184.898 479.764 56.106 0.000106136 -82.1082 
-123.984 -184.751 479.768 -123.865 9.38608e-05 97.9342 
-123.752 -184.6 479.773 56.163 0.000706142 -82.0232 
-123.514 -184.447 479.777 -123.808 0.000693859 98.0198 
-123.276 -184.3 479.781 -123.778 0.000193859 98.063 
-123.037 -184.145 479.785 56.251 0.000206142 -81.8934 
-122.796 -183.992 479.789 -123.719 0.000493857 98.1504 
-122.55 -183.839 479.793 56.312 0.000706142 -81.8054 
-122.305 -183.68 479.798 -123.658 0.000193857 98.2391 
-122.056 -183.521 479.802 -123.627 0.000293861 98.2838 
-121.804 -183.364 479.806 -123.595 0.000493859 98.3288 
-121.554 -183.204 479.81 56.436 0.000206143 -81.6258 
-121.299 -183.04 479.815 -123.532 0.000193859 98.4198 
-121.04 -182.878 479.82 -123.499 0.000693859 98.4657 
-120.784 -182.713 479.824 -123.467 0.00039386 98.5119 
-120.525 -182.549 479.828 -123.434 0.000193857 98.5584 
-120.258 -182.381 479.834 -123.4 9.38569e-05 98.6051 
-119.995 -182.211 479.838 -123.367 0.000193861 98.6521 
-119.726 -182.044 479.843 -123.332 0.000393859 98.6994 
-119.46 -181.874 479.847 56.702 0.000306142 -81.253 
-119.187 -181.7 479.852 -123.263 9.38608e-05 98.7948 
-118.918 -181.532 479.856 56.772 0.000306139 -81.1571 
-118.641 -181.351 479.861 -123.193 0.000493859 98.8913 
-118.365 -181.178 479.866 -123.157 0.000293861 98.9399 
-118.085 -180.998 479.871 -123.121 0.000293859 98.9888 
-117.806 -180.824 479.875 56.916 0.00050614 -80.9621 
-117.523 -180.646 479.88 56.953 0.000206136 -80.9127 
-117.237 -180.46 479.886 -123.01 0.000193857 99.137 
-116.951 -180.282 479.89 57.028 0.00020614 -80.8131 
-116.661 -180.096 479.895 57.066 0.000406141 -80.763 
-116.372 -179.911 479.9 57.104 0.000506139 -80.7126 
-116.076 -179.721 479.906 -122.857 0.000493859 99.338 
-115.783 -179.536 479.91 57.182 0.000306143 -80.6111 
-115.484 -179.347 479.916 -122.778 9.38491e-05 99.44 
-115.184 -179.156 479.921 57.262 0.000406143 -80.5087 
-114.886 -178.967 479.926 -122.698 0.000293857 99.5428 
-114.58 -178.771 479.932 -122.657 9.38608e-05 99.5946 
-114.277 -178.58 479.936 57.384 0.00090614 -80.3534 
-113.968 -178.386 479.941 57.426 0.000706141 -80.3012 
-113.657 -178.186 479.948 -122.532 0.00059386 99.7513 
-113.348 -177.989 479.952 -122.49 9.3853e-05 99.8039 
-113.032 -177.788 479.958 57.553 0.00020614 -80.1432 
-112.717 -177.587 479.963 57.596 0.000306139 -80.0902 
-112.399 -177.387 479.969 57.64 0.000306139 -80.0369 
-112.082 -177.186 479.974 57.684 0.000106143 -79.9835 
-111.757 -176.981 479.98 -122.271 0.000293861 100.07 
-111.433 -176.774 479.985 57.774 0.000106146 -79.876 
-111.108 -176.567 479.991 57.819 0.00040614 -79.8219 
-110.781 -176.361 479.996 57.865 0.000406142 -79.7677 
-110.45 -176.148 480.002 57.911 0.000306138 -79.7133 
-110.117 -175.937 480.008 0 6.15665e-06 -21.7007 
-109.784 -175.725 480.014 -121.995 0.000493859 100.396 
-109.448 -175.514 480.02 -121.947 0.000193863 100.451 
-109.108 -175.296 480.026 -121.899 9.38569e-05 100.506 
-108.771 -175.082 480.031 58.149 0.000806141 -79.4387 
-108.429 -174.865 480.037 58.198 0.000506142 -79.3832 
-108.08 -174.642 480.044 0 6.15665e-06 -21.0797 
-107.735 -174.425 480.049 58.298 0.00020614 -79.2719 
-107.387 -174.201 480.056 -121.652 0.000693859 100.784 
-107.036 -173.978 480.062 -121.601 0.000793858 100.84 
-106.685 -173.753 480.068 -121.55 0.000193861 100.896 
-106.331 -173.53 480.074 58.502 0.000306139 -79.0476 
-105.977 -173.306 480.079 58.554 0.000506139 -78.9912 
-105.618 -173.077 480.086 58.607 0.000506141 -78.9347 
-105.255 -172.849 480.092 58.661 0.000306138 -78.878 
-104.892 -172.619 480.098 58.715 0.00080614 -78.8212 
-104.527 -172.384 480.105 58.769 0.000106133 -78.7643 
-104.162 -172.155 480.11 58.824 0.000206142 -78.7073 
-103.794 -171.919 480.117 58.879 0.000106136 -78.6502 
-103.423 -171.684 480.123 58.935 0.000706141 -78.593 
-103.046 -171.444 480.131 58.992 0.000106146 -78.5357 
-102.673 -171.209 480.137 59.049 0.000206138 -78.4783 
-102.297 -170.966 480.144 59.106 0.00010614 -78.4209 
-101.918 -170.725 480.15 -120.836 0.000193861 101.637 
-101.536 -170.484 480.157 59.223 0.00020614 -78.3057 
-101.155 -170.243 480.163 59.282 0.000306141 -78.248 
-100.767 -169.995 480.17 59.342 0.000206143 -78.1903 
-100.381 -169.748 480.177 -120.598 0.000193859 101.868 
-99.9914 -169.501 480.184 -120.537 0.00079386 101.925 
-99.6014 -169.252 480.19 59.524 0.000306142 -78.0167 
-99.2099 -169.005 480.196 59.586 0.000206138 -77.9587 
-98.8122 -168.752 480.204 -120.351 0.000193857 102.099 
-98.4145 -168.497 480.211 59.712 0.000106143 -77.8427 
-98.0145 -168.244 480.218 59.776 0.000106143 -77.7847 
-97.6124 -167.991 480.225 -120.159 9.38569e-05 102.273 
-97.2102 -167.737 480.231 59.906 0.000306141 -77.6686 
-96.8056 -167.476 480.238 -120.029 0.000493858 102.39 
-96.3952 -167.217 480.246 -119.962 0.00059386 102.448 
-95.9886 -166.956 480.253 -119.896 0.000893859 102.506 
-95.5821 -166.7 480.259 60.171 0.000606141 -77.4368 
-95.1711 -166.441 480.266 -119.761 9.38569e-05 102.621 
-94.7631 -166.178 480.274 60.306 0.000106146 -77.3225 
-94.3538 -165.917 480.281 -119.626 0.000993859 102.734 
-93.9475 -165.66 480.287 -119.558 0.000193861 102.791 
-93.5361 -165.399 480.296 -119.489 0.000493858 102.847 
-93.1286 -165.142 480.302 -119.42 9.38608e-05 102.903 
-92.7188 -164.879 480.31 -119.351 0.000793859 102.958 
-92.3092 -164.621 480.316 60.719 0.000306143 -76.9867 
-91.9041 -164.362 480.323 60.788 0.000206143 -76.9319 
-91.4962 -164.103 480.329 60.858 0.00090614 -76.8773 
-91.0839 -163.841 480.338 -119.071 0.000493858 103.177 
-90.6748 -163.582 480.345 -119 0.000193861 103.231 
-90.2665 -163.322 480.351 0 6.21557e-06 -15.6446 
-89.859 -163.062 480.359 61.142 0.000106146 -76.6623 
-89.4495 -162.802 480.366 -118.786 9.38569e-05 103.391 
-89.0408 -162.542 480.373 -118.714 0.000493859 103.443 
-88.6359 -162.287 480.379 0 6.15665e-06 -15.1465 
-88.2254 -162.025 480.386 61.431 0.000306143 -76.4526 
-87.8165 -161.765 480.394 -118.496 0.000593858 103.599 
-87.4077 -161.502 480.402 -118.423 0.000693859 103.65 
-86.9998 -161.246 480.408 61.651 0.00010614 -76.2987 
-86.5899 -160.983 480.416 -118.275 0.00039386 103.752 
-86.181 -160.727 480.422 0 6.27393e-06 -14.3979 
-85.7757 -160.468 480.428 61.874 0.000206143 -76.148 
-85.3621 -160.205 480.437 61.95 0.00020614 -76.0984 
-84.9558 -159.947 480.443 0 6.03709e-06 -14.0242 
-84.5469 -159.688 480.45 62.101 0.000606141 -76.0003 
-84.1395 -159.43 480.456 0 6.15665e-06 -13.7748 
-83.7296 -159.171 480.464 62.254 0.000306142 -75.9037 
-83.3233 -158.91 480.471 62.33 0.000406141 -75.8559 
-82.9124 -158.651 480.478 62.408 0.00020614 -75.8085 
-82.5052 -158.39 480.485 -117.515 9.3853e-05 104.239 
-82.0961 -158.129 480.492 -117.437 0.000593859 104.285 
-81.6844 -157.868 480.5 -117.358 0.000193859 104.332 
-81.28 -157.612 480.506 -117.28 9.3853e-05 104.378 
-80.8702 -157.35 480.514 -117.201 0.000193857 104.423 
-80.4614 -157.093 480.52 62.879 0.000606143 -75.5316 
-80.0507 -156.831 480.528 62.959 0.000106143 -75.4867 
-79.6437 -156.573 480.534 63.039 0.00050614 -75.4423 
-79.2349 -156.309 480.543 -116.881 0.000393858 104.602 
-78.8271 -156.051 480.549 -116.8 0.00039386 104.646 
-78.4168 -155.793 480.556 63.282 0.000406141 -75.3112 
-78.0109 -155.533 480.563 0 6.15665e-06 -11.9053 
-77.5998 -155.275 480.57 63.446 0.000406141 -75.2257 
-77.1924 -155.014 480.577 63.528 0.00060614 -75.1836 
-76.7839 -154.755 480.584 -116.389 0.000293861 104.858 
-76.3757 -154.494 480.591 -116.306 0.000493858 104.9 
-75.9651 -154.232 480.599 63.778 0.000106143 -75.0596 
-75.5589 -153.976 480.605 63.862 0.000606143 -75.019 
-75.1482 -153.716 480.612 -116.053 0.000193859 105.021 
-74.738 -153.453 480.62 -115.968 0.000193856 105.061 
-74.3319 -153.196 480.626 -115.883 0.000293857 105.1 
-73.9236 -152.939 480.633 64.203 0.000406141 -74.861 
-73.5136 -152.675 480.641 -115.711 0.000193863 105.178 
-73.1046 -152.417 480.648 64.376 0.000106143 -74.7844 
-72.6966 -152.159 480.654 64.463 0.000206142 -74.7468 
-72.2896 -151.899 480.661 0 6.03709e-06 -10.1596 
-71.8804 -151.639 480.668 64.638 0.000706142 -74.6728 
-71.4728 -151.38 480.675 64.726 0.00020614 -74.6364 
-71.0629 -151.119 480.683 64.815 0.000506141 -74.6005 
-70.6547 -150.859 480.69 -115.096 0.00039386 105.435 
-70.2443 -150.598 480.698 -115.006 0.000493859 105.47 
-69.8375 -150.342 480.703 65.084 0.000206143 -74.4953 
-69.4291 -150.08 480.711 -114.826 0.000293859 105.539 
-69.0186 -149.816 480.72 0 6.15665e-06 -9.1625 
-68.6097 -149.56 480.726 65.357 0.00010614 -74.3942 
-68.2018 -149.303 480.732 0 6.21557e-06 -8.9124 
-67.7919 -149.038 480.741 -114.459 0.000293858 105.671 
-67.383 -148.78 480.747 65.634 0.000206138 -74.2971 
-66.9757 -148.521 480.754 -114.273 0.000493859 105.734 
-66.5663 -148.262 480.761 -114.179 0.000393859 105.765 
-66.158 -148.002 480.768 -114.085 0.000493861 105.796 
-65.7507 -147.741 480.775 -113.991 0.000793859 105.826 
-65.3415 -147.479 480.783 -113.896 0.000193856 105.855 
-64.9337 -147.224 480.789 66.2 0.00010614 -74.1155 
-64.524 -146.962 480.796 66.296 0.00020614 -74.0869 
-64.1159 -146.707 480.802 66.393 0.000106143 -74.0587 
-63.7059 -146.444 480.81 -113.51 0.000193861 105.969 
-63.2994 -146.185 480.817 66.587 0.000306139 -74.0039 
-62.8891 -145.922 480.826 -113.315 0.000293862 106.023 
-62.4798 -145.664 480.832 -113.216 0.000193859 106.049 
-62.0716 -145.405 480.839 -113.117 0.000293859 106.075 
-61.6639 -145.144 480.846 66.982 0.000406141 -73.9003 
-61.2555 -144.885 480.853 -112.918 9.3853e-05 106.124 
-60.8457 -144.626 480.86 -112.817 0.00069386 106.149 
-60.4364 -144.365 480.868 -112.716 0.000593859 106.172 
-60.0306 -144.108 480.873 67.385 0.000306142 -73.8047 
-59.6212 -143.846 480.881 0 6.21557e-06 -6.2951 
-59.2127 -143.59 480.887 67.59 0.000606141 -73.76 
-58.8031 -143.327 480.895 -112.307 9.3853e-05 106.262 
-58.3945 -143.07 480.901 0 6.15665e-06 -5.9204 
-57.9865 -142.811 480.908 67.901 0.00100614 -73.6969 
-57.578 -142.546 480.917 -111.995 0.000293861 106.323 
-57.168 -142.289 480.924 -111.889 0.000793859 106.343 
-56.7611 -142.028 480.931 -111.784 0.000393857 106.361 
-56.3504 -141.768 480.938 -111.677 0.000293857 106.38 
-55.9432 -141.513 480.943 68.43 0.00070614 -73.6024 
-55.5349 -141.251 480.951 68.537 0.000406141 -73.5851 
-55.1255 -140.99 480.959 -111.355 9.38569e-05 106.432 
-54.717 -140.734 480.965 68.754 0.000306141 -73.5523 
-54.3076 -140.471 480.973 -111.137 0.00059386 106.463 
-53.901 -140.212 480.979 68.972 0.000406141 -73.5217 
-53.4913 -139.955 480.986 69.083 0.000206142 -73.5073 
-53.0826 -139.69 480.995 -110.807 0.000293859 106.507 
-52.6725 -139.431 481.002 69.305 0.000106136 -73.4801 
-52.2641 -139.172 481.009 -110.583 0.000693859 106.533 
-51.8565 -138.911 481.016 -110.471 0.000693859 106.545 
-51.4498 -138.655 481.021 69.642 0.000106143 -73.4438 
-51.0399 -138.394 481.029 -110.244 0.000293859 106.567 
-50.6308 -138.131 481.037 69.87 0.000106136 -73.4225 
-50.2232 -137.875 481.043 69.985 0.000306141 -73.4127 
-49.8143 -137.618 481.049 70.101 0.000306143 -73.4036 
-49.4044 -137.354 481.058 70.217 0.000106136 -73.395 
-48.9958 -137.096 481.064 -109.666 0.000193859 106.613 
-48.588 -136.836 481.071 70.451 0.00020614 -73.3798 
-48.1792 -136.576 481.078 70.569 0.00050614 -73.3731 
-47.7698 -136.318 481.085 -109.312 0.00049386 106.633 
-47.3612 -136.056 481.093 -109.193 0.000593858 106.639 
-46.9536 -135.801 481.098 70.927 0.000106143 -73.3567 
-46.5453 -135.539 481.106 -108.953 0.000393857 106.648 
-46.1356 -135.275 481.115 -108.832 9.3853e-05 106.651 
-45.7273 -135.018 481.121 0 6.15665e-06 -2.0561 
-45.3203 -134.76 481.127 0 6.15665e-06 -1.9318 
-44.9119 -134.5 481.134 71.535 0.00080614 -73.3422 
-44.5029 -134.242 481.14 71.659 0.000306141 -73.3412 
-44.0925 -133.982 481.148 71.784 0.00070614 -73.3409 
-43.684 -133.723 481.155 -108.091 9.38608e-05 106.659 
-43.2765 -133.461 481.163 0 6.03709e-06 -1.3083 
-42.8656 -133.199 481.171 -107.839 0.000193857 106.656 
-42.458 -132.942 481.176 72.288 0.00050614 -73.3464 
-42.05 -132.679 481.185 0 6.15665e-06 -0.934397 
-41.6406 -132.422 481.191 72.544 0.000306141 -73.3531 
-41.2325 -132.163 481.198 72.673 0.000506139 -73.3576 
-40.8236 -131.904 481.204 72.803 0.000406141 -73.3627 
-40.4162 -131.645 481.211 72.933 0.00020614 -73.3685 
-40.0079 -131.385 481.219 -106.936 0.000193859 106.625 
-39.5983 -131.123 481.227 73.196 0.000306139 -73.3822 
-39.1883 -130.862 481.235 -106.671 0.000393859 106.61 
-38.781 -130.604 481.24 73.462 0.00070614 -73.3987 
-38.3717 -130.342 481.249 -106.404 0.000393857 106.592 
-37.9628 -130.084 481.255 73.731 0.000406141 -73.4181 
-37.5558 -129.826 481.261 0 6.15665e-06 0.437103 
-37.1476 -129.566 481.268 74.002 0.00040614 -73.4405 
-36.7386 -129.306 481.275 74.139 0.00070614 -73.4527 
-36.3293 -129.047 481.283 -105.723 0.000193863 106.534 
-35.9211 -128.785 481.291 -105.585 0.000193859 106.521 
-35.5114 -128.529 481.296 74.555 0.000606141 -73.4939 
-35.104 -128.266 481.305 74.694 0.000306143 -73.5092 
-34.6952 -128.008 481.31 74.835 0.000706142 -73.5252 
-34.2842 -127.745 481.32 74.977 0.000106136 -73.5419 
-33.8762 -127.486 481.326 75.119 0.000306142 -73.5594 
-33.4675 -127.227 481.333 75.262 0.000306142 -73.5777 
-33.0603 -126.966 481.341 75.405 0.000206138 -73.5968 
-32.6503 -126.705 481.348 -104.45 9.38608e-05 106.383 
-32.2433 -126.449 481.353 75.695 0.000506141 -73.6372 
-31.8342 -126.187 481.362 -104.159 9.38569e-05 106.341 
-31.4259 -125.93 481.367 75.988 0.000206143 -73.6808 
-31.017 -125.672 481.374 76.136 0.000406141 -73.7038 
-30.6083 -125.408 481.383 -103.716 0.000593859 106.272 
-30.1982 -125.149 481.39 -103.566 0.000693859 106.248 
-29.7897 -124.889 481.398 -103.416 0.000893859 106.222 
-29.3816 -124.633 481.402 76.735 0.00070614 -73.8039 
-28.9741 -124.371 481.41 76.886 0.000206138 -73.8309 
-28.5639 -124.109 481.419 -102.961 0.000493858 106.141 
-28.1567 -123.852 481.425 -102.808 0.000193859 106.113 
-27.7488 -123.594 481.431 -102.654 9.38608e-05 106.083 
-27.3405 -123.335 481.437 -102.499 9.38646e-05 106.053 
-26.9313 -123.074 481.444 77.657 0.00070614 -73.9786 
-26.522 -122.814 481.452 77.814 0.000506141 -74.0106 
-26.1122 -122.554 481.46 77.972 0.000106133 -74.0435 
-25.7041 -122.292 481.468 -101.87 0.000393861 105.923 
-25.2966 -122.035 481.474 78.289 0.000106143 -74.1119 
-24.8887 -121.777 481.479 78.449 0.00040614 -74.1474 
-24.4793 -121.513 481.489 -101.39 0.00039386 105.816 
-24.0705 -121.254 481.496 -101.228 0.000293859 105.779 
-23.6613 -120.994 481.503 -101.065 0.000293859 105.741 
-23.2528 -120.739 481.508 79.099 0.00060614 -74.2981 
-22.8449 -120.477 481.516 79.263 0.000406141 -74.3379 
-22.4345 -120.214 481.525 79.429 0.000106146 -74.3787 
-22.0272 -119.958 481.53 -100.405 0.000293859 105.58 
-21.6192 -119.699 481.536 79.762 0.000206142 -74.4629 
-21.2109 -119.439 481.543 79.93 0.00070614 -74.5064 
-20.8016 -119.181 481.55 80.0994 0.000106136 -74.5507 
-20.3926 -118.919 481.558 80.2694 0.00040614 -74.596 
-19.9838 -118.659 481.566 -99.5597 0.00039386 105.358 
-19.5755 -118.401 481.571 80.6121 0.000706142 -74.6894 
-19.1664 -118.138 481.58 -99.2152 0.000193865 105.263 
-18.7582 -117.88 481.586 -99.0416 0.000193859 105.214 
-18.3496 -117.622 481.593 -98.867 0.000193856 105.164 
-17.9411 -117.362 481.6 -98.6915 0.000293859 105.113 
-17.5322 -117.101 481.608 -98.515 0.000493859 105.061 
-17.1233 -116.839 481.616 -98.3376 0.000693859 105.008 
-16.715 -116.582 481.622 81.8408 0.00010614 -75.0455 
-16.3057 -116.319 481.631 -97.9798 0.000193863 104.9 
-15.8976 -116.061 481.637 -97.7996 0.000593858 104.844 
-15.4888 -115.801 481.644 0 6.09716e-06 7.1694 
-15.0802 -115.541 481.651 -97.4361 0.000393857 104.73 
-14.6715 -115.281 481.659 -97.2529 0.000793859 104.672 
-14.2633 -115.025 481.664 -97.0687 0.000293859 104.612 
-13.8542 -114.762 481.673 -96.8835 0.000793859 104.552 
-13.4458 -114.504 481.679 -96.6974 0.000293858 104.49 
-13.0373 -114.244 481.686 83.4897 0.000206142 -75.5724 
-12.6286 -113.985 481.692 -96.3221 0.00039386 104.364 
-12.2198 -113.724 481.7 83.867 0.000106136 -75.7003 
-11.8111 -113.463 481.708 -95.9429 0.000493859 104.234 
-11.4027 -113.206 481.714 0 6.09716e-06 8.4161 
-10.9943 -112.949 481.719 84.4404 0.000406141 -75.8997 
-10.5853 -112.684 481.729 -95.3665 9.3853e-05 104.032 
-10.1767 -112.426 481.736 -95.1723 0.000693858 103.962 
-9.76796 -112.165 481.743 -94.9771 0.000193859 103.892 
-9.35971 -111.909 481.748 85.2191 0.000306142 -76.1797 
-8.95096 -111.647 481.756 -94.5837 9.38608e-05 103.748 
-8.5424 -111.39 481.762 85.6146 0.000506141 -76.3259 
-8.13343 -111.125 481.772 85.8139 0.000106143 -76.4005 
-7.72494 -110.867 481.779 -93.9858 0.000293859 103.524 
-7.31625 -110.607 481.786 -93.7844 0.000593858 103.447 
-6.9079 -110.351 481.79 86.418 0.000106136 -76.6306 
-6.49903 -110.089 481.799 -93.3785 9.38608e-05 103.291 
-6.0905 -109.831 481.804 86.826 0.000806141 -76.7892 
-5.6818 -109.568 481.814 -92.9685 0.000293859 103.13 
-5.27322 -109.309 481.821 -92.7619 0.000293858 103.048 
-4.8645 -109.048 481.829 -92.5542 0.000193861 102.965 
-4.45613 -108.793 481.833 -92.3455 9.38569e-05 102.881 
-4.04734 -108.53 481.841 87.8643 0.000106136 -77.2042 
-3.63889 -108.273 481.847 88.0751 0.00040614 -77.2904 
-3.22997 -108.009 481.857 -91.7129 0.000193857 102.622 
-2.82135 -107.75 481.864 -91.4999 0.000593858 102.534 
-2.41295 -107.496 481.867 0 6.15665e-06 11.1587 
-2.00433 -107.234 481.876 -91.0708 0.000293859 102.354 
-1.59566 -106.972 481.885 -90.8546 0.000493858 102.263 
-1.18702 -106.713 481.89 89.3627 0.000506142 -77.83 
-0.77832 -106.455 481.897 89.5811 0.000606141 -77.9237 
-0.369766 -106.196 481.904 -90.1995 0.000193861 101.982 
0.0388299 -105.935 481.911 90.021 0.000106143 -78.1143 
0.447445 -105.673 481.92 -89.7574 0.000393859 101.789 
0.856106 -105.416 481.925 90.4653 0.000306143 -78.3093 
1.26481 -105.158 481.931 0 6.15665e-06 12.2807 
1.67343 -104.893 481.942 0 6.03709e-06 12.4054 
2.08207 -104.639 481.945 91.1399 0.000106143 -78.6098 
2.49059 -104.377 481.953 91.3669 0.000406143 -78.7122 
2.8993 -104.115 481.962 -88.4049 9.38608e-05 101.184 
3.30794 -103.857 481.967 91.8243 0.000506142 -78.9202 
3.71661 -103.599 481.974 92.0546 0.000406141 -79.0259 
4.12525 -103.339 481.981 92.286 0.000406141 -79.1326 
4.5339 -103.08 481.989 -87.4815 0.000393858 100.76 
4.94242 -102.817 481.997 92.7521 0.000106143 -79.3493 
5.3511 -102.561 482.002 -87.0133 0.000293857 100.541 
5.75983 -102.301 482.008 93.2225 0.000606141 -79.5704 
6.16809 -102.037 482.02 -86.5407 0.000293859 100.317 
6.57715 -101.782 482.023 0 6.21557e-06 13.9014 
6.98564 -101.521 482.031 -86.0637 0.000393861 100.09 
7.39403 -101.258 482.04 -85.8236 0.00059386 99.9743 
7.80279 -101.001 482.046 -85.5824 0.000493859 99.8578 
8.21146 -100.741 482.053 -85.3401 0.000193861 99.7402 
8.62014 -100.482 482.06 -85.0967 0.00059386 99.6215 
9.02853 -100.22 482.069 -84.8523 0.000793859 99.5017 
9.43744 -99.9624 482.073 95.3933 0.000406141 -80.6192 
9.8462 -99.7043 482.079 95.6399 0.000806141 -80.7411 
10.2545 -99.4409 482.09 -84.1124 0.000493859 99.1359 
10.6629 -99.1808 482.097 -83.8637 0.000493858 99.0118 
11.0721 -98.9255 482.101 -83.6138 0.000193861 98.8866 
11.4805 -98.6634 482.11 -83.3629 0.00059386 98.7604 
11.8891 -98.4047 482.116 96.889 0.000306142 -81.3669 
12.2979 -98.1455 482.122 97.1421 0.000506142 -81.4953 
12.7066 -97.8861 482.129 97.3962 0.00010615 -81.6247 
13.1149 -97.625 482.137 0 6.21557e-06 15.8961 
13.5233 -97.3635 482.147 -82.0925 0.000793859 98.1132 
13.9322 -97.1051 482.152 -81.8352 0.000193861 97.9806 
14.3409 -96.8464 482.159 -81.5769 0.000193861 97.847 
14.7494 -96.5859 482.166 98.6824 0.000106143 -82.2877 
15.1578 -96.3249 482.174 -81.0572 0.000193857 97.5766 
15.5669 -96.0685 482.179 -80.7958 0.000193857 97.4399 
15.9751 -95.8054 482.189 -80.5333 0.000793859 97.3021 
16.3837 -95.5452 482.196 0 6.15665e-06 16.8935 
16.7923 -95.2861 482.203 -80.0054 0.000693859 97.0235 
17.2015 -95.03 482.207 -79.7399 9.38646e-05 96.8826 
17.6096 -94.7671 482.216 -79.4734 9.38569e-05 96.7408 
18.0184 -94.5086 482.222 100.794 0.000306139 -83.402 
18.4272 -94.2496 482.229 101.063 0.00020614 -83.5459 
18.8356 -93.9887 482.236 101.332 0.000406141 -83.6907 
19.2442 -93.7287 482.245 -78.3974 0.000893859 96.1635 
19.653 -93.4702 482.25 101.874 0.000306139 -83.9832 
20.0622 -93.2125 482.256 -77.8535 9.38608e-05 95.869 
20.4707 -92.9529 482.263 -77.5802 9.38608e-05 95.7203 
20.879 -92.6913 482.271 102.694 0.000406143 -84.4294 
21.2873 -92.4306 482.28 -77.0306 0.00059386 95.42 
21.6963 -92.1726 482.285 -76.7544 0.000193859 95.2685 
22.1053 -91.9141 482.292 -76.4772 0.000193859 95.116 
22.5136 -91.6535 482.299 103.801 0.00020614 -85.0374 
22.9219 -91.3924 482.307 104.08 0.000106146 -85.1917 
23.3313 -91.1353 482.312 104.36 0.000506142 -85.3469 
23.7392 -90.8729 482.322 -75.3595 0.000593858 94.497 
24.1477 -90.6132 482.329 -75.0779 0.000193857 94.34 
24.5563 -90.3528 482.336 -74.7953 0.000293858 94.1821 
24.9658 -90.0965 482.341 105.488 0.000206136 -85.9766 
25.3734 -89.8334 482.35 105.772 0.00010615 -86.1362 
25.7826 -89.5757 482.356 -73.9426 0.000393861 93.7034 
26.1913 -89.3159 482.363 -73.6566 0.000293862 93.5421 
26.5997 -89.0554 482.372 -73.3698 0.000693859 93.38 
27.0087 -88.7975 482.376 106.918 0.000406141 -86.7829 
27.4162 -88.5342 482.386 107.206 0.00010615 -86.9467 
27.8254 -88.2762 482.393 -72.5047 0.00059386 92.8888 
28.234 -88.016 482.4 -72.2147 0.00079386 92.7235 
28.6432 -87.7584 482.404 108.076 0.00060614 -87.4425 
29.0512 -87.4968 482.414 -71.6325 0.000393858 92.3907 
29.4599 -87.2376 482.42 108.66 0.000206136 -87.7769 
29.8685 -86.9777 482.427 108.953 0.000406141 -87.9452 
30.2768 -86.7169 482.435 109.246 0.000106143 -88.1142 
30.6864 -86.46 482.44 109.541 0.000506142 -88.284 
31.0941 -86.1977 482.45 -70.1641 0.000493859 91.5456 
31.5025 -85.9378 482.456 0 6.21557e-06 21.5061 
31.9114 -85.6785 482.464 -69.5719 0.00079386 91.2028 
32.321 -85.4214 482.468 110.725 0.000106143 -88.9697 
32.7286 -85.1591 482.478 -68.9771 0.000493861 90.8573 
33.1375 -84.9005 482.484 -68.6788 0.000393861 90.6836 
33.5462 -84.6409 482.492 -68.3798 0.000693859 90.5093 
33.9541 -84.3792 482.5 -68.0802 0.000393859 90.3344 
34.3638 -84.1225 482.504 -67.7801 0.000393861 90.1589 
34.7728 -83.8636 482.51 112.521 0.000306141 -90.0171 
35.1814 -83.6037 482.517 112.822 0.00060614 -90.1937 
35.5896 -83.3431 482.525 113.124 0.00050614 -90.3709 
35.9974 -83.0816 482.534 113.426 0.000106136 -90.5485 
36.4068 -82.8236 482.539 113.729 0.000406142 -90.7267 
36.8158 -82.5647 482.546 114.032 0.000306139 -90.9054 
37.2244 -82.305 482.553 0 6.15665e-06 23.2515 
37.632 -82.043 482.562 114.64 0.000206142 -91.2641 
38.0418 -81.7858 482.567 114.945 0.00020614 -91.4441 
38.4506 -81.5265 482.573 115.25 0.000906141 -91.6246 
38.8595 -81.2676 482.58 115.556 0.000206143 -91.8055 
39.2675 -81.0064 482.589 115.862 0.000206143 -91.9867 
39.675 -80.7443 482.598 -63.8321 9.38569e-05 87.8316 
40.084 -80.4857 482.604 116.475 0.000306141 -92.3504 
40.4928 -80.2261 482.61 116.782 0.000406141 -92.5327 
40.901 -79.9657 482.619 117.089 0.000306139 -92.7154 
41.3108 -79.7086 482.623 117.397 0.000806141 -92.8984 
41.7182 -79.4463 482.633 0 6.15665e-06 24.6229 
42.1272 -79.1874 482.639 -61.9873 9.38569e-05 86.7348 
42.5358 -78.9275 482.647 -61.6788 0.000493858 86.551 
42.9454 -78.6697 482.651 118.63 0.00080614 -93.633 
43.3529 -78.4081 482.661 -61.0612 9.3853e-05 86.1827 
43.7623 -78.1496 482.667 -60.752 0.00039386 85.9982 
44.1704 -77.8891 482.674 119.557 0.00010614 -94.1864 
44.5787 -77.6289 482.683 -60.1332 0.000693859 85.6288 
44.9881 -77.3706 482.688 120.176 0.000206143 -94.5562 
45.3971 -77.1114 482.693 120.486 0.00080614 -94.7413 
45.8063 -76.8526 482.701 120.796 0.00020614 -94.9265 
46.214 -76.5917 482.709 121.106 0.00020614 -95.1118 
46.6214 -76.3299 482.718 0 6.15665e-06 26.1189 
47.0314 -76.0724 482.723 -58.2738 0.000493859 84.5173 
47.4401 -75.8128 482.73 -57.9636 0.000193863 84.3318 
47.8483 -75.5523 482.738 -57.6534 0.000293857 84.1463 
48.2583 -75.2951 482.742 122.657 0.00040614 -96.0392 
48.6653 -75.0328 482.752 -57.0331 0.000193861 83.7753 
49.0743 -74.7736 482.759 -56.7229 9.38608e-05 83.5898 
49.4827 -74.5136 482.766 -56.4128 0.000293859 83.4044 
49.8905 -74.2528 482.775 -56.1028 0.00069386 83.219 
50.3004 -73.995 482.78 -55.7929 0.000393859 83.0337 
50.7089 -73.7351 482.786 124.517 0.000606141 -97.1514 
51.1176 -73.4755 482.793 124.827 0.000306139 -97.3365 
51.5258 -73.2151 482.802 -54.8637 0.000293857 82.4786 
51.936 -72.9577 482.807 -54.5543 9.38685e-05 82.2939 
52.342 -72.6945 482.817 -54.2451 0.000293859 82.1093 
52.7511 -72.4354 482.824 -53.936 0.000693859 81.9249 
53.1615 -72.1782 482.827 126.373 0.000606141 -98.2593 
53.5693 -71.9174 482.837 -53.3186 0.000393859 81.5568 
53.9785 -71.6584 482.842 126.99 0.000306139 -98.6269 
54.3871 -71.3987 482.849 127.298 0.00080614 -98.8103 
54.7959 -71.1393 482.857 -52.3943 9.3853e-05 81.0065 
55.2032 -70.878 482.865 -52.0868 0.000293862 80.8237 
55.6128 -70.6196 482.871 128.22 0.000206138 -99.3589 
56.0219 -70.3603 482.877 128.527 0.00050614 -99.5411 
56.4302 -70.1003 482.885 128.834 0.000406141 -99.7229 
56.838 -69.8395 482.893 0 6.09716e-06 29.2356 
57.2481 -69.5817 482.898 129.446 0.000306142 -100.086 
57.6546 -69.3194 482.909 -50.2489 0.00069386 79.734 
58.0625 -69.0589 482.916 0 6.09716e-06 29.61 
58.4739 -68.8024 482.919 130.361 0.000306142 -100.626 
58.8804 -68.5404 482.929 130.665 0.000306137 -100.806 
59.2905 -68.2825 482.934 0 6.27393e-06 29.9832 
59.699 -68.0226 482.941 131.271 0.000406141 -101.163 
60.107 -67.762 482.949 131.574 0.000406141 -101.341 
60.5152 -67.5019 482.958 -48.1239 0.000893859 78.482 
60.9249 -67.2436 482.964 -47.8224 0.000493858 78.305 
61.3331 -66.9833 482.97 132.479 0.000506142 -101.872 
61.7417 -66.7236 482.978 132.779 0.00020614 -102.048 
62.1496 -66.4631 482.986 -46.9209 0.000493859 77.777 
62.5592 -66.2044 482.991 133.378 0.000406143 -102.397 
62.9691 -65.9462 482.997 0 6.03709e-06 31.1061 
63.3775 -65.6862 483.004 133.975 0.00020614 -102.745 
63.7851 -65.4256 483.013 134.273 0.000106143 -102.918 
64.1922 -65.1644 483.022 -45.4306 0.00049386 76.91 
64.6021 -64.9059 483.027 -45.1344 0.000393859 76.739 
65.0103 -64.6458 483.034 135.161 0.000306141 -103.432 
65.419 -64.3861 483.042 -44.5441 0.000393857 76.398 
65.8293 -64.1283 483.046 135.75 0.000506142 -103.772 
66.2357 -63.8664 483.056 0 6.15665e-06 32.1033 
66.645 -63.6073 483.062 136.336 0.00010614 -104.108 
67.0537 -63.3477 483.07 -43.3721 0.000193857 75.724 
