-95.135 58.5137 376.611 148.406 0.000493859 125.54 
-95.1339 58.5107 376.61 0 6.15665e-06 -86.0533 
-95.133 58.5056 376.608 0 6.15665e-06 -86.051 
-95.1271 58.4974 376.611 148.411 0.000193857 125.54 
-95.1248 58.4891 376.608 -31.586 0.000106136 -54.4594 
-95.1183 58.476 376.609 -31.582 0.000106136 -54.4589 
-95.1111 58.4624 376.61 148.422 0.000293859 125.542 
-95.1031 58.4461 376.611 148.427 9.38685e-05 125.542 
-95.0945 58.4294 376.61 148.432 0.000193859 125.543 
-95.0861 58.4082 376.609 -31.561 0.000306143 -54.4563 
-95.0735 58.3844 376.613 148.446 0.000593861 125.545 
-95.0626 58.3618 376.61 -31.547 0.00020614 -54.4544 
-95.0496 58.3332 376.613 148.462 0.000393859 125.547 
-95.0349 58.3037 376.614 148.471 0.000293858 125.548 
-95.0193 58.2736 376.615 148.48 0.000693859 125.549 
-95.004 58.2391 376.615 148.491 0.000393861 125.55 
-94.9868 58.2034 376.615 -31.498 0.000506142 -54.4485 
-94.9702 58.1682 376.614 -31.487 0.000106136 -54.4471 
-94.9492 58.1257 376.617 -31.474 0.000306141 -54.4456 
-94.9286 58.0835 376.62 148.539 0.000893858 125.556 
-94.9085 58.0416 376.617 -31.448 0.000606141 -54.4425 
-94.8875 57.9946 376.619 148.567 0.000293859 125.559 
-94.8634 57.9458 376.62 -31.418 0.000406141 -54.439 
-94.8385 57.8965 376.62 -31.403 0.000706142 -54.4372 
-94.8117 57.8415 376.625 148.614 0.000293858 125.565 
-94.7864 57.7875 376.624 -31.369 0.000306141 -54.4334 
-94.7614 57.7314 376.622 -31.351 0.000506141 -54.4314 
-94.7312 57.6722 376.625 -31.333 0.000406141 -54.4293 
-94.7013 57.611 376.627 148.686 9.3853e-05 125.573 
-94.6704 57.547 376.629 0 6.21557e-06 -85.719 
-94.64 57.481 376.63 148.727 0.000193857 125.577 
-94.6077 57.4139 376.63 -31.252 0.000206142 -54.4205 
-94.5756 57.3447 376.63 -31.23 0.000206138 -54.4182 
-94.5382 57.2724 376.634 148.792 0.000193857 125.584 
-94.5056 57.1986 376.632 -31.184 0.000106143 -54.4134 
-94.4676 57.1215 376.635 0 6.03709e-06 -85.571 
-94.4301 57.0426 376.638 148.865 0.000393859 125.592 
-94.3905 56.9624 376.64 148.89 0.000293859 125.594 
-94.3512 56.8804 376.641 148.916 0.000493859 125.597 
-94.311 56.7955 376.641 148.943 9.3853e-05 125.599 
-94.2666 56.706 376.646 0 6.03709e-06 -85.4273 
-94.2259 56.6188 376.645 148.999 0.000393859 125.604 
-94.1797 56.5262 376.649 149.028 9.3853e-05 125.607 
-94.1385 56.4345 376.647 149.058 9.3853e-05 125.61 
-94.0916 56.3372 376.65 -30.911 0.000406141 -54.3877 
-94.044 56.2396 376.652 -30.88 0.000606141 -54.385 
-93.9967 56.1401 376.653 -30.848 0.00040614 -54.3823 
-93.9451 56.0359 376.66 149.185 9.38608e-05 125.62 
-93.896 55.9333 376.659 149.218 9.38646e-05 125.623 
-93.847 55.8265 376.659 -30.747 0.000606141 -54.3743 
-93.7939 55.7173 376.663 149.288 9.38608e-05 125.628 
-93.7388 55.6072 376.667 149.323 9.38646e-05 125.631 
-93.6848 55.4934 376.67 149.36 0.000593859 125.634 
-93.6323 55.3806 376.666 -30.603 0.000606141 -54.3637 
-93.5732 55.2619 376.674 149.435 0.000593858 125.639 
-93.5166 55.1427 376.675 149.474 9.38608e-05 125.642 
-93.46 55.0214 376.675 149.514 9.38608e-05 125.644 
-93.3981 54.8972 376.681 149.554 0.00039386 125.647 
-93.3407 54.7715 376.68 149.596 9.38608e-05 125.649 
-93.2781 54.6428 376.684 149.638 9.38608e-05 125.651 
-93.2145 54.5138 376.688 149.68 0.00059386 125.654 
-93.1508 54.3806 376.691 149.724 0.000393859 125.656 
-93.0864 54.2472 376.693 149.768 0.00059386 125.658 
-93.0219 54.1096 376.695 149.814 9.3853e-05 125.66 
-92.9564 53.9717 376.696 149.86 9.3853e-05 125.662 
-92.8866 53.8293 376.702 149.907 0.000393859 125.664 
-92.8193 53.6887 376.702 149.954 9.38608e-05 125.666 
-92.7484 53.5419 376.706 150.003 0.000193861 125.668 
-92.68 53.3968 376.705 -29.948 0.000306141 -54.3302 
-92.6082 53.2456 376.708 -29.897 0.000506141 -54.3286 
-92.5355 53.0943 376.712 -29.846 0.000306139 -54.3271 
-92.4616 52.9404 376.714 -29.794 0.000706141 -54.3257 
-92.3845 52.7828 376.721 150.259 0.000293857 125.676 
-92.3099 52.627 376.723 150.312 0.000593858 125.677 
-92.2338 52.4664 376.723 -29.633 0.000706142 -54.3223 
-92.1545 52.3043 376.729 150.422 0.000493858 125.679 
-92.0786 52.1402 376.729 -29.521 0.000106143 -54.3207 
-91.997 51.9731 376.733 -29.464 0.000206142 -54.3201 
-91.9154 51.8044 376.737 150.594 9.38608e-05 125.68 
-91.8327 51.6332 376.741 -29.347 0.000306142 -54.3194 
-91.75 51.4603 376.743 -29.287 0.000306144 -54.3194 
-91.6673 51.2857 376.746 150.774 9.3853e-05 125.681 
-91.5801 51.1069 376.753 150.836 0.000793858 125.68 
-91.4947 50.9274 376.754 0 6.09716e-06 -83.4213 
-91.4061 50.7444 376.761 150.963 0.000493858 125.679 
-91.3194 50.5609 376.761 -28.972 0.000606141 -54.3219 
-91.2285 50.3754 376.766 -28.907 0.000306142 -54.323 
-91.1384 50.1867 376.771 151.16 0.000393861 125.676 
-91.0471 49.9956 376.775 151.228 0.000393859 125.674 
-90.9548 49.8046 376.779 151.296 0.000793859 125.672 
-90.862 49.6095 376.782 151.366 0.000593858 125.67 
-90.7677 49.4122 376.784 -28.563 0.000206143 -54.3323 
-90.6724 49.2147 376.786 -28.492 0.000606141 -54.3349 
-90.5748 49.0124 376.794 151.581 0.000293859 125.662 
-90.4787 48.8095 376.794 -28.345 0.000306143 -54.3411 
-90.3794 48.6033 376.801 151.73 0.000393858 125.655 
-90.2819 48.3966 376.801 -28.194 0.00050614 -54.3484 
-90.1802 48.1882 376.806 -28.118 0.000106143 -54.3526 
-90.0777 47.9759 376.811 -28.04 0.00020614 -54.357 
-89.976 47.7606 376.815 0 6.15665e-06 -82.3218 
-89.8719 47.5446 376.819 -27.88 0.00040614 -54.367 
-89.7676 47.3271 376.822 -27.799 0.000406141 -54.3725 
-89.663 47.1081 376.825 0 6.15665e-06 -82.0954 
-89.5545 46.8836 376.833 152.367 0.00069386 125.615 
-89.4477 46.6588 376.835 -27.548 0.000206138 -54.3914 
-89.3365 46.4323 376.842 152.537 0.000293859 125.602 
-89.2278 46.2039 376.843 -27.376 0.000806141 -54.4059 
-89.1176 45.9714 376.849 152.713 0.000493858 125.586 
-89.0038 45.7378 376.855 152.802 9.38608e-05 125.578 
-88.8904 45.5012 376.861 152.893 9.38608e-05 125.569 
-88.7792 45.2665 376.86 -27.016 0.000506142 -54.4403 
-88.6639 45.0265 376.865 -26.923 0.00080614 -54.45 
-88.5448 44.7835 376.875 153.171 0.000393857 125.54 
-88.4282 44.5386 376.878 -26.733 0.000106136 -54.471 
-88.3111 44.2923 376.882 -26.636 0.00020614 -54.4822 
-88.1938 44.0449 376.885 0 6.09716e-06 -81.032 
-88.0712 43.7937 376.893 153.561 0.000693859 125.494 
-87.9511 43.5407 376.895 -26.338 0.000306142 -54.5192 
-87.8266 43.2865 376.903 0 6.21557e-06 -80.7696 
-87.7062 43.0295 376.904 -26.133 0.000206142 -54.5467 
-87.5801 42.7706 376.911 -26.029 0.000106143 -54.5613 
-87.4542 42.5089 376.917 154.077 0.000393859 125.424 
-87.3273 42.2439 376.923 154.185 0.000193865 125.408 
-87.2024 41.9808 376.923 -25.707 0.000606142 -54.6089 
-87.0743 41.7134 376.929 0 6.15665e-06 -80.2231 
-86.9451 41.4427 376.934 0 6.27393e-06 -80.1289 
-86.814 41.1704 376.938 -25.372 0.00070614 -54.6624 
-86.6793 40.8954 376.949 -25.258 0.000106143 -54.6817 
-86.5476 40.6193 376.953 0 6.15665e-06 -79.8436 
-86.4154 40.3421 376.956 154.975 0.000393859 125.278 
-86.2808 40.0612 376.96 -24.906 0.000906141 -54.7438 
-86.1442 39.7768 376.969 155.215 0.000193859 125.234 
-86.0087 39.4923 376.972 -24.663 0.000306142 -54.789 
-85.8694 39.2054 376.98 155.46 0.000493858 125.187 
-85.7319 38.9168 376.983 -24.415 0.000306142 -54.8375 
-85.5913 38.6244 376.991 155.712 0.000193859 125.137 
-85.4484 38.3304 376.998 155.84 9.3853e-05 125.111 
-85.3088 38.0355 377 -24.03 0.00070614 -54.9166 
-85.1658 37.7367 377.007 -23.898 0.00010614 -54.9447 
-85.0207 37.4366 377.014 -23.765 0.00020614 -54.9738 
-84.8753 37.1341 377.021 156.37 9.38685e-05 124.996 
-84.7292 36.8308 377.027 156.506 0.00069386 124.965 
-84.5855 36.5246 377.027 -23.355 0.000406141 -55.0668 
-84.4375 36.2161 377.033 -23.215 0.000106146 -55.0997 
-84.288 35.905 377.039 -23.073 0.000506142 -55.1337 
-84.1343 35.5917 377.051 157.07 0.000493859 124.831 
-83.9844 35.2762 377.056 157.216 0.000693859 124.795 
-83.832 34.9594 377.062 157.363 0.000293859 124.758 
-83.6792 34.6405 377.067 157.512 0.000293858 124.72 
-83.5248 34.319 377.072 -22.337 0.000506139 -55.3199 
-83.3712 33.996 377.076 157.816 9.38569e-05 124.64 
-83.2114 33.6686 377.087 0 6.03709e-06 -77.4313 
-83.0556 33.341 377.092 158.128 0.000193861 124.555 
-82.8981 33.0109 377.096 -21.713 0.000306141 -55.4895 
-82.7369 32.6777 377.107 158.448 0.000493859 124.465 
-82.5783 32.3438 377.111 158.611 0.000593858 124.418 
-82.4172 32.0089 377.115 0 6.15665e-06 -76.855 
-82.253 31.6695 377.125 158.942 0.000693859 124.321 
-82.0905 31.3276 377.129 -20.888 0.000306139 -55.7302 
-81.9236 30.9841 377.139 0 6.21557e-06 -76.4994 
-81.7592 30.6401 377.142 -20.544 0.000406142 -55.836 
-81.5915 30.2918 377.152 159.632 0.000493859 124.109 
-81.425 29.9424 377.156 -20.19 0.000406141 -55.9476 
-81.2577 29.5914 377.16 -20.01 0.00100614 -56.0056 
-81.0864 29.2377 377.169 -19.828 0.000306141 -56.0652 
-80.915 28.881 377.179 160.357 0.00059386 123.874 
-80.7442 28.5233 377.183 -19.456 0.000106143 -56.189 
-80.5698 28.1631 377.193 160.733 0.000293857 123.747 
-80.398 27.801 377.196 0 6.03709e-06 -75.3943 
-80.2208 27.436 377.206 0 6.15665e-06 -75.268 
-80.0476 27.0697 377.21 161.316 0.000193859 123.544 
-79.8691 26.7006 377.22 161.515 0.00059386 123.473 
-79.693 26.3297 377.224 161.717 0.000293859 123.4 
-79.5115 25.9561 377.234 161.921 0.000193857 123.325 
-79.3325 25.5809 377.238 -17.872 0.000706142 -56.7517 
-79.1508 25.2039 377.248 162.337 0.00059386 123.17 
-78.9701 24.825 377.252 162.549 9.38608e-05 123.09 
-78.7843 24.4421 377.263 -17.236 0.000206142 -56.9928 
-78.6022 24.0581 377.267 -17.018 0.000306142 -57.0771 
-78.4159 23.6722 377.278 163.202 0.000793859 122.837 
-78.2304 23.2843 377.283 163.425 9.38608e-05 122.748 
-78.0441 22.8942 377.288 -16.349 0.00050614 -57.3422 
-77.854 22.5008 377.3 163.88 9.3853e-05 122.565 
-77.6655 22.1075 377.305 -15.889 0.000106136 -57.5295 
-77.4765 21.7106 377.31 -15.654 0.00020614 -57.6264 
-77.2823 21.3103 377.323 -15.416 0.00020614 -57.7256 
-77.0909 20.9105 377.328 0 6.03709e-06 -73.003 
-76.8976 20.5069 377.335 -14.932 0.00070614 -57.9308 
-76.7044 20.1016 377.341 -14.685 0.000206142 -58.0369 
-76.5059 19.6932 377.354 165.565 0.000293861 121.855 
-76.3093 19.2837 377.361 -14.182 0.000106136 -58.2564 
-76.1133 18.8714 377.369 166.075 0.000593858 121.63 
-75.9142 18.4582 377.376 166.334 0.00039386 121.514 
-75.7142 18.0419 377.384 166.597 0.000293859 121.396 
-75.5131 17.6239 377.393 166.863 0.000193861 121.275 
-75.311 17.2029 377.402 167.133 9.38569e-05 121.151 
-75.1075 16.7803 377.411 167.406 9.38608e-05 121.024 
-74.9057 16.3554 377.414 -12.317 0.00080614 -59.1047 
-74.7012 15.9287 377.424 167.963 0.000193857 120.763 
-74.4941 15.4989 377.434 168.247 0.000193857 120.629 
-74.2899 15.0699 377.438 168.533 9.38569e-05 120.491 
-74.0817 14.639 377.45 168.822 0.000693859 120.352 
-73.8757 14.2088 377.456 -10.887 0.000206143 -59.7897 
-73.6696 13.7789 377.463 -10.594 0.000306139 -59.9335 
-73.4641 13.3494 377.471 169.701 9.38685e-05 119.921 
-73.2576 12.9186 377.48 169.999 0.000193856 119.772 
-73.0497 12.4879 377.49 0 6.09716e-06 -70.0793 
-72.8422 12.0577 377.5 170.601 0.000293859 119.469 
-72.638 11.6282 377.505 170.905 0.000193857 119.314 
-72.4296 11.1972 377.518 171.212 0.000793859 119.157 
-72.2229 10.768 377.525 -8.48 0.000106143 -61.0028 
-72.0164 10.338 377.532 -8.169 0.000306142 -61.1646 
-71.8104 9.90704 377.541 0 6.03709e-06 -69.1836 
-71.6043 9.47776 377.55 172.46 0.000893859 118.505 
-71.3987 9.04762 377.554 -7.222 0.000706141 -61.6636 
-71.192 8.61644 377.565 173.099 0.000293861 118.166 
-70.9865 8.18706 377.57 -6.579 0.000106129 -62.0077 
-70.7772 7.75637 377.583 0 6.15665e-06 -68.4373 
-70.5723 7.32656 377.591 174.073 0.000593859 117.639 
-70.3663 6.89576 377.599 174.403 0.000693859 117.459 
-70.1587 6.46644 377.608 174.734 0.000393859 117.276 
-69.9542 6.03655 377.611 -4.932 0.00040614 -62.9085 
-69.7471 5.60559 377.622 175.405 0.000293859 116.904 
-69.5414 5.17514 377.627 -4.256 0.000506142 -63.285 
-69.3331 4.7449 377.64 176.085 9.38608e-05 116.523 
-69.1275 4.31522 377.647 176.428 0.000293857 116.329 
-68.9208 3.88465 377.655 -3.226 0.000106143 -63.8672 
-68.7142 3.45446 377.664 -2.878 0.000106143 -64.0658 
-68.5074 3.02464 377.674 177.472 0.000493861 115.733 
-68.3022 2.59526 377.678 -2.176 0.000606142 -64.4701 
-68.0941 2.16493 377.69 -1.821 0.00010614 -64.6757 
-67.889 1.73387 377.696 -1.463 0.000306141 -64.8836 
-67.6837 1.30432 377.702 0 6.03709e-06 -66.1978 
-67.4773 0.873906 377.71 -0.742003 0.00040614 -65.3063 
-67.2706 0.443818 377.719 -0.378003 0.000306139 -65.5211 
-67.064 0.0140494 377.729 179.988 0.000193859 114.262 
-66.8559 -0.416576 377.739 -179.643 9.38608e-05 114.043 
-66.652 -0.84693 377.744 -179.272 0.000293859 113.821 
-66.444 -1.27695 377.756 -178.899 0.000893859 113.597 
-66.237 -1.70672 377.763 1.476 0.000106136 -66.6288 
-66.0313 -2.13742 377.771 -178.146 0.000293861 113.143 
-65.8243 -2.56669 377.779 0 6.09716e-06 -64.8545 
-65.6172 -2.99688 377.789 0 6.03709e-06 -64.7051 
-65.4126 -3.42699 377.793 2.999 0.000606141 -67.5549 
-65.2052 -3.85792 377.804 -176.614 9.38608e-05 112.208 
-65.0004 -4.2877 377.81 -176.226 9.38569e-05 111.969 
-64.794 -4.71839 377.816 4.165 0.000606141 -68.2722 
-64.585 -5.14761 377.831 0 6.15665e-06 -63.9586 
-64.3822 -5.57837 377.832 0 6.15665e-06 -63.809 
-64.1753 -6.00873 377.842 -174.651 0.000193859 110.992 
-63.967 -6.43889 377.852 5.748 0.000406141 -69.2581 
-63.7597 -6.86911 377.863 -173.851 0.000393861 110.49 
-63.5551 -7.29851 377.869 -173.449 0.000393858 110.237 
-63.3486 -7.72886 377.876 6.956 0.000306142 -70.0187 
-63.142 -8.15926 377.883 7.363 0.000806141 -70.2761 
-62.9365 -8.5899 377.892 0 6.15665e-06 -62.7635 
-62.7295 -9.01934 377.901 0 6.21557e-06 -62.6148 
-62.5219 -9.44997 377.911 -171.405 0.000293859 108.94 
-62.3171 -9.88009 377.916 9.009 0.000306142 -71.3249 
-62.1092 -10.31 377.928 -170.575 0.000393858 108.408 
-61.9035 -10.7405 377.935 -170.157 0.000293859 108.14 
-61.698 -11.1702 377.942 -169.738 0.000293859 107.87 
-61.4902 -11.6009 377.951 10.684 0.000406141 -72.4023 
-61.2839 -12.0301 377.96 -168.894 9.3853e-05 107.324 
-61.0772 -12.4607 377.97 -168.469 0.00069386 107.049 
-60.8711 -12.8908 377.975 11.957 0.00040614 -73.2279 
-60.6636 -13.3211 377.987 -167.615 0.000593858 106.494 
-60.4586 -13.7514 377.994 -167.186 0.000693859 106.214 
-60.2516 -14.1818 378.001 0 6.09716e-06 -60.8225 
-60.0457 -14.612 378.009 -166.323 0.000493858 105.65 
-59.8382 -15.0414 378.019 -165.89 9.38608e-05 105.366 
-59.6339 -15.4724 378.022 14.545 0.000106143 -74.9199 
-59.4256 -15.9019 378.034 14.981 0.00020614 -75.2066 
-59.2209 -16.3322 378.039 15.418 0.000206142 -75.4947 
-59.0132 -16.7625 378.053 -164.143 0.00089386 104.216 
-58.8064 -17.1917 378.06 -163.704 0.000193861 103.926 
-58.6003 -17.6222 378.069 -163.263 0.00059386 103.634 
-58.3949 -18.0528 378.071 17.179 0.000906141 -76.6584 
-58.188 -18.4829 378.082 17.622 0.000206143 -76.952 
-57.9808 -18.913 378.093 -161.934 0.000493859 102.753 
-57.7756 -19.3438 378.099 -161.489 0.000293864 102.458 
-57.5703 -19.7736 378.105 -161.044 0.000193856 102.162 
-57.3625 -20.2039 378.113 19.403 0.00070614 -78.1355 
-57.1562 -20.6339 378.121 19.85 0.000606142 -78.4334 
-56.9493 -21.0639 378.131 20.298 0.000406141 -78.7321 
-56.7419 -21.4942 378.141 20.747 0.000106143 -79.0313 
-56.5368 -21.9246 378.146 21.196 0.000806141 -79.3312 
-56.3303 -22.3539 378.159 -158.355 0.000693857 100.368 
-56.1239 -22.785 378.165 -157.904 0.000193861 100.067 
-55.9175 -23.2144 378.173 22.546 0.000206143 -80.2339 
-55.7105 -23.6443 378.181 22.997 0.000506141 -80.5357 
-55.5041 -24.0751 378.191 -156.551 0.000293859 99.1623 
-55.2988 -24.5051 378.195 23.9 0.000906141 -81.1401 
-55.0916 -24.9351 378.206 -155.648 9.38608e-05 98.5574 
-54.8867 -25.3659 378.212 0 6.03709e-06 -56.9413 
-54.6775 -25.7946 378.226 -154.744 9.38608e-05 97.9518 
-54.4712 -26.2258 378.233 -154.291 0.000193861 97.649 
-54.2649 -26.6558 378.242 -153.839 0.00039386 97.3461 
-54.0603 -27.0867 378.245 26.613 0.000306142 -82.9567 
-53.8531 -27.5165 378.256 0 6.15665e-06 -56.1943 
-53.6476 -27.9474 378.26 27.517 0.00060614 -83.5618 
-53.4398 -28.3762 378.273 27.968 0.000106143 -83.8641 
-53.2349 -28.8068 378.28 -151.581 0.000493859 95.834 
-53.0282 -29.2369 378.288 -151.13 9.38608e-05 95.5323 
-52.8209 -29.6672 378.296 29.321 0.000206142 -84.7689 
-52.6147 -30.0974 378.306 -150.229 0.000593859 94.9304 
-52.4094 -30.5275 378.31 30.22 0.000606141 -85.3699 
-52.2023 -30.9573 378.322 -149.331 0.000393859 94.3304 
-51.9955 -31.388 378.328 31.118 0.000606141 -85.9686 
-51.7903 -31.818 378.335 31.565 0.000506141 -86.267 
-51.5821 -32.2471 378.349 -147.988 0.000693859 93.4353 
-51.3774 -32.6793 378.351 0 6.15665e-06 -54.4026 
-51.1698 -33.1083 378.361 32.904 0.00070614 -87.1577 
-50.9629 -33.5375 378.372 33.348 0.000206143 -87.4528 
-50.7572 -33.9687 378.377 33.792 0.000606142 -87.7471 
-50.5491 -34.3983 378.39 -145.765 9.38608e-05 91.9597 
-50.3434 -34.8282 378.397 34.676 0.000106143 -88.3326 
-50.1366 -35.2589 378.405 35.117 0.000206143 -88.6237 
-49.9313 -35.6894 378.414 -144.444 0.000793859 91.0862 
-49.7265 -36.1204 378.417 35.994 0.000106143 -89.2026 
-49.519 -36.5499 378.428 -143.569 0.000193857 90.5098 
-49.3111 -36.9794 378.44 -143.133 0.000593859 90.2234 
-49.1054 -37.4096 378.446 -142.699 9.3853e-05 89.9384 
-48.8992 -37.84 378.453 37.734 0.000306142 -90.3453 
-48.6923 -38.2703 378.461 38.166 0.000406141 -90.6276 
-48.4868 -38.7009 378.47 -141.404 0.000493859 89.0915 
-48.2802 -39.13 378.48 -140.976 0.00059386 88.8121 
-48.0741 -39.5617 378.484 39.452 0.000106136 -91.4657 
-47.867 -39.9904 378.496 -140.123 0.000293862 88.258 
-47.6611 -40.421 378.502 40.301 0.000106143 -92.0167 
-47.4552 -40.8511 378.509 40.723 0.000306142 -92.2898 
-47.2486 -41.2815 378.517 41.144 0.000306139 -92.5611 
-47.0419 -41.7115 378.526 41.563 0.000106136 -92.8308 
-46.8353 -42.1411 378.536 -138.02 0.000193861 86.9012 
-46.6298 -42.5729 378.541 42.396 0.000206142 -93.3649 
-46.423 -43.0017 378.552 -137.191 0.00059386 86.3707 
-46.2163 -43.4318 378.559 43.221 0.000406141 -93.8918 
-46.0105 -43.8627 378.566 43.631 0.00020614 -94.1524 
-45.8037 -44.2924 378.574 44.039 0.000806141 -94.4112 
-45.5977 -44.7228 378.583 44.445 0.000106136 -94.668 
-45.3898 -45.1528 378.593 44.85 0.00020614 -94.9229 
-45.1825 -45.5817 378.604 0 6.09716e-06 -49.9238 
-44.9779 -46.0134 378.609 -134.348 0.000493859 84.5733 
-44.7722 -46.444 378.616 -133.95 0.000193859 84.3245 
-44.5653 -46.8735 378.623 46.446 0.00080614 -95.9224 
-44.3593 -47.304 378.631 46.84 0.000606141 -96.1671 
-44.153 -47.7344 378.64 0 6.15665e-06 -49.1778 
-43.9456 -48.1637 378.65 47.622 0.000206143 -96.6503 
-43.7379 -48.5929 378.661 0 6.15665e-06 -48.8787 
-43.5327 -49.0234 378.666 48.395 0.000506142 -97.125 
-43.3263 -49.4547 378.673 48.779 0.00070614 -97.3591 
-43.1189 -49.8833 378.686 -130.84 0.000393859 82.409 
-42.9131 -50.3141 378.695 -130.461 0.000793858 82.1793 
-42.7077 -50.7458 378.697 49.916 0.00040614 -98.0483 
-42.5012 -51.1747 378.707 50.29 0.000206142 -98.2735 
-42.2936 -51.6046 378.718 -129.337 0.000293859 81.5034 
-42.0884 -52.0361 378.723 -128.967 9.38569e-05 81.2826 
-41.8819 -52.4665 378.729 51.401 0.000606141 -98.936 
-41.6745 -52.8942 378.743 0 6.15665e-06 -47.3863 
-41.4675 -53.3249 378.751 -127.87 9.3853e-05 80.6337 
-41.2612 -53.7551 378.76 -127.509 0.000493858 80.422 
-41.0564 -54.1859 378.764 52.849 0.00070614 -99.7874 
-40.8495 -54.6165 378.774 -126.794 0.000593858 80.0054 
-40.6433 -55.0467 378.78 53.56 0.000806141 -100.199 
-40.4359 -55.4759 378.792 -126.088 0.000293859 79.598 
-40.23 -55.9057 378.799 54.261 0.000106143 -100.602 
-40.0229 -56.3365 378.807 54.609 0.000106136 -100.8 
-39.8166 -56.767 378.816 -125.046 0.000293859 79.004 
-39.6101 -57.1958 378.826 -124.704 0.000193859 78.811 
-39.4049 -57.6271 378.83 55.636 0.000406141 -101.38 
-39.1979 -58.0564 378.842 -124.026 0.000493861 78.431 
-38.9914 -58.4873 378.848 56.31 0.000206142 -101.755 
-38.7857 -58.9178 378.855 56.643 0.000406141 -101.939 
-38.5797 -59.3485 378.863 0 6.15665e-06 -45.147 
-38.3726 -59.7783 378.872 57.303 0.00010614 -102.3 
-38.1664 -60.208 378.881 -122.371 0.000193857 77.523 
-37.9582 -60.6374 378.892 -122.046 9.3853e-05 77.348 
-37.7532 -61.068 378.897 58.275 0.000406141 -102.824 
-37.5471 -61.5 378.903 58.595 0.000506142 -102.995 
-37.3395 -61.9277 378.916 -121.088 9.38569e-05 76.838 
-37.1332 -62.3583 378.924 -120.773 0.000193854 76.672 
-36.9279 -62.7888 378.932 -120.461 0.000793859 76.509 
-36.7212 -63.2202 378.935 59.85 0.00100614 -103.652 
-36.5147 -63.6501 378.946 60.158 0.000206142 -103.811 
-36.3073 -64.079 378.957 -119.536 0.000193863 76.032 
-36.1024 -64.5103 378.963 -119.233 0.000193859 75.878 
-35.8965 -64.9407 378.969 61.068 0.00020614 -104.274 
-35.6894 -65.3722 378.977 0 6.15665e-06 -43.056 
-35.4838 -65.8015 378.985 61.664 0.00020614 -104.571 
-35.2762 -66.2305 378.994 61.959 0.000706141 -104.717 
-35.0704 -66.6608 379.004 -117.749 0.000293861 75.14 
-34.862 -67.0894 379.015 0 6.09716e-06 -42.459 
-34.6567 -67.5216 379.021 -117.17 0.000393859 74.861 
-34.4512 -67.9512 379.027 63.115 0.00060614 -105.276 
-34.2445 -68.3817 379.034 63.399 0.00090614 -105.41 
-34.0378 -68.8127 379.042 63.681 0.000606141 -105.542 
-33.8316 -69.2422 379.051 63.96 0.000606141 -105.672 
-33.6253 -69.6722 379.061 -115.763 9.38569e-05 74.2 
-33.4186 -70.1013 379.072 -115.488 0.000393859 74.074 
-33.2125 -70.5322 379.077 64.785 0.000506142 -106.05 
-33.0051 -70.9607 379.089 -114.944 0.000293859 73.829 
-32.7986 -71.3912 379.096 65.325 0.000306142 -106.291 
-32.592 -71.8221 379.104 65.592 0.000106143 -106.408 
-32.3863 -72.2515 379.113 65.856 0.000206143 -106.524 
-32.1793 -72.6818 379.122 -113.881 0.000493859 73.363 
-31.9745 -73.1137 379.126 66.379 0.00020614 -106.748 
-31.7667 -73.5424 379.137 66.638 0.000106143 -106.857 
-31.5616 -73.9736 379.143 66.894 0.00020614 -106.965 
-31.3536 -74.4018 379.155 -112.851 0.000393861 72.93 
-31.147 -74.8333 379.163 -112.598 0.000693859 72.827 
-30.9414 -75.2634 379.171 -112.348 0.00079386 72.726 
-30.7342 -75.693 379.18 -112.099 0.00069386 72.626 
-30.5292 -76.1241 379.184 68.147 0.000606141 -107.471 
-30.322 -76.5534 379.194 68.392 0.000206142 -107.566 
-30.1163 -76.9861 379.2 0 6.15665e-06 -39.025 
-29.9086 -77.4134 379.212 0 6.15665e-06 -38.875 
-29.7025 -77.8443 379.219 69.115 0.00020614 -107.841 
-29.4967 -78.2754 379.226 -110.648 0.000493858 72.071 
-29.2902 -78.7044 379.235 69.587 0.000106143 -108.015 
-29.0829 -79.1345 379.245 -110.179 9.3853e-05 71.901 
-28.8779 -79.566 379.248 70.052 0.000806141 -108.181 
-28.6709 -79.9955 379.259 -109.718 9.3853e-05 71.738 
-28.465 -80.4272 379.265 70.51 0.000206143 -108.341 
-28.258 -80.8549 379.278 -109.264 0.000293859 71.583 
-28.0521 -81.2847 379.285 70.96 0.000306142 -108.492 
-27.8453 -81.7156 379.293 71.183 0.000106136 -108.566 
-27.6386 -82.1455 379.302 0 6.15665e-06 -37.233 
-27.4321 -82.5745 379.311 71.623 0.00010614 -108.707 
-27.2257 -83.0076 379.316 71.841 0.000306141 -108.775 
-27.0199 -83.4361 379.327 -107.944 0.000393859 71.158 
-26.8139 -83.8674 379.333 72.27 0.000106143 -108.906 
-26.6066 -84.298 379.339 72.483 0.000606141 -108.97 
-26.4005 -84.7258 379.353 -107.307 0.000593858 70.969 
-26.1942 -85.1562 379.361 -107.098 0.000793859 70.909 
-25.9877 -85.5893 379.364 73.11 0.000106143 -109.149 
-25.7806 -86.0184 379.374 73.316 0.00020614 -109.205 
-25.5742 -86.4478 379.384 -106.48 0.000693859 70.74 
-25.3688 -86.8784 379.39 73.722 0.000606141 -109.313 
-25.1617 -87.3064 379.402 -106.077 9.38608e-05 70.635 
-24.9545 -87.7373 379.408 74.123 0.000306139 -109.415 
-24.7498 -88.1684 379.416 -105.68 9.38608e-05 70.536 
-24.542 -88.5978 379.424 74.517 0.00040614 -109.511 
-24.3352 -89.0279 379.433 74.712 0.00010614 -109.556 
-24.129 -89.4571 379.443 -105.095 9.3853e-05 70.4 
-23.9231 -89.8905 379.448 -104.903 0.000293862 70.357 
-23.7164 -90.3181 379.459 -104.713 0.000493859 70.317 
-23.5102 -90.7502 379.465 -104.524 0.000493861 70.277 
-23.3042 -91.18 379.472 75.663 0.00050614 -109.761 
-23.0977 -91.6106 379.48 75.849 0.000506142 -109.798 
-22.8919 -92.0403 379.488 76.033 0.000606142 -109.833 
-22.6857 -92.4711 379.497 -103.784 0.000193854 70.134 
-22.4782 -92.8997 379.507 -103.602 9.38608e-05 70.101 
-22.272 -93.3291 379.518 -103.422 0.000793859 70.07 
-22.0654 -93.7599 379.523 76.757 0.000406141 -109.959 
-21.8601 -94.1913 379.529 76.934 0.00070614 -109.987 
-21.6532 -94.6186 379.542 0 6.21557e-06 -32.904 
-21.4467 -95.0503 379.549 -102.715 0.000693859 69.96 
-21.2392 -95.4803 379.558 -102.541 0.000293857 69.936 
-21.0326 -95.9093 379.567 77.631 0.000106143 -110.086 
-20.8282 -96.3422 379.57 77.801 0.00040614 -110.108 
-20.6206 -96.7716 379.581 -102.029 0.000193861 69.872 
-20.4149 -97.2036 379.586 78.139 0.00020614 -110.147 
-20.2079 -97.6316 379.598 -101.694 0.00039386 69.836 
-20.001 -98.0626 379.604 0 6.03709e-06 -31.709 
-19.7952 -98.4928 379.612 78.636 0.000406141 -110.196 
-19.5893 -98.9239 379.62 -101.201 0.000193859 69.79 
-19.3825 -99.3531 379.629 78.961 0.00020614 -110.222 
-19.1755 -99.7832 379.638 -100.878 0.000393859 69.766 
-18.9695 -100.211 379.648 0 6.15665e-06 -30.963 
-18.764 -100.643 379.653 79.439 0.000306139 -110.253 
-18.5556 -101.072 379.665 -100.403 0.000393857 69.739 
-18.351 -101.503 379.671 -100.248 9.38646e-05 69.733 
-18.1443 -101.934 379.679 79.907 0.00020614 -110.273 
-17.9375 -102.364 379.687 80.0608 0.00050614 -110.277 
-17.7312 -102.795 379.695 -99.7867 0.000293859 69.72 
-17.5246 -103.224 379.704 -99.6354 0.000193859 69.718 
-17.3179 -103.652 379.714 0 6.15665e-06 -29.7682 
-17.112 -104.085 379.719 80.6639 0.000106143 -110.283 
-16.9051 -104.513 379.73 80.8119 0.00020614 -110.282 
-16.699 -104.945 379.736 80.9588 0.000206142 -110.279 
-16.4928 -105.376 379.743 81.1046 0.000106136 -110.276 
-16.2866 -105.807 379.751 81.2493 0.00010614 -110.271 
-16.08 -106.236 379.759 81.393 0.000906141 -110.266 
-15.8734 -106.666 379.767 81.5357 0.00070614 -110.259 
-15.6669 -107.096 379.777 81.6773 0.000506141 -110.251 
-15.4604 -107.524 379.787 81.8178 0.000206143 -110.242 
-15.2542 -107.957 379.792 81.9574 0.00080614 -110.233 
-15.0477 -108.386 379.804 -97.9041 0.000593858 69.778 
-14.8414 -108.817 379.81 -97.7666 9.38569e-05 69.79 
-14.635 -109.248 379.817 82.37 0.00040614 -110.197 
-14.4286 -109.678 379.825 82.5055 0.000706142 -110.184 
-14.2223 -110.109 379.833 0 6.09716e-06 -27.5289 
-14.0157 -110.538 379.842 82.7737 0.000206138 -110.153 
-13.8092 -110.967 379.852 82.9063 0.00040614 -110.137 
-13.6027 -111.396 379.862 -96.962 0.000493859 69.881 
-13.3964 -111.828 379.867 83.1688 0.000406143 -110.1 
-13.1899 -112.256 379.879 -96.7014 0.00069386 69.919 
-12.9835 -112.687 379.885 83.4275 0.00020614 -110.061 
-12.7772 -113.119 379.892 -96.4445 9.38608e-05 69.961 
-12.5707 -113.548 379.9 83.6826 0.00050614 -110.017 
-12.3644 -113.979 379.908 83.8088 0.000106143 -109.994 
-12.1579 -114.409 379.918 -96.0659 0.000393858 70.03 
-11.9513 -114.837 379.927 -95.9415 9.38608e-05 70.055 
-11.7453 -115.271 379.932 84.182 0.00020614 -109.919 
-11.5386 -115.698 379.943 84.3047 0.000406141 -109.893 
-11.3324 -116.13 379.949 84.4265 0.00050614 -109.865 
-11.1257 -116.558 379.961 -95.4525 0.00059386 70.163 
-10.9194 -116.988 379.968 84.6676 0.000306141 -109.808 
-10.713 -117.419 379.976 84.7869 0.000106136 -109.778 
-10.5066 -117.849 379.984 -95.0946 0.000293859 70.253 
-10.3001 -118.278 379.993 85.023 0.000306144 -109.715 
-10.0936 -118.708 380.002 -94.8601 0.000293861 70.317 
-9.88751 -119.141 380.007 85.2559 0.000106136 -109.649 
-9.68085 -119.57 380.018 -94.6288 0.000693859 70.385 
-9.47461 -120.001 380.023 85.4856 0.000406142 -109.58 
-9.26796 -120.429 380.035 -94.4007 0.000593859 70.455 
-9.06165 -120.86 380.042 -94.2878 0.000693859 70.492 
-8.85527 -121.29 380.05 85.8243 0.00010615 -109.471 
-8.64882 -121.721 380.058 -94.0643 0.000293857 70.567 
-8.44234 -122.15 380.067 86.0463 0.00020614 -109.395 
-8.23605 -122.579 380.076 -93.8439 0.000393861 70.645 
-8.02972 -123.013 380.081 -93.7347 9.38608e-05 70.685 
-7.82312 -123.441 380.091 86.3737 0.000106143 -109.274 
-7.61702 -123.874 380.097 86.4813 0.000106143 -109.233 
-7.41027 -124.3 380.108 0 6.09716e-06 -22.6017 
-7.20404 -124.732 380.115 -93.3055 0.000193859 70.853 
-6.99767 -125.163 380.122 86.8 0.000406141 -109.103 
-6.79136 -125.594 380.13 -93.0952 9.38646e-05 70.941 
-6.58474 -126.023 380.139 87.009 0.000306142 -109.014 
-6.37836 -126.452 380.148 87.1124 0.00060614 -108.968 
-6.17184 -126.882 380.157 -92.7848 0.000293857 71.079 
-5.9655 -127.31 380.167 -92.6828 0.000293859 71.126 
-5.7592 -127.743 380.173 87.4186 0.000506141 -108.826 
-5.5526 -128.171 380.184 -92.4806 0.000793859 71.222 
-5.3462 -128.603 380.19 -92.3805 0.000193856 71.272 
-5.13989 -129.034 380.197 87.7189 0.000206143 -108.678 
-4.93346 -129.464 380.205 87.8177 0.000506142 -108.628 
-4.72714 -129.894 380.213 87.9158 0.00060614 -108.577 
-4.52073 -130.324 380.221 88.0133 0.000606141 -108.525 
-4.31424 -130.754 380.23 88.1102 0.00050614 -108.473 
-4.10768 -131.183 380.24 88.2065 0.00020614 -108.42 
-3.90143 -131.616 380.245 88.3021 0.00080614 -108.366 
-3.69501 -132.044 380.256 88.3971 0.00020614 -108.312 
-3.48868 -132.476 380.262 88.4915 0.000506142 -108.257 
-3.28221 -132.904 380.273 -91.4147 0.000393857 71.799 
-3.07586 -133.335 380.28 -91.3215 0.000393859 71.855 
-2.86925 -133.765 380.288 88.7712 0.000406141 -108.088 
-2.66292 -134.196 380.296 88.8632 0.000106136 -108.031 
-2.45662 -134.627 380.304 -91.0454 0.000393858 72.027 
-2.25011 -135.055 380.313 0 6.15665e-06 -18.8695 
-2.04369 -135.485 380.323 -90.8642 0.000793859 72.144 
-1.83738 -135.917 380.328 89.2255 0.00020614 -107.796 
-1.63086 -136.345 380.338 89.3147 0.000106136 -107.736 
-1.42451 -136.778 380.344 -90.5967 9.38608e-05 72.325 
-1.21796 -137.205 380.356 -90.5086 0.000493859 72.386 
-1.01158 -137.636 380.363 -90.4211 9.38491e-05 72.448 
-0.805094 -138.067 380.37 89.6659 0.000206143 -107.49 
-0.598749 -138.497 380.378 89.7523 0.000306141 -107.427 
-0.39232 -138.927 380.386 89.8382 0.000306142 -107.364 
-0.186063 -139.357 380.395 89.9235 0.000106143 -107.3 
0.0204975 -139.786 380.404 -89.9916 0.000293854 72.765 
0.226869 -140.22 380.409 90.0927 0.000206142 -107.17 
0.433274 -140.649 380.42 -89.8235 0.00049386 72.895 
0.639696 -141.075 380.43 -89.7402 0.000293857 72.961 
0.846161 -141.508 380.437 -89.6574 0.000293858 73.028 
1.05263 -141.939 380.443 90.4249 0.00050614 -106.905 
1.25886 -142.371 380.451 90.5066 0.000206142 -106.838 
1.46526 -142.796 380.463 -89.4121 0.000293861 73.23 
1.67167 -143.226 380.471 0 6.15665e-06 -16.0323 
1.87807 -143.657 380.48 -89.251 0.000793859 73.368 
2.08472 -144.091 380.484 90.8289 0.000206147 -106.563 
2.29099 -144.52 380.493 0 6.03709e-06 -15.5848 
2.49744 -144.948 380.503 -89.0129 0.000293859 73.577 
2.70389 -145.381 380.509 91.0655 0.000206142 -106.352 
2.91017 -145.809 380.52 -88.8566 0.000393861 73.72 
3.11669 -146.241 380.526 -88.7791 0.000293858 73.792 
3.32307 -146.672 380.533 91.2979 0.000706142 -106.136 
3.52951 -147.099 380.545 -88.6255 0.00039386 73.937 
3.73589 -147.528 380.553 91.4506 0.000206142 -105.99 
3.94216 -147.959 380.561 -88.4738 0.000293858 74.083 
4.14876 -148.389 380.569 0 6.27393e-06 -14.2405 
4.35498 -148.819 380.579 -88.3238 0.000793859 74.232 
4.56164 -149.252 380.583 91.7506 0.000106143 -105.693 
4.76797 -149.681 380.593 -88.1755 9.38608e-05 74.382 
4.97438 -150.109 380.603 -88.102 0.000393857 74.458 
5.18073 -150.541 380.609 0 6.21557e-06 -13.495 
5.38714 -150.973 380.616 92.0436 0.000306144 -105.389 
5.59367 -151.4 380.627 -87.8841 0.000593858 74.688 
5.79984 -151.831 380.635 92.1876 0.000406141 -105.234 
6.00634 -152.262 380.642 92.259 0.00010614 -105.156 
6.21286 -152.693 380.65 -87.67 0.000293858 74.922 
6.41932 -153.122 380.659 92.4006 0.000106136 -104.999 
6.62557 -153.552 380.668 -87.5293 0.000593861 75.08 
6.83201 -153.981 380.677 -87.4595 0.000593858 75.159 
7.03864 -154.414 380.682 92.6099 0.000306141 -104.761 
7.24475 -154.842 380.692 0 6.15665e-06 -12.0012 
7.45133 -155.275 380.698 92.7474 0.000606141 -104.6 
7.65761 -155.702 380.709 -87.1844 9.3853e-05 75.481 
7.86407 -156.134 380.715 92.8834 0.000106143 -104.437 
8.07075 -156.566 380.722 92.9509 0.00010614 -104.355 
8.27675 -156.991 380.735 0 6.15665e-06 -11.2551 
8.48326 -157.422 380.742 -86.9154 0.000393858 75.81 
8.6896 -157.852 380.75 93.1509 0.000106136 -104.107 
8.8962 -158.282 380.759 -86.7831 0.00059386 75.976 
9.10261 -158.716 380.764 93.2824 0.000506142 -103.94 
9.30919 -159.145 380.773 93.3477 0.00050614 -103.856 
9.51534 -159.573 380.783 93.4125 0.000206143 -103.772 
9.72194 -160.006 380.788 93.477 0.000806141 -103.687 
9.92809 -160.434 380.799 93.5411 0.000206138 -103.602 
10.1347 -160.866 380.805 93.6049 0.000406141 -103.516 
10.3411 -161.294 380.816 -86.3316 0.00049386 76.57 
10.5475 -161.724 380.824 93.7315 0.000406141 -103.344 
10.7539 -162.156 380.831 93.7942 0.000106143 -103.258 
10.9603 -162.586 380.839 93.8566 0.000606141 -103.171 
11.1668 -163.017 380.847 -86.0813 9.3853e-05 76.917 
11.3731 -163.446 380.856 93.9804 0.000106143 -102.996 
11.5794 -163.875 380.865 94.0418 0.000106136 -102.908 
11.7858 -164.304 380.874 -85.8971 9.3853e-05 77.18 
11.9924 -164.738 380.879 94.1636 0.000506139 -102.731 
12.1989 -165.166 380.889 -85.7759 9.38608e-05 77.358 
12.4056 -165.599 380.895 94.2842 0.000206143 -102.553 
12.6115 -166.026 380.906 94.3439 0.000306137 -102.464 
12.8182 -166.458 380.913 94.4034 0.000206142 -102.374 
13.0246 -166.889 380.92 94.4625 0.000906141 -102.284 
13.2307 -167.316 380.932 -85.4787 0.000493859 77.807 
13.4373 -167.746 380.939 -85.4201 0.000193857 77.898 
13.6437 -168.177 380.947 0 6.15665e-06 -7.3729 
13.8501 -168.606 380.956 0 6.15665e-06 -7.224 
14.0565 -169.036 380.964 -85.2464 0.000193861 78.172 
14.263 -169.47 380.969 94.8108 0.000506142 -101.736 
14.4693 -169.899 380.979 -85.1322 9.3853e-05 78.356 
14.6755 -170.327 380.988 94.9245 0.00020614 -101.551 
14.8823 -170.761 380.994 94.9809 0.000306139 -101.458 
15.0884 -171.187 381.005 95.037 0.000306142 -101.365 
15.2953 -171.621 381.011 0 6.15665e-06 -6.1791 
15.5013 -172.047 381.022 -84.8516 0.000393859 78.822 
15.7077 -172.478 381.03 0 6.15665e-06 -5.8804 
15.9143 -172.909 381.037 95.2586 0.00020614 -100.989 
16.1205 -173.34 381.045 95.3132 0.000206138 -100.895 
16.327 -173.77 381.053 0 6.15665e-06 -5.4324 
16.5337 -174.201 381.061 -84.5782 0.000293861 79.295 
16.7398 -174.629 381.07 95.4756 0.000206136 -100.609 
16.9463 -175.059 381.079 -84.4708 0.000493858 79.486 
17.1531 -175.492 381.085 95.5825 0.000606141 -100.417 
17.3593 -175.922 381.094 -84.3645 0.000393859 79.679 
17.5653 -176.349 381.104 -84.3118 0.00059386 79.775 
17.772 -176.782 381.111 0 6.15665e-06 -4.3873 
17.9781 -177.209 381.121 -84.2071 0.000593858 79.969 
18.1848 -177.641 381.128 -84.1551 0.000393859 80.0666 
18.3912 -178.072 381.135 95.8966 0.00070614 -99.8358 
18.5977 -178.503 381.143 95.948 0.00050614 -99.738 
18.8043 -178.934 381.15 95.9992 0.000206142 -99.6399 
19.0103 -179.359 381.163 -83.9498 0.000193857 80.4585 
19.2165 -179.79 381.171 -83.8992 0.000893859 80.5571 
19.4237 -180.224 381.176 96.1513 0.000306141 -99.344 
19.6297 -180.654 381.185 96.2014 0.000306142 -99.2449 
19.8362 -181.082 381.194 96.2514 0.000106143 -99.1455 
20.0422 -181.511 381.203 -83.699 0.000293859 80.9541 
20.2492 -181.944 381.209 96.3505 0.000106143 -98.946 
20.4554 -182.372 381.219 -83.6003 0.000593858 81.1541 
20.6618 -182.804 381.225 96.4486 0.000506141 -98.7455 
20.8679 -183.232 381.236 -83.5027 0.00059386 81.355 
21.0745 -183.663 381.243 96.5458 0.000206138 -98.5441 
21.2812 -184.094 381.25 96.5941 0.000706142 -98.4431 
21.4878 -184.526 381.258 96.6421 0.000106136 -98.3418 
21.6934 -184.951 381.269 -83.3102 0.000693859 81.7597 
21.9 -185.382 381.277 -83.2626 0.00069386 81.8615 
22.1064 -185.812 381.286 -83.2153 0.000793859 81.9635 
22.3133 -186.246 381.291 96.8318 0.000906141 -97.9343 
22.5195 -186.676 381.3 96.8786 0.000406141 -97.8318 
22.726 -187.105 381.309 -83.0747 0.000293862 82.2708 
22.9321 -187.533 381.318 -83.0283 9.38646e-05 82.3737 
23.1391 -187.967 381.324 -82.9821 0.000193861 82.4768 
23.3449 -188.394 381.334 -82.9362 0.00039386 82.5801 
23.5518 -188.827 381.341 97.1096 0.000306142 -97.3163 
23.7577 -189.254 381.351 -82.8449 0.000293857 82.7875 
23.9643 -189.686 381.358 0 6.09716e-06 0.0918031 
24.1709 -190.118 381.365 97.2455 0.00010614 -97.0044 
24.3766 -190.542 381.376 0 6.03709e-06 0.390503 
24.5832 -190.974 381.384 -82.6649 0.000293861 83.2047 
24.7899 -191.405 381.392 -82.6204 0.000693859 83.3095 
24.9963 -191.835 381.4 -82.5761 0.000293861 83.4145 
25.2025 -192.264 381.409 -82.5321 9.38646e-05 83.5198 
25.4098 -192.7 381.414 0 6.21557e-06 1.137 
25.6159 -193.129 381.423 -82.4446 9.38569e-05 83.7309 
25.822 -193.558 381.432 -82.4012 0.000393861 83.8367 
26.0282 -193.985 381.442 97.6421 0.000106146 -96.0572 
26.2349 -194.418 381.448 97.6851 0.000506142 -95.9509 
26.4412 -194.846 381.458 -82.272 0.000293859 84.1555 
26.6477 -195.278 381.464 97.7706 0.000706141 -95.7378 
26.854 -195.706 381.475 -82.1869 0.000493859 84.369 
27.0604 -196.137 381.482 97.8553 0.00020614 -95.5239 
27.2671 -196.569 381.489 97.8974 0.000706142 -95.4167 
27.4739 -197.001 381.497 0 6.15665e-06 2.63 
27.6794 -197.426 381.508 -82.0191 0.000793859 84.7984 
27.8859 -197.857 381.516 -81.9776 0.000893858 84.9062 
28.0921 -198.286 381.524 0 6.15665e-06 3.0779 
28.2985 -198.716 381.533 -81.8952 0.000393859 85.1224 
28.5059 -199.152 381.538 98.1458 0.000106133 -94.7693 
28.7119 -199.58 381.547 98.1865 0.00040614 -94.6607 
28.9184 -200.009 381.556 -81.7729 0.000493859 85.448 
29.1242 -200.438 381.565 -81.7326 0.00049386 85.557 
29.3311 -200.871 381.572 98.3076 0.000306139 -94.3339 
29.5374 -201.298 381.581 -81.6523 9.38608e-05 85.7754 
29.7441 -201.731 381.588 98.3875 0.000306141 -94.1152 
29.9502 -202.158 381.598 -81.5728 0.000393861 85.9945 
30.1567 -202.591 381.605 -81.5334 0.000293857 86.1043 
30.3632 -203.022 381.612 98.5059 0.000706141 -93.7857 
30.5693 -203.448 381.623 -81.4549 0.00049386 86.3244 
30.7755 -203.878 381.631 98.584 0.000106136 -93.5652 
30.9822 -204.31 381.638 -81.3772 0.000493859 86.5453 
31.1885 -204.74 381.647 -81.3386 0.000193857 86.656 
31.395 -205.17 381.655 -81.3001 9.38569e-05 86.7668 
31.6015 -205.6 381.664 -81.2618 9.38608e-05 86.8779 
31.8077 -206.029 381.672 -81.2237 0.000393858 86.989 
32.0147 -206.464 381.678 98.8142 0.000306142 -92.8996 
32.221 -206.893 381.687 -81.148 0.000293859 87.2119 
32.427 -207.32 381.696 0 6.15665e-06 6.2132 
32.6342 -207.755 381.703 98.9271 0.000106143 -92.5645 
32.8402 -208.182 381.712 98.9644 0.00010614 -92.4525 
33.0468 -208.614 381.719 99.0015 0.00080614 -92.3403 
33.253 -209.042 381.729 -80.9615 0.000493858 87.772 
33.4597 -209.474 381.736 -80.9247 9.38646e-05 87.8845 
33.6662 -209.906 381.743 99.1119 0.000206143 -92.0029 
33.872 -210.332 381.754 -80.8516 0.00069386 88.1099 
34.0783 -210.762 381.762 99.1847 0.000306142 -91.7771 
34.2849 -211.193 381.769 99.2209 0.000106143 -91.664 
34.4914 -211.625 381.778 -80.7431 0.000193861 88.4493 
34.6978 -212.054 381.786 99.2928 0.000206143 -91.4373 
34.9042 -212.485 381.794 -80.6715 0.000493858 88.6763 
35.1106 -212.914 381.803 -80.6359 0.000293861 88.79 
35.3167 -213.343 381.812 -80.6005 0.000293857 88.9039 
35.524 -213.777 381.817 99.4348 0.000506139 -90.982 
35.73 -214.205 381.827 99.4699 0.00020614 -90.8679 
35.9363 -214.634 381.836 -80.4951 0.000293859 89.2465 
36.1432 -215.068 381.843 99.5397 0.00010614 -90.639 
36.3491 -215.494 381.852 99.5744 0.00020614 -90.5244 
36.5559 -215.928 381.859 99.6089 0.000306144 -90.4097 
36.7617 -216.354 381.869 99.6433 0.000106136 -90.2947 
36.9684 -216.787 381.876 -80.3225 0.000193857 89.8203 
37.1751 -217.218 381.884 99.7116 0.000406141 -90.0645 
37.3808 -217.644 381.894 -80.2544 0.000193861 90.0509 
37.5873 -218.075 381.902 0 6.03709e-06 9.9457 
37.794 -218.506 381.91 99.8131 0.00010614 -89.718 
38.0003 -218.937 381.918 0 6.21557e-06 10.2443 
38.2068 -219.367 381.926 -80.12 0.000193859 90.5136 
38.4131 -219.796 381.934 99.9133 0.000406141 -89.3703 
38.6194 -220.226 381.943 -80.0536 0.000193857 90.7458 
38.8256 -220.655 381.952 99.9794 0.000106136 -89.1379 
39.0331 -221.09 381.957 100.012 0.000206142 -89.0214 
39.2391 -221.518 381.967 100.045 0.000206142 -88.9048 
39.4452 -221.946 381.976 0 6.15665e-06 11.2895 
39.6524 -222.38 381.982 100.11 0.000706141 -88.6713 
39.8582 -222.808 381.992 100.142 0.000206138 -88.5543 
40.0642 -223.235 382.001 -79.8254 0.000493859 91.5628 
40.2708 -223.668 382.008 -79.7934 0.000293858 91.68 
40.4778 -224.099 382.016 100.239 0.000806141 -88.2026 
40.6836 -224.526 382.026 -79.7296 0.000293862 91.9149 
40.8902 -224.957 382.033 100.302 0.000406141 -87.9675 
41.0968 -225.39 382.041 0 6.21557e-06 12.4839 
41.3032 -225.82 382.048 100.365 0.000406141 -87.7318 
41.5097 -226.251 382.056 100.396 0.000706141 -87.6138 
41.7163 -226.681 382.064 100.428 0.000806141 -87.4957 
41.9225 -227.112 382.073 100.459 0.00080614 -87.3775 
42.1292 -227.541 382.081 100.49 0.00060614 -87.2591 
42.3356 -227.971 382.09 100.52 0.000306143 -87.1406 
42.5415 -228.401 382.098 -79.4491 0.000193861 92.978 
42.7477 -228.829 382.107 100.582 0.00020614 -86.9032 
42.9538 -229.258 382.116 -79.3881 0.00059386 93.2156 
43.1612 -229.692 382.122 100.642 0.000406141 -86.6654 
43.3671 -230.119 382.132 100.673 0.00040614 -86.5463 
43.574 -230.554 382.139 100.703 0.000106146 -86.4271 
43.78 -230.981 382.148 -79.2675 0.000293859 93.6923 
43.9868 -231.414 382.155 100.762 0.000206138 -86.1883 
44.1928 -231.841 382.165 -79.2079 0.00049386 93.9313 
44.3994 -232.272 382.172 100.822 0.000706141 -85.949 
44.6051 -232.698 382.182 -79.1488 0.000293859 94.1708 
44.8119 -233.13 382.19 -79.1194 0.000393857 94.2907 
45.0181 -233.561 382.198 100.91 0.000306142 -85.5892 
45.2251 -233.992 382.206 -79.061 9.38685e-05 94.5309 
45.4313 -234.423 382.213 100.968 0.000306142 -85.3488 
45.638 -234.853 382.222 100.997 0.000606141 -85.2285 
45.8445 -235.284 382.23 -78.9742 0.000293858 94.892 
46.0508 -235.713 382.238 -78.9455 0.000293861 95.0126 
46.2571 -236.143 382.247 -78.9169 0.00039386 95.1333 
46.4631 -236.571 382.256 101.112 0.000306142 -84.7459 
46.6694 -237 382.264 -78.86 0.000193859 95.3751 
46.8764 -237.435 382.271 101.168 0.000306139 -84.5039 
47.0827 -237.864 382.28 -78.8036 0.00049386 95.6172 
47.2883 -238.291 382.289 -78.7756 0.00039386 95.7385 
47.4955 -238.724 382.296 101.252 0.00060614 -84.1402 
47.7014 -239.152 382.306 -78.7198 0.000493859 95.9813 
47.9085 -239.584 382.312 101.308 0.000106143 -83.8972 
48.114 -240.011 382.322 -78.6644 0.000293861 96.2245 
48.3207 -240.443 382.33 101.363 0.00010614 -83.6537 
48.5279 -240.875 382.337 101.391 0.000406141 -83.5318 
48.7345 -241.307 382.345 101.418 0.00050614 -83.4099 
48.94 -241.733 382.355 -78.5549 0.000493859 96.7122 
49.1463 -242.163 382.363 101.472 0.000306141 -83.1656 
49.3529 -242.595 382.371 0 6.15665e-06 18.4559 
49.5599 -243.026 382.379 -78.4738 0.000393858 97.0791 
49.7661 -243.455 382.387 0 6.03709e-06 18.7546 
49.9723 -243.885 382.395 101.58 0.000206142 -82.6759 
50.1788 -244.316 382.404 -78.3937 0.000593859 97.4468 
50.3849 -244.745 382.412 -78.3672 0.000593858 97.5696 
50.591 -245.174 382.421 -78.3408 0.000793858 97.6925 
50.7986 -245.608 382.427 -78.3144 9.38608e-05 97.8155 
51.0046 -246.037 382.436 -78.2882 0.000493858 97.9385 
51.2103 -246.464 382.445 0 6.21557e-06 19.7996 
51.4174 -246.898 382.452 101.764 0.000306144 -81.815 
51.6237 -247.326 382.461 -78.2101 0.00059386 98.3083 
51.8304 -247.759 382.469 101.816 0.000506141 -81.5682 
52.0365 -248.186 382.478 -78.1585 0.00069386 98.5554 
52.2431 -248.619 382.485 101.867 0.00010615 -81.321 
52.4488 -249.045 382.495 -78.1073 0.000293857 98.8027 
52.6557 -249.477 382.502 101.918 0.00020614 -81.0734 
52.8621 -249.908 382.51 101.944 0.000506141 -80.9495 
53.0689 -250.34 382.517 101.969 0.000706141 -80.8255 
53.2743 -250.765 382.528 -78.006 0.000193856 99.2986 
53.481 -251.196 382.536 -77.9809 0.000193857 99.4228 
53.6875 -251.627 382.544 -77.9559 0.000393859 99.5471 
53.8937 -252.057 382.552 102.069 0.000206138 -80.3285 
54.1005 -252.487 382.56 -77.9061 0.000193859 99.796 
54.3065 -252.917 382.569 102.119 0.000206142 -80.0795 
54.5131 -253.347 382.577 -77.8567 0.000593858 100.045 
54.7203 -253.782 382.584 102.168 0.000606141 -79.8301 
54.9264 -254.21 382.592 102.192 0.000606139 -79.7053 
55.1325 -254.639 382.601 102.217 0.00040614 -79.5804 
55.3385 -255.067 382.61 102.241 0.000206142 -79.4554 
55.5457 -255.501 382.617 102.265 0.000806141 -79.3303 
55.7519 -255.929 382.625 102.289 0.000206142 -79.2051 
55.9589 -256.363 382.633 102.313 0.000606141 -79.0799 
56.165 -256.79 382.642 -77.6626 0.000193861 101.046 
56.3715 -257.222 382.649 102.361 0.000906141 -78.8291 
56.5773 -257.65 382.659 -77.615 0.000193859 101.296 
56.784 -258.081 382.666 102.409 0.000606141 -78.578 
56.99 -258.508 382.676 -77.5676 0.00069386 101.548 
57.1965 -258.94 382.683 -77.5441 9.38646e-05 101.673 
57.4033 -259.371 382.691 102.479 0.000306143 -78.2007 
57.6101 -259.802 382.699 102.503 0.000606141 -78.0748 
57.8167 -260.233 382.707 102.526 0.000806141 -77.9488 
58.0231 -260.664 382.715 102.549 0.00080614 -77.8227 
58.2282 -261.089 382.725 -77.4276 0.000193857 102.304 
58.4348 -261.519 382.733 -77.4045 0.000493859 102.43 
58.6423 -261.955 382.74 102.618 0.000206142 -77.444 
58.8484 -262.384 382.748 102.641 0.000706141 -77.3176 
59.0547 -262.814 382.757 102.664 0.00010614 -77.1911 
59.261 -263.242 382.765 102.687 0.000406141 -77.0645 
59.467 -263.672 382.774 -77.2905 0.00039386 103.062 
59.673 -264.1 382.783 -77.2679 0.000393861 103.189 
59.8803 -264.534 382.79 102.755 0.000506142 -76.6844 
60.0865 -264.962 382.799 102.777 0.000306141 -76.5575 
60.2934 -265.395 382.806 102.799 0.000906141 -76.4305 
60.4993 -265.823 382.815 102.822 0.00040614 -76.3035 
60.7051 -266.25 382.824 -77.1561 0.000193861 103.824 
60.9121 -266.683 382.831 102.866 0.000106143 -76.0492 
61.1194 -267.116 382.839 102.888 0.000306143 -75.922 
61.3247 -267.543 382.848 -77.09 0.000693859 104.205 
61.5314 -267.974 382.856 102.932 0.00020614 -75.6673 
61.7387 -268.407 382.864 0 6.03709e-06 27.414 
61.9436 -268.832 382.873 -77.0245 0.00039386 104.588 
62.1503 -269.263 382.881 102.997 0.00020614 -75.2846 
62.3572 -269.695 382.889 -76.9812 0.000393861 104.843 
62.5635 -270.125 382.897 -76.9597 9.38608e-05 104.971 
62.7701 -270.556 382.905 103.062 0.00010614 -74.9013 
62.9766 -270.986 382.913 103.083 0.000106146 -74.7734 
63.1829 -271.416 382.922 0 6.15665e-06 28.4591 
63.389 -271.846 382.93 -76.8743 0.000193863 105.483 
63.5954 -272.275 382.938 -76.8531 0.000493858 105.611 
63.8014 -272.704 382.947 103.168 0.000106136 -74.261 
64.0093 -273.139 382.954 103.189 0.00050614 -74.1328 
64.2152 -273.568 382.963 -76.79 9.38646e-05 105.996 
64.4211 -273.996 382.971 103.231 0.000106143 -73.876 
64.6271 -274.425 382.98 -76.7483 0.000793859 106.253 
64.8344 -274.858 382.987 103.273 0.00010614 -73.619 
65.0402 -275.285 382.996 0 6.03709e-06 29.8028 
65.2472 -275.719 383.004 103.314 0.000706139 -73.3617 
65.4531 -276.145 383.013 103.334 0.000306142 -73.233 
