99.4561 75.2116 150.845 3.28669e-15 133.944 79.6757 
99.4573 75.2116 150.845 -9.86002e-15 133.944 79.6739 
99.4593 75.2116 150.845 -6.57328e-15 133.943 79.6709 
99.462 75.2116 150.846 9.85978e-15 133.942 79.6668 
99.4656 75.2116 150.847 -1.31461e-14 133.941 79.6615 
99.4699 75.2116 150.849 9.85936e-15 133.94 79.655 
99.4751 75.2116 150.85 -1.64318e-14 133.938 79.6473 
99.481 75.2117 150.852 -3.28626e-15 133.936 79.6384 
99.4878 75.2117 150.854 1.31446e-14 133.934 79.6283 
99.4953 75.2117 150.857 1.64301e-14 133.932 79.6171 
99.5036 75.2117 150.859 3.28587e-15 133.929 79.6047 
99.5127 75.2118 150.862 2.3e-14 133.926 79.591 
99.5227 75.2118 150.865 -1.31422e-14 133.923 79.5762 
99.5334 75.2118 150.868 9.85607e-15 133.92 79.5602 
99.5449 75.2119 150.872 -1.64258e-14 133.916 79.543 
99.5572 75.2119 150.876 -6.56989e-15 133.912 79.5247 
99.5703 75.2119 150.88 9.85416e-15 133.908 79.5051 
99.5842 75.212 150.884 -1.64224e-14 133.904 79.4844 
99.5989 75.212 150.889 1.31369e-14 133.899 79.4624 
99.6144 75.2121 150.894 3.28396e-15 133.894 79.4393 
99.6307 75.2121 150.899 3.28368e-15 133.889 79.4149 
99.6478 75.2122 150.904 1.64169e-14 133.884 79.3894 
99.6657 75.2122 150.909 -9.84923e-15 133.878 79.3627 
99.6845 75.2123 150.915 6.56551e-15 133.873 79.3348 
99.704 75.2123 150.921 3.28242e-15 133.866 79.3056 
99.7243 75.2124 150.927 -9.84623e-15 133.86 79.2753 
99.7455 75.2125 150.934 -2.2972e-14 133.854 79.2438 
99.7675 75.2125 150.941 -0 133.847 79.2111 
99.7902 75.2126 150.948 -9.84286e-15 133.84 79.1771 
99.8138 75.2126 150.955 9.84166e-15 133.832 79.142 
99.8383 75.2127 150.962 -1.31206e-14 133.825 79.1056 
99.8635 75.2127 150.97 9.83913e-15 133.817 79.068 
99.8896 75.2128 150.978 -1.63963e-14 133.809 79.0293 
99.9164 75.2129 150.986 9.83645e-15 133.801 78.9893 
99.9441 75.2129 150.995 -6.5567e-15 133.792 78.9481 
99.9727 75.213 151.003 1.31115e-14 133.784 78.9056 
100.002 75.213 151.012 6.55475e-15 133.775 78.862 
100.032 75.2131 151.022 1.63844e-14 133.765 78.8171 
100.063 75.2131 151.031 9.82906e-15 133.756 78.771 
100.095 75.2132 151.041 -9.82746e-15 133.746 78.7237 
100.128 75.2132 151.051 -0 133.736 78.6751 
100.161 75.2133 151.061 9.82415e-15 133.726 78.6254 
100.196 75.2133 151.071 6.5483e-15 133.716 78.5743 
100.231 75.2134 151.082 -9.82069e-15 133.705 78.5221 
100.267 75.2134 151.093 6.54594e-15 133.694 78.4686 
100.304 75.2134 151.104 -2.61789e-14 133.683 78.4138 
100.342 75.2135 151.115 -9.81522e-15 133.672 78.3578 
100.38 75.2135 151.127 9.81332e-15 133.66 78.3006 
100.42 75.2135 151.138 9.81138e-15 133.648 78.2421 
100.46 75.2135 151.151 1.30792e-14 133.636 78.1824 
100.502 75.2136 151.163 -3.26913e-15 133.624 78.1214 
100.544 75.2136 151.175 9.80535e-15 133.611 78.0591 
100.587 75.2136 151.188 -0 133.598 77.9956 
100.63 75.2136 151.201 -9.80114e-15 133.585 77.9308 
100.675 75.2136 151.214 9.79898e-15 133.572 77.8648 
100.721 75.2135 151.228 -6.53119e-15 133.558 77.7975 
100.767 75.2135 151.242 9.79456e-15 133.545 77.7289 
100.815 75.2135 151.256 1.30564e-14 133.531 77.659 
100.863 75.2135 151.27 9.78999e-15 133.517 77.5878 
100.912 75.2134 151.284 -3.26255e-15 133.502 77.5154 
100.962 75.2134 151.299 -1.3047e-14 133.488 77.4416 
101.013 75.2133 151.314 3.26096e-15 133.473 77.3666 
101.065 75.2132 151.329 1.63007e-14 133.458 77.2903 
101.118 75.2131 151.345 -1.62966e-14 133.442 77.2126 
101.171 75.213 151.36 -9.77545e-15 133.427 77.1337 
101.226 75.2129 151.376 1.62882e-14 133.411 77.0534 
101.282 75.2128 151.392 -9.77032e-15 133.395 76.9719 
101.338 75.2127 151.409 -1.30236e-14 133.379 76.889 
101.395 75.2125 151.425 6.51004e-15 133.362 76.8048 
101.454 75.2124 151.442 9.76238e-15 133.346 76.7193 
101.513 75.2122 151.459 6.50645e-15 133.329 76.6324 
101.573 75.212 151.476 6.50462e-15 133.312 76.5442 
101.634 75.2118 151.494 3.25138e-15 133.294 76.4547 
101.696 75.2116 151.511 3.25045e-15 133.277 76.3638 
101.759 75.2114 151.529 -1.2998e-14 133.259 76.2716 
101.823 75.2111 151.548 -1.29942e-14 133.241 76.1781 
101.888 75.2109 151.566 3.24757e-15 133.223 76.0831 
101.954 75.2106 151.585 -1.29864e-14 133.205 75.9868 
102.021 75.2103 151.604 -0 133.186 75.8892 
102.089 75.2099 151.623 -1.6223e-14 133.167 75.7901 
102.158 75.2096 151.642 -3.2436e-15 133.148 75.6897 
102.228 75.2092 151.662 -9.72774e-15 133.129 75.5879 
102.299 75.2088 151.681 -1.94493e-14 133.11 75.4848 
102.371 75.2084 151.702 -3.24051e-15 133.09 75.3802 
102.444 75.208 151.722 3.23946e-15 133.07 75.2742 
102.518 75.2075 151.742 -6.47681e-15 133.05 75.1668 
102.593 75.207 151.763 -0 133.03 75.058 
102.669 75.2065 151.784 1.61813e-14 133.01 74.9478 
102.745 75.206 151.805 -1.29407e-14 132.989 74.8362 
102.824 75.2054 151.827 1.29363e-14 132.968 74.7232 
102.903 75.2048 151.848 1.29319e-14 132.947 74.6087 
102.983 75.2042 151.87 -0 132.926 74.4928 
103.064 75.2035 151.892 -6.46148e-15 132.904 74.3754 
103.146 75.2028 151.914 9.68883e-15 132.883 74.2566 
103.229 75.2021 151.937 -0 132.861 74.1364 
103.314 75.2013 151.96 -3.22732e-15 132.839 74.0146 
103.399 75.2005 151.983 -3.22616e-15 132.817 73.8914 
103.486 75.1997 152.006 3.225e-15 132.795 73.7668 
103.573 75.1988 152.029 -6.44765e-15 132.772 73.6406 
103.662 75.1979 152.053 -1.28906e-14 132.749 73.513 
103.752 75.1969 152.077 -1.28858e-14 132.727 73.3838 
103.843 75.1959 152.101 -1.61013e-14 132.703 73.2532 
103.935 75.1949 152.125 -0 132.68 73.1211 
104.028 75.1938 152.149 -6.43569e-15 132.657 72.9874 
104.122 75.1926 152.174 -9.64988e-15 132.633 72.8522 
104.217 75.1915 152.199 3.2154e-15 132.61 72.7155 
104.314 75.1902 152.224 1.60708e-14 132.586 72.5773 
104.412 75.189 152.249 -1.60646e-14 132.562 72.4375 
104.511 75.1876 152.275 9.63504e-15 132.537 72.2961 
104.611 75.1862 152.301 -3.21043e-15 132.513 72.1532 
104.712 75.1848 152.327 -1.28367e-14 132.488 72.0088 
104.814 75.1833 152.353 -0 132.464 71.8628 
104.918 75.1818 152.379 -3.20662e-15 132.439 71.7152 
105.023 75.1801 152.406 3.20535e-15 132.414 71.566 
105.129 75.1785 152.433 3.20406e-15 132.389 71.4152 
105.236 75.1767 152.46 -3.20277e-15 132.363 71.2628 
105.344 75.1749 152.487 -1.60074e-14 132.338 71.1088 
105.454 75.1731 152.515 3.20017e-15 132.312 70.9531 
105.565 75.1711 152.542 6.39773e-15 132.287 70.7959 
105.677 75.1691 152.57 3.19755e-15 132.261 70.637 
105.79 75.167 152.598 -1.59812e-14 132.235 70.4765 
105.905 75.1649 152.627 -9.58473e-15 132.209 70.3143 
106.021 75.1627 152.655 1.91615e-14 132.182 70.1505 
106.138 75.1603 152.684 2.5538e-14 132.156 69.985 
106.256 75.158 152.713 1.59546e-14 132.129 69.8178 
106.376 75.1555 152.742 2.2327e-14 132.103 69.6489 
106.497 75.1529 152.771 6.37647e-15 132.076 69.4783 
106.619 75.1503 152.801 -1.27475e-14 132.049 69.3061 
106.743 75.1475 152.83 -6.37107e-15 132.022 69.1321 
106.868 75.1447 152.86 6.36836e-15 131.995 68.9564 
106.994 75.1418 152.89 -0 131.968 68.779 
107.122 75.1388 152.92 -3.18146e-15 131.941 68.5998 
107.251 75.1357 152.951 -9.54028e-15 131.913 68.4189 
107.381 75.1324 152.982 -0 131.886 68.2363 
107.513 75.1291 153.012 -1.27094e-14 131.858 68.0518 
107.646 75.1257 153.044 -6.35197e-15 131.831 67.8656 
107.781 75.1221 153.075 3.17461e-15 131.803 67.6776 
107.917 75.1185 153.106 6.34647e-15 131.775 67.4879 
108.054 75.1147 153.138 9.51558e-15 131.747 67.2963 
108.193 75.1108 153.17 -3.17048e-15 131.719 67.1029 
108.333 75.1068 153.202 3.1691e-15 131.691 66.9077 
108.475 75.1027 153.234 1.58386e-14 131.663 66.7106 
108.618 75.0984 153.266 3.16634e-15 131.635 66.5117 
108.763 75.094 153.299 -1.26598e-14 131.607 66.311 
108.909 75.0894 153.332 3.16357e-15 131.579 66.1084 
109.056 75.0848 153.365 9.48655e-15 131.551 65.9039 
109.205 75.08 153.398 3.1608e-15 131.522 65.6975 
109.356 75.075 153.431 1.26377e-14 131.494 65.4893 
109.508 75.0699 153.465 -6.31607e-15 131.466 65.2791 
109.661 75.0646 153.498 -9.46996e-15 131.437 65.067 
109.816 75.0592 153.532 1.26211e-14 131.409 64.8531 
109.973 75.0536 153.566 -3.15389e-15 131.38 64.6371 
110.131 75.0479 153.6 6.30502e-15 131.352 64.4193 
110.291 75.042 153.635 -1.26045e-14 131.323 64.1995 
110.452 75.0359 153.669 6.29952e-15 131.295 63.9777 
110.615 75.0296 153.704 -0 131.267 63.7539 
110.78 75.0232 153.739 -6.29403e-15 131.238 63.5282 
110.946 75.0166 153.774 1.25826e-14 131.21 63.3004 
111.113 75.0098 153.809 -6.28857e-15 131.181 63.0707 
111.283 75.0028 153.844 -1.25717e-14 131.153 62.839 
111.454 74.9956 153.88 -1.88494e-14 131.124 62.6052 
111.626 74.9882 153.916 -1.25608e-14 131.096 62.3694 
111.801 74.9805 153.952 6.27771e-15 131.068 62.1315 
111.977 74.9727 153.988 6.27502e-15 131.04 61.8916 
112.154 74.9647 154.024 -0 131.011 61.6496 
112.333 74.9564 154.06 1.8809e-14 130.983 61.4055 
112.514 74.9479 154.097 -1.8801e-14 130.955 61.1593 
112.697 74.9392 154.133 6.26435e-15 130.927 60.9111 
112.882 74.9302 154.17 6.26171e-15 130.9 60.6607 
113.068 74.921 154.207 1.25182e-14 130.872 60.4082 
113.256 74.9116 154.244 -1.25129e-14 130.844 60.1535 
113.445 74.9019 154.282 -6.25386e-15 130.816 59.8968 
113.637 74.8919 154.319 6.25127e-15 130.789 59.6378 
113.83 74.8816 154.357 6.2487e-15 130.762 59.3767 
114.025 74.8711 154.395 6.24614e-15 130.734 59.1135 
114.222 74.8603 154.432 1.87308e-14 130.707 58.848 
114.42 74.8493 154.47 -6.24107e-15 130.68 58.5804 
114.621 74.8379 154.509 6.23856e-15 130.654 58.3105 
114.823 74.8262 154.547 -1.87082e-14 130.627 58.0384 
115.027 74.8142 154.585 -1.24672e-14 130.6 57.7641 
115.233 74.802 154.624 1.86934e-14 130.574 57.4876 
115.44 74.7894 154.663 -6.22872e-15 130.548 57.2088 
115.65 74.7764 154.702 1.86789e-14 130.522 56.9277 
115.862 74.7632 154.741 -6.22391e-15 130.496 56.6444 
116.075 74.7496 154.78 -2.48862e-14 130.471 56.3588 
116.29 74.7356 154.819 -1.24384e-14 130.445 56.0709 
116.507 74.7213 154.858 6.21688e-15 130.42 55.7807 
116.726 74.7067 154.898 -1.24292e-14 130.395 55.4882 
116.948 74.6916 154.938 -2.48493e-14 130.371 55.1934 
117.17 74.6762 154.977 1.24201e-14 130.346 54.8963 
117.395 74.6604 155.017 -0 130.322 54.5968 
117.622 74.6442 155.057 1.24113e-14 130.298 54.295 
117.851 74.6277 155.097 -0 130.275 53.9908 
118.082 74.6106 155.138 1.24027e-14 130.252 53.6843 
118.315 74.5932 155.178 1.23985e-14 130.229 53.3754 
118.549 74.5754 155.218 -1.85916e-14 130.206 53.0641 
118.786 74.5571 155.259 1.23903e-14 130.184 52.7505 
119.025 74.5383 155.3 -1.85795e-14 130.162 52.4344 
119.266 74.5192 155.341 1.23824e-14 130.14 52.1159 
119.508 74.4995 155.381 -6.18925e-15 130.119 51.7951 
119.753 74.4794 155.422 -1.85621e-14 130.098 51.4726 
119.998 74.459 155.463 -1.85565e-14 130.078 51.1493 
120.243 74.4381 155.504 -0 130.058 50.8252 
120.49 74.4169 155.545 1.23639e-14 130.039 50.5003 
120.737 74.3953 155.585 -6.18024e-15 130.02 50.1746 
120.986 74.3732 155.625 -1.23572e-14 130.001 49.8482 
121.235 74.3508 155.666 -6.17696e-15 129.984 49.5209 
121.484 74.328 155.706 -1.85262e-14 129.966 49.1929 
121.735 74.3048 155.746 -0 129.949 48.8642 
121.986 74.2811 155.786 6.1724e-15 129.933 48.5346 
122.238 74.2571 155.826 6.17097e-15 129.917 48.2044 
122.491 74.2326 155.866 1.85088e-14 129.902 47.8733 
122.744 74.2077 155.905 -1.23365e-14 129.887 47.5416 
122.998 74.1824 155.945 1.2334e-14 129.873 47.2091 
123.253 74.1566 155.984 -6.16576e-15 129.859 46.8759 
123.509 74.1304 156.024 -0 129.846 46.5419 
123.765 74.1038 156.063 -6.16345e-15 129.834 46.2073 
124.022 74.0767 156.102 -1.23247e-14 129.821 45.8719 
124.28 74.0492 156.141 -0 129.81 45.5359 
124.539 74.0212 156.18 -6.16036e-15 129.799 45.1991 
124.798 73.9928 156.218 -1.23189e-14 129.789 44.8617 
125.058 73.9639 156.257 -6.15856e-15 129.779 44.5236 
125.318 73.9345 156.296 -6.15774e-15 129.77 44.1848 
125.579 73.9047 156.334 6.15697e-15 129.761 43.8454 
125.841 73.8744 156.372 6.15625e-15 129.753 43.5053 
126.103 73.8436 156.411 -6.15559e-15 129.746 43.1646 
126.367 73.8124 156.449 -6.15498e-15 129.739 42.8233 
126.63 73.7806 156.487 -0 129.733 42.4813 
126.895 73.7484 156.525 1.23078e-14 129.727 42.1387 
127.159 73.7157 156.562 -1.84604e-14 129.722 41.7955 
127.425 73.6825 156.6 -6.15307e-15 129.718 41.4518 
127.691 73.6488 156.638 6.15273e-15 129.714 41.1074 
127.958 73.6145 156.675 -0 129.711 40.7625 
128.225 73.5798 156.712 1.84567e-14 129.708 40.4169 
128.493 73.5446 156.749 1.23041e-14 129.706 40.0709 
128.761 73.5088 156.786 -6.15193e-15 129.705 39.7243 
129.03 73.4726 156.823 -0 129.704 39.3771 
129.299 73.4358 156.86 -6.15187e-15 129.704 39.0294 
129.569 73.3985 156.897 1.23038e-14 129.705 38.6813 
129.84 73.3606 156.933 -6.15204e-15 129.706 38.3326 
130.11 73.3223 156.97 6.15221e-15 129.708 37.9834 
130.382 73.2833 157.006 -6.15244e-15 129.71 37.6337 
130.654 73.2439 157.042 -0 129.714 37.2835 
130.926 73.2039 157.078 -6.15308e-15 129.718 36.9329 
131.199 73.1633 157.114 1.2307e-14 129.722 36.5819 
131.472 73.1222 157.15 1.23079e-14 129.728 36.2304 
131.746 73.0806 157.186 -6.15449e-15 129.733 35.8784 
132.02 73.0384 157.222 1.84653e-14 129.74 35.5261 
132.294 72.9956 157.257 -1.84672e-14 129.747 35.1733 
132.569 72.9523 157.292 -6.15646e-15 129.755 34.8202 
132.844 72.9084 157.328 2.46289e-14 129.764 34.4667 
133.12 72.8639 157.363 -1.23162e-14 129.774 34.1128 
133.396 72.8188 157.398 6.15898e-15 129.784 33.7585 
133.672 72.7732 157.432 6.15995e-15 129.794 33.4039 
133.949 72.727 157.467 -1.2322e-14 129.806 33.049 
134.226 72.6802 157.502 1.84862e-14 129.818 32.6937 
134.503 72.6328 157.536 -1.84897e-14 129.831 32.3382 
134.781 72.5848 157.57 6.16447e-15 129.845 31.9823 
135.059 72.5362 157.604 -0 129.859 31.6262 
135.337 72.4871 157.639 1.23342e-14 129.874 31.2698 
135.615 72.4373 157.672 -6.16855e-15 129.89 30.9131 
135.894 72.3869 157.706 1.85101e-14 129.907 30.5562 
136.173 72.3359 157.74 -2.46864e-14 129.924 30.199 
136.452 72.2843 157.773 -0 129.942 29.8417 
136.731 72.2321 157.807 -0 129.961 29.4841 
137.01 72.1793 157.84 -0 129.981 29.1263 
137.29 72.1259 157.873 -6.17855e-15 130.001 28.7684 
137.57 72.0718 157.906 1.85414e-14 130.022 28.4103 
137.85 72.0172 157.939 -6.18244e-15 130.044 28.052 
138.13 71.9619 157.971 -0 130.067 27.6936 
138.41 71.9059 158.004 6.18662e-15 130.09 27.3351 
138.691 71.8494 158.036 -1.23776e-14 130.114 26.9764 
138.971 71.7922 158.069 6.19108e-15 130.139 26.6177 
139.252 71.7344 158.101 -1.85803e-14 130.165 26.2588 
139.532 71.6759 158.133 6.19585e-15 130.191 25.8999 
139.813 71.6168 158.165 -2.47933e-14 130.219 25.5409 
140.094 71.557 158.196 -1.24018e-14 130.247 25.1819 
140.374 71.4967 158.228 1.86106e-14 130.275 24.8229 
140.655 71.4356 158.259 6.20626e-15 130.305 24.4638 
140.936 71.3739 158.291 -6.20906e-15 130.335 24.1047 
141.217 71.3116 158.322 6.21193e-15 130.367 23.7456 
141.498 71.2486 158.353 -1.86447e-14 130.399 23.3866 
141.778 71.185 158.384 6.21791e-15 130.431 23.0276 
142.059 71.1207 158.414 1.2442e-14 130.465 22.6686 
142.34 71.0558 158.445 6.22421e-15 130.499 22.3097 
142.62 70.9902 158.475 -1.2455e-14 130.535 21.9509 
142.901 70.9239 158.505 6.23083e-15 130.571 21.5921 
143.181 70.857 158.536 1.24685e-14 130.607 21.2335 
143.461 70.7894 158.566 -1.87133e-14 130.645 20.8749 
143.741 70.7211 158.595 6.24137e-15 130.683 20.5165 
144.021 70.6522 158.625 -6.24505e-15 130.723 20.1583 
144.301 70.5826 158.655 -6.24881e-15 130.763 19.8002 
144.581 70.5124 158.684 1.25053e-14 130.804 19.4422 
144.86 70.4415 158.713 -1.25132e-14 130.845 19.0845 
145.14 70.3699 158.742 6.26061e-15 130.888 18.7269 
145.419 70.2976 158.771 -1.87942e-14 130.931 18.3695 
145.697 70.2247 158.8 1.25378e-14 130.975 18.0124 
145.976 70.1511 158.828 1.25464e-14 131.02 17.6555 
146.254 70.0768 158.857 1.25551e-14 131.066 17.2988 
146.533 70.0019 158.885 -0 131.113 16.9424 
146.81 69.9262 158.913 -0 131.16 16.5863 
147.088 69.8499 158.941 -1.25824e-14 131.209 16.2304 
147.365 69.773 158.969 -6.29595e-15 131.258 15.8749 
147.642 69.6953 158.997 1.89023e-14 131.308 15.5196 
147.919 69.617 159.024 -6.30569e-15 131.359 15.1647 
148.195 69.538 159.052 -1.89321e-14 131.41 14.8101 
148.471 69.4583 159.079 -6.31581e-15 131.463 14.4559 
148.747 69.378 159.106 -1.8963e-14 131.516 14.102 
149.022 69.2969 159.133 -6.3263e-15 131.57 13.7485 
149.297 69.2152 159.159 -6.3317e-15 131.625 13.3954 
149.571 69.1328 159.186 -1.26744e-14 131.681 13.0426 
149.845 69.0498 159.212 -1.26856e-14 131.738 12.6903 
150.119 68.9661 159.239 -6.34847e-15 131.795 12.3384 
150.392 68.8816 159.265 6.35425e-15 131.854 11.9869 
150.665 68.7966 159.29 6.36014e-15 131.913 11.6359 
150.937 68.7108 159.316 -0 131.973 11.2853 
151.209 68.6244 159.342 -1.27445e-14 132.034 10.9351 
151.48 68.5373 159.367 1.91353e-14 132.096 10.5855 
151.751 68.4495 159.392 -0 132.158 10.2363 
152.022 68.361 159.417 1.91734e-14 132.222 9.88761 
152.292 68.2719 159.442 1.91929e-14 132.286 9.53943 
152.561 68.1821 159.467 -0 132.351 9.19178 
152.83 68.0916 159.492 -0 132.417 8.84465 
153.098 68.0005 159.516 -1.28356e-14 132.483 8.49805 
153.366 67.9087 159.54 6.42477e-15 132.551 8.15201 
153.633 67.8162 159.564 1.28636e-14 132.619 7.80652 
153.9 67.7231 159.588 1.2878e-14 132.689 7.46159 
154.166 67.6293 159.612 6.44626e-15 132.759 7.11725 
154.431 67.5348 159.635 -0 132.83 6.77349 
154.696 67.4397 159.659 1.29223e-14 132.901 6.43032 
154.96 67.344 159.682 6.46878e-15 132.974 6.08776 
155.224 67.2475 159.705 -6.47652e-15 133.047 5.74582 
155.487 67.1504 159.728 -0 133.122 5.4045 
155.75 67.0527 159.751 1.29847e-14 133.197 5.06381 
156.011 66.9543 159.773 6.50044e-15 133.273 4.72376 
156.272 66.8552 159.795 -1.30173e-14 133.349 4.38436 
156.533 66.7556 159.818 -1.3034e-14 133.427 4.04561 
156.793 66.6552 159.84 1.95763e-14 133.505 3.70754 
157.052 66.5542 159.861 -9.80102e-15 133.584 3.37013 
157.31 66.4526 159.883 -1.30854e-14 133.664 3.03341 
157.568 66.3503 159.904 -1.96546e-14 133.745 2.69738 
157.825 66.2474 159.926 6.5605e-15 133.827 2.36205 
158.081 66.1439 159.947 6.56958e-15 133.909 2.02742 
158.337 66.0397 159.968 -6.57879e-15 133.993 1.6935 
158.592 65.9349 159.988 -1.97644e-14 134.077 1.3603 
158.846 65.8295 160.009 6.59761e-15 134.162 1.02783 
159.1 65.7234 160.029 1.32144e-14 134.247 0.696089 
159.352 65.6168 160.049 -6.61695e-15 134.334 0.365089 
159.604 65.5095 160.069 -6.62683e-15 134.421 0.0348361 
159.855 65.4015 160.089 1.65921e-14 134.509 -0.294664 
160.106 65.293 160.109 -1.66175e-14 134.598 -0.623406 
160.356 65.1839 160.128 9.9859e-15 134.688 -0.951382 
160.605 65.0741 160.147 3.33385e-15 134.778 -1.27859 
160.853 64.9638 160.166 2.00348e-14 134.87 -1.60502 
161.1 64.8528 160.185 -6.68897e-15 134.962 -1.93066 
161.347 64.7413 160.204 -1.00497e-14 135.055 -2.25552 
161.592 64.6291 160.223 3.35541e-15 135.148 -2.57958 
161.837 64.5164 160.241 3.36098e-15 135.243 -2.90285 
162.082 64.4031 160.259 6.73326e-15 135.338 -3.22531 
162.325 64.2892 160.277 6.7447e-15 135.434 -3.54697 
162.567 64.1747 160.295 -1.01344e-14 135.531 -3.86781 
162.809 64.0596 160.312 -3.38402e-15 135.628 -4.18783 
163.05 63.944 160.33 -6.77993e-15 135.726 -4.50704 
163.29 63.8277 160.347 1.0188e-14 135.825 -4.82541 
163.529 63.711 160.364 6.80419e-15 135.925 -5.14296 
163.768 63.5936 160.381 1.02248e-14 136.026 -5.45967 
164.005 63.4757 160.397 -1.02436e-14 136.127 -5.77554 
164.242 63.3572 160.414 -6.84176e-15 136.229 -6.09057 
164.478 63.2382 160.43 -0 136.332 -6.40475 
164.713 63.1187 160.446 3.43381e-15 136.435 -6.71809 
164.947 62.9986 160.462 -3.4404e-15 136.54 -7.03057 
165.181 62.8779 160.477 1.03412e-14 136.645 -7.34219 
165.413 62.7567 160.493 3.45383e-15 136.75 -7.65296 
165.645 62.635 160.508 -0 136.857 -7.96287 
165.876 62.5128 160.523 3.4676e-15 136.964 -8.27191 
166.105 62.39 160.538 -1.73731e-14 137.072 -8.58009 
166.335 62.2667 160.553 -3.48171e-15 137.181 -8.8874 
166.563 62.1429 160.567 -1.74445e-14 137.29 -9.19383 
166.79 62.0186 160.581 -0 137.4 -9.49939 
167.016 61.8938 160.595 -1.05107e-14 137.511 -9.80408 
167.242 61.7685 160.609 -0 137.622 -10.1079 
167.466 61.6427 160.623 7.03714e-15 137.734 -10.4108 
167.69 61.5164 160.636 -1.76311e-14 137.847 -10.7129 
167.913 61.3896 160.65 7.06792e-15 137.961 -11.014 
168.135 61.2623 160.663 1.06254e-14 138.075 -11.3143 
168.356 61.1346 160.676 1.41989e-14 138.19 -11.6137 
168.576 61.0064 160.688 1.77888e-14 138.305 -11.9122 
168.796 60.8777 160.701 -7.13176e-15 138.421 -12.2098 
169.014 60.7485 160.713 3.57411e-15 138.538 -12.5065 
169.232 60.6189 160.725 1.79122e-14 138.656 -12.8024 
169.448 60.4888 160.737 -1.79543e-14 138.774 -13.0973 
169.664 60.3583 160.749 -1.79969e-14 138.893 -13.3914 
169.879 60.2274 160.76 -1.08241e-14 139.012 -13.6845 
170.093 60.096 160.771 -2.17005e-14 139.133 -13.9768 
170.306 59.9641 160.783 1.45024e-14 139.253 -14.2682 
170.518 59.8319 160.793 -1.81727e-14 139.375 -14.5587 
170.73 59.6992 160.804 -1.63962e-14 139.497 -14.8482 
170.94 59.5661 160.815 -9.1319e-15 139.619 -15.1369 
171.15 59.4326 160.825 -1.09861e-14 139.743 -15.4247 
171.358 59.2986 160.835 -0 139.867 -15.7116 
171.566 59.1643 160.845 7.36182e-15 139.991 -15.9977 
171.773 59.0296 160.854 -1.29168e-14 140.116 -16.2828 
171.979 58.8945 160.864 -7.40048e-15 140.242 -16.567 
172.184 58.759 160.873 9.2752e-15 140.368 -16.8503 
172.388 58.6231 160.882 -2.04602e-14 140.495 -17.1328 
172.591 58.4868 160.891 2.05156e-14 140.622 -17.4143 
172.794 58.3502 160.899 -9.35076e-15 140.751 -17.695 
172.995 58.2132 160.908 1.87531e-15 140.879 -17.9748 
173.196 58.0758 160.916 -1.31637e-14 141.008 -18.2537 
173.395 57.9381 160.924 -1.32006e-14 141.138 -18.5316 
173.594 57.8 160.932 1.70203e-14 141.268 -18.8088 
173.792 57.6616 160.939 1.89655e-14 141.399 -19.085 
173.989 57.5229 160.947 5.70607e-15 141.531 -19.3603 
174.185 57.3838 160.954 -3.81511e-15 141.663 -19.6348 
174.381 57.2444 160.961 -1.14789e-14 141.795 -19.9084 
174.575 57.1046 160.967 -1.53506e-14 141.928 -20.181 
174.769 56.9646 160.974 2.11701e-14 142.062 -20.4529 
174.961 56.8242 160.98 -5.79105e-15 142.196 -20.7238 
175.153 56.6835 160.986 1.16173e-14 142.33 -20.9939 
175.344 56.5426 160.992 2.13637e-14 142.465 -21.2631 
175.534 56.4013 160.998 -9.7408e-15 142.601 -21.5314 
175.723 56.2598 161.003 -2.14966e-14 142.737 -21.7988 
175.911 56.1179 161.009 1.96038e-14 142.874 -22.0654 
176.099 55.9758 161.014 -2.16327e-14 143.011 -22.3311 
176.285 55.8335 161.018 1.38103e-14 143.148 -22.596 
176.471 55.6908 161.023 1.97927e-14 143.286 -22.8599 
176.656 55.5479 161.027 1.98571e-15 143.425 -23.1231 
176.84 55.4047 161.032 -1.99222e-14 143.564 -23.3853 
177.023 55.2613 161.036 -3.99764e-15 143.703 -23.6468 
177.205 55.1177 161.039 -2.10577e-14 143.843 -23.9073 
177.387 54.9738 161.043 2.31408e-14 143.983 -24.167 
177.567 54.8297 161.046 1.5143e-14 144.124 -24.4259 
177.747 54.6853 161.049 7.09093e-15 144.265 -24.6839 
177.926 54.5408 161.052 -1.06731e-14 144.407 -24.941 
178.104 54.396 161.055 1.42803e-14 144.549 -25.1974 
178.281 54.251 161.058 5.6298e-15 144.691 -25.4529 
178.458 54.1058 161.06 -1.48947e-14 144.834 -25.7075 
178.633 53.9604 161.062 2.6803e-14 144.978 -25.9613 
178.808 53.8149 161.064 1.13805e-14 145.121 -26.2143 
178.982 53.6691 161.066 -2.15456e-14 145.265 -26.4665 
179.155 53.5231 161.067 -4.95014e-15 145.41 -26.7178 
179.327 53.377 161.068 -1.69971e-14 145.555 -26.9683 
179.498 53.2307 161.069 1.41731e-14 145.7 -27.218 
179.669 53.0843 161.07 -8.56202e-15 145.846 -27.4668 
179.839 52.9377 161.071 -2.54525e-14 145.992 -27.7149 
-179.992 52.7909 161.071 -2.03378e-14 146.138 -27.9621 
-179.824 52.644 161.071 -2.33157e-14 146.285 -28.2086 
-179.657 52.497 161.071 2.52783e-14 146.432 -28.4542 
-179.49 52.3498 161.071 5.77355e-15 146.579 -28.699 
-179.325 52.2025 161.07 1.29404e-14 146.727 -28.943 
-179.16 52.0551 161.07 8.66108e-15 146.875 -29.1862 
-178.996 51.9076 161.069 1.08695e-15 147.024 -29.4287 
-178.832 51.7599 161.068 -1.90982e-14 147.172 -29.6703 
-178.67 51.6121 161.066 -3.28724e-15 147.322 -29.9111 
-178.508 51.4643 161.065 -3.30067e-15 147.471 -30.1512 
-178.347 51.3163 161.063 -6.07614e-15 147.621 -30.3905 
-178.187 51.1683 161.061 -4.43735e-15 147.771 -30.629 
-178.027 51.0202 161.059 -2.22795e-14 147.921 -30.8667 
-177.869 50.872 161.057 -1.90174e-14 148.071 -31.1037 
-177.711 50.7237 161.054 1.34811e-14 148.222 -31.3399 
-177.554 50.5753 161.051 2.82058e-14 148.374 -31.5753 
-177.397 50.4269 161.048 1.1331e-15 148.525 -31.8099 
-177.242 50.2785 161.045 5.69011e-15 148.677 -32.0438 
-177.087 50.13 161.041 2.40032e-14 148.829 -32.277 
-176.933 49.9814 161.038 1.26286e-14 148.981 -32.5093 
-176.779 49.8328 161.034 -1.72974e-14 149.133 -32.741 
-176.627 49.6842 161.03 -3.24332e-14 149.286 -32.9719 
-176.475 49.5356 161.026 3.49068e-15 149.439 -33.202 
-176.324 49.3869 161.021 1.6364e-14 149.592 -33.4314 
-176.173 49.2382 161.016 2.11359e-14 149.745 -33.6601 
-176.024 49.0895 161.011 -4.71858e-15 149.899 -33.888 
-175.875 48.9408 161.006 -1.18514e-14 150.053 -34.1152 
-175.727 48.7921 161.001 -1.1907e-14 150.207 -34.3417 
-175.579 48.6434 160.995 -7.17798e-15 150.361 -34.5675 
-175.432 48.4947 160.99 3.12528e-14 150.516 -34.7925 
-175.286 48.346 160.984 -2.4156e-14 150.67 -35.0168 
-175.141 48.1974 160.977 1.6991e-14 150.825 -35.2404 
-174.996 48.0487 160.971 3.17085e-14 150.98 -35.4633 
-174.852 47.9001 160.964 -3.67664e-14 151.135 -35.6855 
-174.709 47.7516 160.958 -9.85288e-15 151.291 -35.907 
-174.567 47.603 160.951 1.23775e-14 151.446 -36.1278 
-174.425 47.4546 160.943 -4.97587e-15 151.602 -36.3478 
-174.284 47.3061 160.936 -2.75058e-14 151.758 -36.5672 
-174.143 47.1578 160.928 -3.01593e-14 151.914 -36.7859 
-174.004 47.0094 160.92 -2.02095e-14 152.07 -37.004 
-173.865 46.8612 160.912 1.26963e-14 152.226 -37.2213 
-173.726 46.713 160.904 -2.29726e-14 152.383 -37.4379 
-173.589 46.5649 160.896 -1.79615e-14 152.539 -37.6539 
-173.452 46.4169 160.887 -2.57951e-15 152.696 -37.8692 
-173.315 46.269 160.878 -2.07461e-14 152.853 -38.0839 
-173.18 46.1211 160.869 -2.86792e-14 153.01 -38.2978 
-173.044 45.9734 160.86 -2.09706e-14 153.167 -38.5111 
-172.91 45.8257 160.85 -7.90687e-15 153.324 -38.7238 
-172.776 45.6782 160.84 -2.3851e-14 153.481 -38.9358 
-172.643 45.5308 160.83 2.39831e-14 153.639 -39.1471 
-172.511 45.3835 160.82 2.67966e-14 153.796 -39.3578 
-172.379 45.2363 160.81 -2.69472e-14 153.954 -39.5679 
-172.248 45.0892 160.799 2.70998e-14 154.111 -39.7773 
-172.118 44.9422 160.789 1.09018e-14 154.269 -39.986 
-171.988 44.7954 160.778 2.1929e-14 154.427 -40.1941 
-171.859 44.6487 160.767 -1.1028e-14 154.585 -40.4016 
-171.73 44.5022 160.755 1.66386e-14 154.743 -40.6085 
-171.602 44.3558 160.744 1.67364e-14 154.9 -40.8147 
-171.475 44.2096 160.732 -2.24475e-14 155.058 -41.0203 
-171.348 44.0635 160.72 -2.82269e-14 155.217 -41.2253 
-171.222 43.9176 160.708 -0 155.375 -41.4297 
-171.096 43.7718 160.695 -0 155.533 -41.6335 
-170.972 43.6262 160.683 -4.02405e-14 155.691 -41.8366 
-170.847 43.4808 160.67 -1.73521e-14 155.849 -42.0392 
-170.724 43.3356 160.657 -4.07392e-14 156.007 -42.2411 
-170.601 43.1905 160.644 1.17125e-14 156.166 -42.4425 
-170.478 43.0456 160.631 1.17862e-14 156.324 -42.6432 
-170.356 42.9009 160.617 1.1861e-14 156.482 -42.8434 
-170.235 42.7564 160.603 -1.19368e-14 156.64 -43.0429 
-170.114 42.6121 160.589 -3.00342e-14 156.799 -43.2419 
-169.994 42.468 160.575 1.20916e-14 156.957 -43.4403 
-169.875 42.3241 160.561 3.04268e-14 157.115 -43.6381 
-169.756 42.1804 160.546 6.12545e-15 157.273 -43.8353 
-169.637 42.037 160.532 1.23323e-14 157.432 -44.032 
-169.52 41.8937 160.517 5.58666e-14 157.59 -44.2281 
-169.402 41.7507 160.501 -3.74955e-14 157.748 -44.4236 
-169.286 41.6079 160.486 2.51669e-14 157.906 -44.6185 
-169.17 41.4653 160.471 -6.33482e-15 158.064 -44.8129 
-169.054 41.3229 160.455 -1.91356e-14 158.222 -45.0068 
-168.939 41.1808 160.439 -3.85375e-14 158.38 -45.2 
-168.825 41.0389 160.423 -0 158.538 -45.3928 
-168.711 40.8973 160.406 -4.55955e-14 158.696 -45.5849 
-168.597 40.7558 160.39 -6.56003e-15 158.854 -45.7766 
-168.485 40.6147 160.373 2.64284e-14 159.012 -45.9677 
-168.372 40.4738 160.356 3.32745e-14 159.17 -46.1582 
-168.261 40.3332 160.339 -4.02206e-14 159.328 -46.3482 
-168.149 40.1928 160.322 -2.02581e-14 159.485 -46.5377 
-168.039 40.0526 160.305 1.36055e-14 159.643 -46.7266 
-167.929 39.9128 160.287 4.11212e-14 159.8 -46.915 
-167.819 39.7732 160.269 2.07154e-14 159.958 -47.1029 
-167.71 39.6339 160.251 4.17451e-14 160.115 -47.2903 
-167.601 39.4948 160.233 -7.01075e-15 160.272 -47.4771 
-167.493 39.356 160.215 -2.82593e-14 160.429 -47.6634 
-167.386 39.2176 160.196 4.27185e-14 160.587 -47.8493 
-167.279 39.0794 160.177 2.87022e-14 160.743 -48.0346 
-167.172 38.9414 160.158 4.33936e-14 160.9 -48.2194 
-167.066 38.8038 160.139 -2.18697e-14 161.057 -48.4037 
-166.961 38.6665 160.12 4.40909e-14 161.214 -48.5874 
-166.856 38.5294 160.1 -5.92641e-14 161.37 -48.7707 
-166.751 38.3927 160.081 2.24056e-14 161.527 -48.9535 
-166.647 38.2562 160.061 -6.02405e-14 161.683 -49.1358 
-166.544 38.1201 160.041 -4.55557e-14 161.839 -49.3176 
-166.441 37.9843 160.02 -1.53125e-14 161.995 -49.4989 
-166.338 37.8487 160 -4.63255e-14 162.151 -49.6798 
-166.236 37.7135 159.979 -1.55734e-14 162.307 -49.8601 
-166.134 37.5786 159.958 -4.71219e-14 162.463 -50.04 
-166.033 37.444 159.938 -6.33739e-14 162.618 -50.2194 
-165.933 37.3098 159.916 4.79461e-14 162.774 -50.3983 
-165.833 37.1758 159.895 -4.8369e-14 162.929 -50.5768 
-165.733 37.0422 159.874 1.62665e-14 163.084 -50.7547 
-165.634 36.9089 159.852 -6.56501e-14 163.239 -50.9322 
-165.535 36.7759 159.83 -4.96836e-14 163.394 -51.1093 
-165.437 36.6433 159.808 -0 163.549 -51.2859 
-165.339 36.511 159.786 -6.74667e-14 163.703 -51.462 
-165.241 36.379 159.763 -0 163.858 -51.6377 
-165.144 36.2474 159.741 -1.71835e-14 164.012 -51.8129 
-165.048 36.1161 159.718 1.73463e-14 164.166 -51.9877 
-164.952 35.9851 159.695 5.25365e-14 164.32 -52.162 
-164.856 35.8545 159.672 5.30436e-14 164.474 -52.3359 
