-90.6205 72.944 150.922 -5.5493e-15 136.134 -99.9001 
-90.62 72.9443 150.923 -8.96414e-15 136.133 -99.8999 
-90.6193 72.9448 150.923 -1.36594e-14 136.132 -99.8997 
-90.6183 72.9454 150.924 -9.39054e-15 136.13 -99.8993 
-90.617 72.9463 150.925 5.76216e-15 136.128 -99.8988 
-90.6154 72.9473 150.927 1.08836e-14 136.126 -99.8983 
-90.6135 72.9485 150.929 -1.64312e-14 136.123 -99.8976 
-90.6113 72.9499 150.931 -1.0669e-15 136.119 -99.8968 
-90.6089 72.9514 150.933 1.00281e-14 136.116 -99.8959 
-90.6061 72.9532 150.935 2.98687e-15 136.111 -99.8949 
-90.6031 72.9551 150.938 -5.1199e-15 136.107 -99.8938 
-90.5997 72.9573 150.941 -1.06655e-14 136.101 -99.8926 
-90.5961 72.9596 150.945 -7.89163e-15 136.096 -99.8913 
-90.5922 72.9621 150.948 -1.2156e-14 136.09 -99.8899 
-90.588 72.9648 150.952 -5.11771e-15 136.083 -99.8884 
-90.5834 72.9676 150.956 -1.34323e-14 136.076 -99.8867 
-90.5786 72.9707 150.961 -8.95365e-15 136.068 -99.885 
-90.5735 72.974 150.965 -6.39454e-16 136.061 -99.8832 
-90.5681 72.9774 150.97 4.04926e-15 136.052 -99.8813 
-90.5624 72.981 150.976 -1.70468e-15 136.043 -99.8793 
-90.5565 72.9848 150.981 -4.90013e-15 136.034 -99.8771 
-90.5502 72.9888 150.987 8.52046e-15 136.024 -99.8749 
-90.5436 72.993 150.993 3.62052e-15 136.014 -99.8726 
-90.5367 72.9974 150.999 2.12931e-15 136.003 -99.8702 
-90.5295 73.002 151.006 -1.38377e-14 135.992 -99.8677 
-90.5221 73.0067 151.013 -1.57504e-14 135.981 -99.8651 
-90.5143 73.0117 151.02 1.87262e-14 135.969 -99.8624 
-90.5062 73.0168 151.027 2.19132e-14 135.956 -99.8596 
-90.4978 73.0221 151.035 2.3397e-15 135.943 -99.8567 
-90.4891 73.0277 151.043 -7.86798e-15 135.93 -99.8537 
-90.4801 73.0334 151.051 1.02046e-14 135.916 -99.8507 
-90.4708 73.0393 151.059 -2.1254e-15 135.902 -99.8475 
-90.4612 73.0454 151.068 2.97477e-15 135.887 -99.8443 
-90.4513 73.0517 151.077 6.05412e-15 135.871 -99.8409 
-90.4411 73.0582 151.086 -8.17606e-15 135.856 -99.8375 
-90.4306 73.0649 151.096 -1.51797e-14 135.84 -99.834 
-90.4197 73.0718 151.105 -1.34772e-14 135.823 -99.8304 
-90.4086 73.0788 151.115 1.53827e-14 135.806 -99.8267 
-90.3971 73.0861 151.126 1.90897e-15 135.788 -99.823 
-90.3854 73.0936 151.136 -6.14914e-15 135.77 -99.8191 
-90.3733 73.1013 151.147 -8.26679e-15 135.752 -99.8152 
-90.3608 73.1091 151.158 1.66339e-14 135.733 -99.8112 
-90.3481 73.1172 151.169 -1.45099e-14 135.713 -99.8071 
-90.3351 73.1255 151.181 1.95867e-14 135.694 -99.803 
-90.3217 73.134 151.193 2.9634e-15 135.673 -99.7988 
-90.308 73.1426 151.205 1.79854e-15 135.652 -99.7945 
-90.294 73.1515 151.217 -1.43828e-14 135.631 -99.7901 
-90.2796 73.1606 151.23 5.28575e-15 135.609 -99.7857 
-90.265 73.1699 151.243 -1.70134e-14 135.587 -99.7812 
-90.25 73.1794 151.256 -9.92926e-15 135.564 -99.7766 
-90.2346 73.1891 151.27 -4.75141e-15 135.541 -99.772 
-90.219 73.199 151.283 -6.91304e-15 135.518 -99.7673 
-90.2029 73.2091 151.297 -1.58246e-16 135.494 -99.7625 
-90.1866 73.2195 151.312 2.68901e-15 135.469 -99.7577 
-90.1699 73.23 151.326 -1.32283e-14 135.444 -99.7529 
-90.1529 73.2408 151.341 6.21606e-15 135.418 -99.7479 
-90.1355 73.2517 151.356 -1.81657e-14 135.392 -99.743 
-90.1178 73.2629 151.371 -1.34205e-15 135.366 -99.7379 
-90.0998 73.2743 151.387 2.63023e-15 135.339 -99.7329 
-90.0814 73.2859 151.403 2.35291e-14 135.312 -99.7277 
-90.0626 73.2977 151.419 -1.13252e-14 135.284 -99.7226 
-90.0435 73.3098 151.435 -9.19222e-15 135.255 -99.7174 
-90.0241 73.322 151.452 -6.85129e-15 135.226 -99.7121 
-90.0042 73.3345 151.468 -3.47307e-15 135.197 -99.7068 
-89.9841 73.3472 151.486 1.27771e-14 135.167 -99.7015 
-89.9635 73.3601 151.503 -4.9797e-16 135.137 -99.6961 
-89.9426 73.3733 151.521 3.95542e-15 135.106 -99.6908 
-89.9213 73.3866 151.538 -8.53483e-15 135.075 -99.6854 
-89.8997 73.4002 151.557 5.57334e-15 135.043 -99.6799 
-89.8777 73.414 151.575 -7.32234e-16 135.011 -99.6745 
-89.8553 73.4281 151.594 5.74998e-15 134.978 -99.669 
-89.8325 73.4424 151.613 1.93297e-15 134.945 -99.6635 
-89.8093 73.4569 151.632 -1.25308e-15 134.911 -99.658 
-89.7858 73.4716 151.651 8.3489e-15 134.877 -99.6525 
-89.7619 73.4866 151.671 -1.189e-14 134.842 -99.6469 
-89.7375 73.5018 151.691 9.38114e-15 134.807 -99.6414 
-89.7128 73.5173 151.711 6.25023e-16 134.772 -99.6359 
-89.6877 73.533 151.732 6.55863e-15 134.735 -99.6303 
-89.6622 73.5489 151.752 -1.56059e-15 134.699 -99.6248 
-89.6363 73.565 151.773 9.35754e-15 134.662 -99.6193 
-89.61 73.5815 151.795 -1.62092e-14 134.624 -99.6138 
-89.5833 73.5981 151.816 -9.76069e-15 134.586 -99.6083 
-89.5561 73.615 151.838 5.18841e-16 134.547 -99.6028 
-89.5286 73.6321 151.86 2.07397e-15 134.508 -99.5973 
-89.5006 73.6495 151.882 -1.70986e-14 134.468 -99.5919 
-89.4722 73.6672 151.904 7.45609e-15 134.428 -99.5865 
-89.4434 73.6851 151.927 8.48576e-15 134.388 -99.5811 
-89.4141 73.7032 151.95 -4.96378e-15 134.347 -99.5758 
-89.3844 73.7216 151.974 1.65342e-15 134.305 -99.5705 
-89.3543 73.7403 151.997 6.60893e-15 134.263 -99.5652 
-89.3237 73.7592 152.021 8.46155e-15 134.22 -99.56 
-89.2927 73.7784 152.045 2.68097e-15 134.177 -99.5549 
-89.2612 73.7978 152.069 -1.29828e-14 134.133 -99.5498 
-89.2293 73.8175 152.094 -2.05921e-15 134.089 -99.5447 
-89.1969 73.8375 152.118 -4.52685e-15 134.044 -99.5398 
-89.164 73.8577 152.143 -1.00748e-14 133.999 -99.5349 
-89.1307 73.8782 152.169 -7.19077e-15 133.953 -99.53 
-89.0969 73.899 152.194 -3.07936e-15 133.907 -99.5253 
-89.0626 73.92 152.22 -4.10259e-16 133.86 -99.5206 
-89.0279 73.9413 152.246 5.12417e-15 133.813 -99.516 
-88.9926 73.9629 152.272 -7.78251e-15 133.765 -99.5115 
-88.9569 73.9848 152.299 1.24829e-14 133.717 -99.5071 
-88.9207 74.0069 152.325 6.13412e-15 133.668 -99.5029 
-88.8839 74.0294 152.352 1.26668e-14 133.618 -99.4987 
-88.8467 74.0521 152.38 1.55141e-14 133.568 -99.4946 
-88.8089 74.0751 152.407 1.6317e-15 133.518 -99.4907 
-88.7706 74.0984 152.435 2.44548e-15 133.467 -99.4868 
-88.7318 74.122 152.463 1.01808e-14 133.415 -99.4831 
-88.6925 74.1458 152.491 2.84818e-15 133.363 -99.4796 
-88.6526 74.17 152.519 3.25224e-15 133.311 -99.4761 
-88.6122 74.1945 152.548 -3.2494e-15 133.257 -99.4729 
-88.5713 74.2193 152.577 -2.02909e-15 133.204 -99.4697 
-88.5297 74.2443 152.606 6.89277e-15 133.149 -99.4668 
-88.4877 74.2697 152.636 -8.10189e-15 133.095 -99.464 
-88.445 74.2954 152.665 8.90403e-15 133.039 -99.4614 
-88.4018 74.3213 152.695 2.0218e-15 132.983 -99.4589 
-88.358 74.3476 152.725 5.25187e-15 132.927 -99.4566 
-88.3136 74.3742 152.756 -4.43979e-15 132.87 -99.4546 
-88.2686 74.4012 152.786 -4.8389e-15 132.812 -99.4527 
-88.2231 74.4284 152.817 1.08773e-14 132.754 -99.451 
-88.1769 74.456 152.848 -0 132.696 -99.4496 
-88.1301 74.4838 152.88 -8.04199e-16 132.637 -99.4483 
-88.0827 74.512 152.911 8.8377e-15 132.577 -99.4473 
-88.0346 74.5406 152.943 2.40796e-15 132.516 -99.4466 
-87.9859 74.5694 152.975 -1.20281e-15 132.456 -99.446 
-87.9366 74.5986 153.007 -1.60217e-15 132.394 -99.4457 
-87.8866 74.6281 153.04 -7.20266e-15 132.332 -99.4457 
-87.8359 74.658 153.072 -1.1193e-14 132.27 -99.446 
-87.7846 74.6882 153.105 5.5909e-15 132.206 -99.4465 
-87.7326 74.7187 153.139 6.38317e-15 132.143 -99.4473 
-87.6799 74.7496 153.172 7.17378e-15 132.078 -99.4484 
-87.6265 74.7809 153.206 -1.59255e-15 132.013 -99.4498 
-87.5724 74.8124 153.24 4.77273e-15 131.948 -99.4515 
-87.5176 74.8444 153.274 -7.94633e-15 131.882 -99.4535 
-87.4621 74.8767 153.308 3.17522e-15 131.815 -99.4559 
-87.4058 74.9093 153.342 7.92974e-16 131.748 -99.4586 
-87.3488 74.9423 153.377 1.34664e-14 131.68 -99.4616 
-87.291 74.9757 153.412 -3.16519e-15 131.612 -99.465 
-87.2325 75.0094 153.448 7.11408e-15 131.543 -99.4688 
-87.1731 75.0435 153.483 9.47526e-15 131.474 -99.473 
-87.1131 75.078 153.519 1.5775e-15 131.403 -99.4775 
-87.0522 75.1129 153.555 6.30316e-15 131.333 -99.4825 
-86.9905 75.1481 153.591 4.7222e-15 131.261 -99.4878 
-86.9279 75.1837 153.627 5.50318e-15 131.189 -99.4936 
-86.8646 75.2197 153.664 -1.17795e-14 131.117 -99.4998 
-86.8004 75.2561 153.7 -0 131.044 -99.5065 
-86.7353 75.2929 153.737 -7.05192e-15 130.97 -99.5136 
-86.6694 75.33 153.774 3.13066e-15 130.895 -99.5212 
-86.6026 75.3676 153.812 -3.12712e-15 130.82 -99.5293 
-86.5349 75.4056 153.85 -1.56178e-15 130.745 -99.5379 
-86.4663 75.4439 153.887 -2.33999e-15 130.669 -99.547 
-86.3968 75.4827 153.925 1.01283e-14 130.592 -99.5566 
-86.3264 75.5219 153.964 -7.782e-16 130.514 -99.5668 
-86.255 75.5614 154.002 -1.55459e-15 130.436 -99.5775 
-86.1826 75.6014 154.041 2.32916e-15 130.358 -99.5888 
-86.1093 75.6419 154.08 -1.55095e-15 130.278 -99.6006 
-86.0349 75.6827 154.119 3.8728e-15 130.198 -99.6131 
-85.9596 75.724 154.158 -6.18914e-15 130.118 -99.6261 
-85.8832 75.7656 154.198 -2.31816e-15 130.037 -99.6398 
-85.8058 75.8078 154.238 -0 129.955 -99.6542 
-85.7274 75.8503 154.278 -2.3126e-15 129.872 -99.6692 
-85.6479 75.8933 154.318 8.46926e-15 129.789 -99.6848 
-85.5672 75.9367 154.358 7.68997e-15 129.705 -99.7012 
-85.4855 75.9806 154.399 -0 129.621 -99.7183 
-85.4027 76.0249 154.439 -3.83558e-15 129.536 -99.7361 
-85.3187 76.0696 154.48 9.19406e-15 129.45 -99.7546 
-85.2335 76.1149 154.521 5.35656e-15 129.364 -99.774 
-85.1472 76.1605 154.563 6.11417e-15 129.277 -99.7941 
-85.0597 76.2067 154.604 4.5799e-15 129.189 -99.815 
-84.9709 76.2533 154.646 1.52472e-15 129.101 -99.8367 
-84.8809 76.3003 154.688 3.807e-15 129.012 -99.8593 
-84.7897 76.3478 154.73 4.56262e-15 128.922 -99.8828 
-84.6971 76.3958 154.772 -1.06326e-14 128.832 -99.9071 
-84.6033 76.4443 154.815 -0 128.741 -99.9323 
-84.5081 76.4933 154.858 4.54519e-15 128.649 -99.9585 
-84.4116 76.5427 154.901 3.02623e-15 128.557 -99.9857 
-84.3137 76.5926 154.944 6.04465e-15 128.464 -100.014 
-84.2144 76.643 154.987 -0 128.37 -100.043 
-84.1137 76.6939 155.03 -1.50724e-15 128.276 -100.073 
-84.0115 76.7453 155.074 4.51582e-15 128.181 -100.104 
-83.9078 76.7972 155.118 -1.5033e-15 128.085 -100.137 
-83.8027 76.8496 155.162 6.00529e-15 127.989 -100.17 
-83.696 76.9025 155.206 -0 127.892 -100.204 
-83.5878 76.9559 155.25 1.04815e-14 127.794 -100.24 
-83.478 77.0099 155.295 5.98146e-15 127.695 -100.277 
-83.3665 77.0643 155.34 -0 127.596 -100.315 
-83.2534 77.1193 155.384 8.94822e-15 127.496 -100.354 
-83.1387 77.1747 155.429 7.44684e-15 127.396 -100.395 
-83.0222 77.2307 155.475 -0 127.295 -100.437 
-82.904 77.2873 155.52 -1.48535e-15 127.193 -100.48 
-82.784 77.3443 155.566 1.48334e-15 127.09 -100.525 
-82.6622 77.4019 155.611 -0 126.987 -100.571 
-82.5386 77.4601 155.657 1.4793e-15 126.883 -100.619 
-82.4131 77.5187 155.703 4.43183e-15 126.778 -100.668 
-82.2857 77.578 155.75 -4.42575e-15 126.673 -100.718 
-82.1563 77.6377 155.796 8.83932e-15 126.566 -100.77 
-82.025 77.698 155.842 7.35594e-15 126.46 -100.824 
-81.8916 77.7589 155.889 -1.46915e-15 126.352 -100.879 
-81.7561 77.8203 155.936 7.33557e-15 126.244 -100.936 
-81.6185 77.8823 155.983 -8.79045e-15 126.135 -100.995 
-81.4791 77.9446 156.03 1.46304e-15 126.025 -101.055 
-81.3383 78.0073 156.077 4.38302e-15 125.916 -101.117 
-81.1959 78.0701 156.124 4.37696e-15 125.806 -101.18 
-81.052 78.1332 156.171 4.37092e-15 125.696 -101.245 
-80.9065 78.1966 156.217 -2.90994e-15 125.586 -101.311 
-80.7595 78.2602 156.264 -1.45297e-15 125.476 -101.379 
-80.6109 78.324 156.311 2.90196e-15 125.365 -101.449 
-80.4606 78.3881 156.357 4.347e-15 125.255 -101.52 
-80.3087 78.4524 156.403 -1.44703e-15 125.144 -101.593 
-80.1551 78.5169 156.45 1.44506e-15 125.033 -101.667 
-79.9999 78.5817 156.496 7.21553e-15 124.922 -101.744 
-79.8429 78.6467 156.542 1.44116e-15 124.811 -101.822 
-79.6841 78.7119 156.588 -1.43922e-15 124.7 -101.901 
-79.5236 78.7774 156.634 -0 124.589 -101.983 
-79.3613 78.843 156.68 1.43536e-15 124.477 -102.066 
-79.1971 78.9089 156.725 7.16723e-15 124.366 -102.151 
-79.0311 78.9751 156.771 4.29462e-15 124.254 -102.238 
-78.8631 79.0414 156.817 -4.28892e-15 124.142 -102.327 
-78.6933 79.108 156.862 5.711e-15 124.03 -102.418 
-78.5215 79.1747 156.908 1.42587e-15 123.918 -102.51 
-78.3477 79.2417 156.953 -4.27198e-15 123.805 -102.605 
-78.172 79.3089 156.998 4.26639e-15 123.693 -102.702 
-77.9941 79.3763 157.043 -5.68109e-15 123.581 -102.8 
-77.8142 79.4438 157.088 4.25527e-15 123.468 -102.901 
-77.6322 79.5116 157.133 -0 123.355 -103.004 
-77.448 79.5796 157.178 -5.65902e-15 123.242 -103.109 
-77.2617 79.6478 157.223 -4.2388e-15 123.13 -103.217 
-77.0732 79.7161 157.267 -5.64448e-15 123.017 -103.326 
-76.8824 79.7847 157.312 -1.40931e-15 122.903 -103.438 
-76.6893 79.8534 157.356 -2.81504e-15 122.79 -103.552 
-76.4939 79.9223 157.401 2.81146e-15 122.677 -103.668 
-76.2961 79.9913 157.445 2.8079e-15 122.564 -103.787 
-76.096 80.0606 157.489 -0 122.45 -103.908 
-75.8934 80.13 157.533 -4.20127e-15 122.337 -104.031 
-75.6883 80.1995 157.577 5.59468e-15 122.223 -104.157 
-75.4807 80.2692 157.621 2.79386e-15 122.11 -104.286 
-75.2706 80.3391 157.665 -0 121.996 -104.417 
-75.0578 80.4091 157.708 -8.36082e-15 121.882 -104.551 
-74.8425 80.4793 157.752 -2.78351e-15 121.769 -104.687 
-74.6244 80.5495 157.795 -0 121.655 -104.826 
-74.4036 80.62 157.839 2.7767e-15 121.541 -104.968 
-74.1801 80.6905 157.882 -8.31998e-15 121.427 -105.112 
-73.9537 80.7612 157.925 5.53994e-15 121.314 -105.259 
-73.7244 80.8319 157.968 -5.53327e-15 121.2 -105.41 
-73.4923 80.9028 158.011 -2.76331e-15 121.086 -105.563 
-73.2572 80.9738 158.054 -8.28004e-15 120.972 -105.719 
-73.019 81.0449 158.097 2.75673e-15 120.858 -105.878 
-72.7779 81.116 158.139 -0 120.745 -106.04 
-72.5336 81.1873 158.182 -2.75023e-15 120.631 -106.205 
-72.2861 81.2586 158.224 -2.747e-15 120.517 -106.373 
-72.0355 81.33 158.267 5.4876e-15 120.403 -106.545 
-71.7815 81.4014 158.309 2.74062e-15 120.29 -106.72 
-71.5243 81.4729 158.351 5.4749e-15 120.176 -106.898 
-71.2636 81.5445 158.393 -2.73431e-15 120.063 -107.08 
-70.9996 81.616 158.435 -0 119.949 -107.265 
-70.732 81.6876 158.477 -0 119.836 -107.453 
-70.461 81.7593 158.518 2.72499e-15 119.723 -107.645 
-70.1863 81.8309 158.56 -2.72193e-15 119.609 -107.841 
-69.9079 81.9025 158.601 2.71888e-15 119.496 -108.04 
-69.6258 81.9742 158.643 8.14759e-15 119.383 -108.243 
-69.3399 82.0458 158.684 -2.71286e-15 119.271 -108.45 
-69.0502 82.1173 158.725 -8.12963e-15 119.158 -108.66 
-68.7566 82.1889 158.766 -2.70692e-15 119.045 -108.875 
-68.459 82.2604 158.807 5.40796e-15 118.933 -109.094 
-68.1574 82.3318 158.847 5.40212e-15 118.821 -109.316 
-67.8516 82.4031 158.888 -0 118.709 -109.543 
-67.5417 82.4744 158.929 -5.39058e-15 118.597 -109.774 
-67.2276 82.5456 158.969 -0 118.486 -110.009 
-66.9091 82.6167 159.009 -0 118.374 -110.248 
-66.5863 82.6876 159.049 2.6868e-15 118.263 -110.492 
-66.259 82.7584 159.089 -2.68401e-15 118.152 -110.74 
-65.9272 82.8291 159.129 2.68125e-15 118.042 -110.993 
-65.5908 82.8996 159.169 -0 117.931 -111.25 
-65.2497 82.97 159.209 -0 117.821 -111.512 
-64.904 83.0401 159.248 5.34618e-15 117.712 -111.779 
-64.5534 83.1101 159.288 -0 117.602 -112.05 
-64.1979 83.1798 159.327 5.33553e-15 117.493 -112.327 
-63.8375 83.2493 159.366 2.66514e-15 117.385 -112.608 
-63.472 83.3186 159.405 -5.32508e-15 117.276 -112.894 
-63.1015 83.3875 159.444 -0 117.168 -113.186 
-62.7257 83.4562 159.483 -0 117.061 -113.483 
-62.3447 83.5247 159.522 -5.30975e-15 116.954 -113.785 
-61.9584 83.5927 159.56 2.65237e-15 116.847 -114.092 
-61.5666 83.6605 159.599 2.64989e-15 116.741 -114.404 
-61.1694 83.7279 159.637 2.64743e-15 116.635 -114.723 
-60.7666 83.7949 159.675 -2.645e-15 116.53 -115.046 
-60.3581 83.8615 159.713 -0 116.425 -115.376 
-59.9439 83.9278 159.751 -0 116.321 -115.711 
-59.5239 83.9935 159.789 -0 116.218 -116.052 
-59.0981 84.0589 159.826 -0 116.115 -116.399 
-58.6663 84.1237 159.864 2.63323e-15 116.012 -116.751 
-58.2284 84.1881 159.901 5.26191e-15 115.911 -117.11 
-57.7845 84.2519 159.939 -0 115.81 -117.475 
-57.3344 84.3152 159.976 2.62649e-15 115.709 -117.846 
-56.8781 84.3779 160.013 -0 115.609 -118.223 
-56.4154 84.4401 160.049 2.62213e-15 115.511 -118.607 
-55.9463 84.5016 160.086 -2.61999e-15 115.412 -118.997 
-55.4708 84.5625 160.123 -2.61787e-15 115.315 -119.393 
-54.9887 84.6227 160.159 -0 115.218 -119.796 
-54.5001 84.6822 160.195 2.61374e-15 115.122 -120.206 
-54.0048 84.741 160.231 -0 115.028 -120.622 
-53.5027 84.799 160.267 -0 114.934 -121.045 
-52.9939 84.8563 160.303 -0 114.84 -121.475 
-52.4783 84.9127 160.339 -0 114.748 -121.911 
-51.9558 84.9684 160.375 -2.6039e-15 114.657 -122.355 
-51.4263 85.0231 160.41 2.60203e-15 114.567 -122.805 
-50.8899 85.077 160.445 -0 114.478 -123.262 
-50.3464 85.13 160.48 -0 114.39 -123.727 
-49.7958 85.182 160.515 -0 114.303 -124.198 
-49.2382 85.233 160.55 -2.59483e-15 114.217 -124.677 
-48.6734 85.283 160.585 -2.59311e-15 114.132 -125.163 
-48.1015 85.3319 160.62 2.59142e-15 114.049 -125.655 
-47.5224 85.3798 160.654 -2.58976e-15 113.966 -126.156 
-46.9361 85.4265 160.688 -0 113.885 -126.663 
-46.3425 85.4721 160.722 -2.58655e-15 113.806 -127.177 
-45.7418 85.5165 160.756 2.58499e-15 113.727 -127.699 
-45.1339 85.5597 160.79 -0 113.65 -128.228 
-44.5188 85.6017 160.824 -0 113.575 -128.764 
-43.8965 85.6423 160.857 -0 113.501 -129.307 
-43.267 85.6817 160.89 -2.5791e-15 113.428 -129.857 
-42.6304 85.7196 160.924 -0 113.357 -130.415 
-41.9867 85.7562 160.957 -0 113.287 -130.98 
-41.336 85.7913 160.99 -2.57505e-15 113.219 -131.551 
-40.6783 85.825 161.022 -0 113.153 -132.13 
-40.0136 85.8572 161.055 -0 113.088 -132.715 
-39.3421 85.8878 161.087 2.57133e-15 113.025 -133.308 
-38.6639 85.9168 161.119 2.57016e-15 112.964 -133.907 
-37.9789 85.9443 161.152 -0 112.904 -134.513 
-37.2874 85.97 161.183 -0 112.847 -135.125 
-36.5893 85.9941 161.215 -0 112.791 -135.744 
-35.885 86.0165 161.247 -0 112.737 -136.37 
-35.1743 86.0371 161.278 2.5649e-15 112.685 -137.001 
-34.4576 86.0559 161.309 -2.56397e-15 112.635 -137.639 
-33.735 86.0729 161.341 -0 112.587 -138.282 
-33.0066 86.0881 161.371 -1.28111e-15 112.54 -138.932 
-32.2725 86.1013 161.402 1.2807e-15 112.496 -139.587 
-31.5331 86.1126 161.433 1.28031e-15 112.455 -140.247 
-30.7883 86.1219 161.463 -1.27995e-15 112.415 -140.913 
-30.0386 86.1293 161.494 -2.5592e-15 112.377 -141.583 
-29.284 86.1346 161.524 -0 112.342 -142.259 
-28.5247 86.1378 161.554 -0 112.309 -142.939 
-27.7611 86.139 161.583 -2.55737e-15 112.278 -143.624 
-26.9933 86.138 161.613 -0 112.249 -144.312 
-26.2216 86.1349 161.642 1.27819e-15 112.223 -145.005 
-25.4462 86.1296 161.671 -0 112.199 -145.701 
-24.6674 86.1221 161.701 -0 112.177 -146.401 
-23.8854 86.1124 161.729 -0 112.158 -147.104 
-23.1006 86.1004 161.758 -0 112.142 -147.81 
-22.3132 86.0861 161.787 1.27732e-15 112.127 -148.518 
-21.5235 86.0696 161.815 -0 112.115 -149.229 
-20.7318 86.0507 161.843 -0 112.106 -149.941 
-19.9384 86.0295 161.871 -0 112.099 -150.656 
-19.1436 86.006 161.899 -0 112.095 -151.371 
-18.3476 85.98 161.927 -0 112.093 -152.088 
-17.5509 85.9517 161.954 2.55404e-15 112.094 -152.806 
-16.7537 85.921 161.981 -0 112.098 -153.524 
-15.9562 85.8879 162.008 -1.2771e-15 112.104 -154.242 
-15.1589 85.8523 162.035 -0 112.112 -154.961 
-14.362 85.8144 162.062 6.38642e-16 112.124 -155.678 
-13.5658 85.7739 162.088 -0 112.138 -156.396 
-12.7707 85.7311 162.115 6.3878e-16 112.154 -157.112 
-11.977 85.6858 162.141 -6.38867e-16 112.173 -157.826 
-11.1848 85.638 162.167 -0 112.195 -158.539 
-10.3946 85.5878 162.193 -6.39078e-16 112.219 -159.25 
-9.60669 85.5352 162.218 6.39201e-16 112.247 -159.959 
-8.82126 85.4801 162.244 -6.39337e-16 112.276 -160.666 
-8.03863 85.4225 162.269 -6.39485e-16 112.309 -161.369 
-7.25907 85.3625 162.294 -0 112.344 -162.07 
-6.48287 85.3001 162.319 -0 112.381 -162.767 
-5.71027 85.2352 162.343 -0 112.421 -163.46 
-4.94153 85.168 162.368 3.201e-16 112.464 -164.15 
-4.1769 85.0983 162.392 -0 112.51 -164.836 
-3.41661 85.0262 162.416 -3.20317e-16 112.558 -165.517 
-2.6609 84.9517 162.44 1.60217e-16 112.608 -166.193 
-1.90998 84.8749 162.464 -1.60279e-16 112.662 -166.865 
-1.16406 84.7957 162.487 -0 112.717 -167.532 
-0.423345 84.7141 162.51 -4.01033e-17 112.776 -168.194 
0.311977 84.6303 162.533 -0 112.836 -168.85 
1.04172 84.5441 162.556 -0 112.9 -169.501 
1.76573 84.4557 162.579 1.60637e-16 112.966 -170.146 
2.48382 84.365 162.601 -1.60719e-16 113.034 -170.785 
3.19586 84.272 162.623 -0 113.105 -171.418 
3.9017 84.1768 162.645 -0 113.178 -172.044 
4.60122 84.0794 162.667 -3.21964e-16 113.253 -172.665 
5.29428 83.9799 162.689 -3.22153e-16 113.331 -173.279 
5.98078 83.8781 162.71 -0 113.411 -173.886 
6.66062 83.7743 162.732 6.45099e-16 113.494 -174.487 
7.33371 83.6683 162.753 -6.45516e-16 113.579 -175.081 
7.99996 83.5603 162.773 -0 113.666 -175.668 
8.6593 83.4502 162.794 -0 113.756 -176.248 
9.31166 83.3381 162.814 -0 113.848 -176.822 
9.95699 83.224 162.835 6.47316e-16 113.941 -177.388 
10.5952 83.1079 162.854 -0 114.038 -177.947 
11.2264 82.9899 162.874 -6.48296e-16 114.136 -178.499 
11.8503 82.8699 162.894 -6.48807e-16 114.236 -179.044 
12.4671 82.7481 162.913 -6.49331e-16 114.339 -179.582 
13.0768 82.6244 162.932 -0 114.443 179.888 
13.6792 82.4988 162.951 -0 114.55 179.364 
14.2743 82.3714 162.97 -0 114.659 178.848 
14.8623 82.2423 162.988 -0 114.769 178.339 
15.4431 82.1114 163.006 1.30431e-15 114.882 177.838 
16.0167 81.9788 163.025 1.30553e-15 114.997 177.343 
16.5832 81.8445 163.042 -1.30677e-15 115.113 176.856 
17.1425 81.7085 163.06 -0 115.232 176.375 
17.6947 81.5709 163.077 -2.61867e-15 115.352 175.902 
18.2398 81.4316 163.094 -2.62133e-15 115.474 175.436 
18.7779 81.2908 163.111 2.62404e-15 115.598 174.977 
19.309 81.1484 163.128 -0 115.723 174.525 
19.8331 81.0045 163.145 -0 115.851 174.08 
20.3503 80.8591 163.161 -0 115.98 173.642 
20.8607 80.7122 163.177 1.31772e-15 116.111 173.211 
21.3643 80.5638 163.193 1.31922e-15 116.243 172.786 
21.8612 80.4141 163.208 -1.32075e-15 116.378 172.368 
22.3514 80.2629 163.224 -0 116.513 171.957 
22.835 80.1103 163.239 -2.64779e-15 116.651 171.553 
23.312 79.9565 163.254 -1.32551e-15 116.79 171.155 
23.7826 79.8013 163.268 -1.32716e-15 116.93 170.763 
24.2468 79.6448 163.283 -0 117.072 170.378 
24.7046 79.487 163.297 -0 117.216 169.999 
25.1561 79.328 163.311 -0 117.361 169.627 
25.6015 79.1678 163.325 -0 117.507 169.261 
26.0407 79.0063 163.339 2.67171e-15 117.655 168.9 
26.4739 78.8437 163.352 -2.67537e-15 117.804 168.546 
26.9012 78.68 163.365 -0 117.955 168.198 
27.3225 78.5151 163.378 -0 118.107 167.856 
27.738 78.3492 163.39 -0 118.26 167.519 
28.1478 78.1821 163.403 -0 118.415 167.189 
28.5519 78.014 163.415 2.69462e-15 118.571 166.864 
28.9505 77.8449 163.427 2.69866e-15 118.728 166.544 
29.3435 77.6748 163.439 2.70277e-15 118.887 166.23 
29.7311 77.5036 163.45 2.70694e-15 119.046 165.922 
30.1133 77.3315 163.461 -0 119.207 165.619 
30.4903 77.1585 163.472 -0 119.369 165.321 
30.8621 76.9845 163.483 -2.71986e-15 119.532 165.028 
31.2287 76.8097 163.494 -0 119.697 164.74 
31.5903 76.6339 163.504 -0 119.862 164.458 
31.9469 76.4573 163.514 -0 120.029 164.18 
32.2986 76.2799 163.524 -0 120.196 163.908 
32.6455 76.1016 163.533 -2.74273e-15 120.365 163.64 
32.9877 75.9225 163.543 -0 120.535 163.377 
33.3252 75.7427 163.552 2.75236e-15 120.706 163.119 
33.658 75.562 163.561 -2.75728e-15 120.877 162.865 
33.9863 75.3807 163.569 -0 121.05 162.615 
34.3102 75.1986 163.578 -0 121.224 162.371 
34.6297 75.0158 163.586 -0 121.398 162.13 
34.9448 74.8323 163.594 -0 121.574 161.894 
35.2557 74.6481 163.601 -5.56592e-15 121.751 161.662 
35.5624 74.4633 163.609 -0 121.928 161.435 
35.865 74.2779 163.616 2.79375e-15 122.106 161.211 
36.1636 74.0918 163.623 -0 122.285 160.992 
36.4581 73.9051 163.63 -0 122.465 160.776 
36.7487 73.7178 163.636 5.62098e-15 122.646 160.565 
37.0355 73.53 163.642 -2.81622e-15 122.828 160.357 
37.3184 73.3416 163.648 -0 123.01 160.153 
37.5977 73.1527 163.654 2.82792e-15 123.193 159.953 
37.8732 72.9633 163.659 2.83389e-15 123.377 159.757 
38.1451 72.7733 163.665 -2.83994e-15 123.562 159.564 
38.4135 72.5829 163.67 -5.69212e-15 123.747 159.374 
38.6784 72.392 163.674 -0 123.934 159.189 
38.9398 72.2006 163.679 -2.85855e-15 124.12 159.006 
39.1978 72.0088 163.683 -0 124.308 158.827 
39.4525 71.8166 163.687 2.87138e-15 124.496 158.652 
39.7039 71.624 163.691 -0 124.685 158.479 
39.9521 71.4309 163.695 2.88453e-15 124.875 158.31 
40.1972 71.2375 163.698 2.89123e-15 125.065 158.144 
40.4391 71.0437 163.701 -0 125.255 157.981 
40.6779 70.8496 163.704 2.90489e-15 125.447 157.822 
40.9137 70.6551 163.706 -0 125.639 157.665 
41.1465 70.4603 163.708 -5.8378e-15 125.831 157.511 
41.3765 70.2651 163.711 -2.92604e-15 126.024 157.36 
41.6035 70.0697 163.712 -5.86653e-15 126.218 157.212 
41.8277 69.874 163.714 2.94058e-15 126.412 157.067 
42.0492 69.678 163.715 -0 126.607 156.925 
42.2678 69.4818 163.716 -2.95548e-15 126.802 156.785 
42.4838 69.2853 163.717 -2.96307e-15 126.998 156.648 
42.6972 69.0885 163.718 2.97075e-15 127.194 156.514 
42.9079 68.8916 163.718 -5.95704e-15 127.39 156.382 
43.1161 68.6944 163.718 -0 127.587 156.253 
43.3218 68.4971 163.718 5.9887e-15 127.785 156.127 
43.5249 68.2995 163.718 -0 127.983 156.003 
43.7256 68.1018 163.717 -6.02113e-15 128.181 155.881 
43.924 67.904 163.716 -0 128.38 155.762 
44.1199 67.7059 163.715 -0 128.579 155.645 
44.3135 67.5078 163.714 -0 128.779 155.53 
44.5048 67.3095 163.712 -0 128.979 155.418 
44.6939 67.1111 163.71 -0 129.179 155.308 
44.8808 66.9126 163.708 -0 129.379 155.2 
45.0654 66.7141 163.706 -0 129.58 155.095 
45.2479 66.5154 163.703 -0 129.782 154.991 
45.4283 66.3167 163.7 -0 129.983 154.89 
45.6066 66.1179 163.697 -6.19528e-15 130.185 154.791 
45.7829 65.9191 163.694 6.21384e-15 130.387 154.694 
45.9571 65.7202 163.69 -0 130.59 154.598 
46.1294 65.5213 163.686 -0 130.792 154.505 
46.2997 65.3224 163.682 6.27081e-15 130.995 154.414 
46.4681 65.1235 163.678 6.29025e-15 131.199 154.325 
46.6345 64.9246 163.673 -0 131.402 154.237 
46.7991 64.7258 163.668 -6.32978e-15 131.606 154.152 
46.9619 64.5269 163.663 -0 131.81 154.068 
47.1228 64.3281 163.658 -0 132.014 153.986 
47.282 64.1293 163.652 -6.3908e-15 132.218 153.906 
47.4394 63.9306 163.647 -0 132.423 153.828 
47.5951 63.732 163.641 -0 132.627 153.751 
47.749 63.5334 163.634 6.45392e-15 132.832 153.676 
47.9013 63.335 163.628 6.47544e-15 133.037 153.603 
48.052 63.1366 163.621 6.4972e-15 133.242 153.532 
48.201 62.9383 163.614 -0 133.448 153.462 
48.3484 62.7402 163.607 -6.54146e-15 133.653 153.393 
48.4942 62.5421 163.599 6.56397e-15 133.859 153.327 
48.6384 62.3442 163.592 -0 134.064 153.261 
48.7812 62.1465 163.584 6.60974e-15 134.27 153.198 
48.9224 61.9488 163.575 -0 134.476 153.136 
49.0621 61.7514 163.567 6.65654e-15 134.682 153.075 
49.2004 61.5541 163.558 -0 134.888 153.016 
49.3372 61.357 163.549 -0 135.094 152.958 
49.4726 61.1601 163.54 -0 135.3 152.902 
49.6066 60.9633 163.531 -0 135.506 152.847 
49.7392 60.7668 163.521 -6.77818e-15 135.712 152.793 
49.8704 60.5705 163.511 -0 135.918 152.741 
50.0003 60.3744 163.501 -0 136.124 152.69 
50.1289 60.1785 163.491 -0 136.331 152.641 
50.2561 59.9828 163.48 6.88044e-15 136.537 152.593 
50.3821 59.7874 163.469 -0 136.743 152.546 
50.5068 59.5923 163.458 6.93328e-15 136.949 152.5 
50.6302 59.3974 163.447 6.96013e-15 137.155 152.456 
50.7524 59.2027 163.436 -1.39746e-14 137.362 152.413 
50.8734 59.0084 163.424 -7.01474e-15 137.568 152.371 
50.9932 58.8143 163.412 -0 137.774 152.33 
51.1119 58.6204 163.4 -0 137.98 152.29 
51.2293 58.4269 163.387 -0 138.186 152.252 
51.3456 58.2337 163.374 7.12761e-15 138.392 152.215 
51.4608 58.0408 163.362 -0 138.598 152.179 
51.5748 57.8482 163.348 7.18592e-15 138.803 152.144 
51.6877 57.6559 163.335 -1.44311e-14 139.009 152.11 
51.7996 57.464 163.321 -7.24552e-15 139.215 152.077 
51.9104 57.2723 163.308 7.27581e-15 139.42 152.045 
52.0201 57.081 163.293 -7.30643e-15 139.625 152.015 
52.1288 56.8901 163.279 7.33739e-15 139.831 151.985 
52.2364 56.6995 163.265 -7.36868e-15 140.036 151.957 
52.343 56.5093 163.25 -1.48006e-14 140.241 151.929 
52.4486 56.3194 163.235 -0 140.446 151.902 
52.5533 56.1299 163.22 -0 140.65 151.877 
52.6569 55.9408 163.204 -0 140.855 151.852 
52.7596 55.7521 163.189 -0 141.059 151.829 
52.8614 55.5637 163.173 -7.5638e-15 141.264 151.806 
52.9622 55.3757 163.157 -7.59758e-15 141.468 151.784 
53.062 55.1882 163.14 -7.63174e-15 141.671 151.764 
53.161 55.001 163.124 7.66626e-15 141.875 151.744 
53.2591 54.8143 163.107 7.70117e-15 142.079 151.725 
53.3562 54.6279 163.09 -0 142.282 151.707 
53.4525 54.442 163.073 -7.77213e-15 142.485 151.689 
53.5479 54.2565 163.055 7.8082e-15 142.688 151.673 
53.6425 54.0715 163.038 7.84467e-15 142.891 151.658 
53.7362 53.8868 163.02 -0 143.093 151.643 
53.8291 53.7027 163.002 -0 143.296 151.629 
53.9212 53.5189 162.983 -0 143.498 151.616 
54.0124 53.3356 162.965 -0 143.699 151.604 
54.1029 53.1528 162.946 -0 143.901 151.593 
54.1925 52.9704 162.927 -0 144.102 151.582 
54.2814 52.7885 162.908 8.11145e-15 144.303 151.572 
54.3695 52.607 162.889 -0 144.504 151.563 
54.4568 52.426 162.869 -0 144.705 151.555 
54.5434 52.2455 162.849 -0 144.905 151.547 
54.6292 52.0655 162.829 -0 145.105 151.541 
54.7143 51.8859 162.809 8.31501e-15 145.305 151.535 
54.7987 51.7069 162.789 -0 145.504 151.529 
54.8823 51.5283 162.768 -8.39964e-15 145.704 151.525 
54.9652 51.3502 162.747 8.44267e-15 145.903 151.521 
55.0475 51.1727 162.726 -0 146.101 151.518 
55.129 50.9956 162.705 -0 146.3 151.515 
55.2099 50.819 162.683 -8.57466e-15 146.498 151.513 
55.2901 50.643 162.662 8.61966e-15 146.695 151.512 
55.3696 50.4674 162.64 -0 146.893 151.512 
55.4485 50.2924 162.618 8.71117e-15 147.09 151.512 
55.5267 50.1179 162.595 -8.7577e-15 147.287 151.513 
55.6042 49.9439 162.573 -0 147.483 151.514 
55.6812 49.7705 162.55 -8.85235e-15 147.679 151.517 
55.7575 49.5975 162.527 -0 147.875 151.519 
55.8332 49.4251 162.504 -0 148.071 151.523 
55.9082 49.2533 162.481 8.99841e-15 148.266 151.527 
55.9827 49.0819 162.457 -1.80964e-14 148.461 151.531 
56.0565 48.9111 162.434 -9.09859e-15 148.655 151.537 
56.1298 48.7409 162.41 -0 148.849 151.542 
56.2025 48.5712 162.386 9.20108e-15 149.043 151.549 
56.2746 48.402 162.361 -9.25321e-15 149.237 151.556 
56.3461 48.2334 162.337 -9.30595e-15 149.43 151.563 
56.4171 48.0654 162.312 -0 149.622 151.571 
56.4875 47.8979 162.287 1.88265e-14 149.815 151.58 
56.5574 47.7309 162.262 -0 150.007 151.589 
56.6267 47.5645 162.237 -0 150.198 151.599 
56.6954 47.3987 162.212 -9.57899e-15 150.39 151.609 
56.7637 47.2335 162.186 -9.63553e-15 150.581 151.62 
56.8314 47.0688 162.16 1.93855e-14 150.771 151.632 
56.8986 46.9046 162.134 9.75062e-15 150.961 151.644 
56.9652 46.7411 162.108 9.80919e-15 151.151 151.656 
57.0314 46.5781 162.082 -0 151.34 151.669 
57.097 46.4157 162.055 -0 151.529 151.682 
57.1622 46.2538 162.028 -0 151.718 151.696 
57.2268 46.0926 162.001 1.00505e-14 151.906 151.711 
57.291 45.9319 161.974 -0 152.094 151.726 
57.3547 45.7718 161.947 -1.01756e-14 152.281 151.741 
57.4179 45.6123 161.919 -2.04785e-14 152.468 151.757 
57.4806 45.4533 161.892 1.03037e-14 152.655 151.773 
57.5429 45.2949 161.864 1.03689e-14 152.841 151.79 
57.6047 45.1372 161.836 -0 153.027 151.807 
57.666 44.98 161.808 -0 153.212 151.825 
57.7269 44.8233 161.779 -2.11388e-14 153.397 151.843 
57.7874 44.6673 161.751 1.06379e-14 153.582 151.862 
57.8474 44.5119 161.722 -1.07072e-14 153.766 151.881 
57.9069 44.357 161.693 -0 153.95 151.9 
57.9661 44.2028 161.664 -0 154.133 151.92 
58.0248 44.0491 161.635 1.09205e-14 154.316 151.941 
58.0831 43.896 161.605 1.09934e-14 154.499 151.961 
58.1409 43.7436 161.576 -1.10672e-14 154.681 151.983 
58.1984 43.5917 161.546 -2.22838e-14 154.863 152.004 
58.2554 43.4404 161.516 -1.12176e-14 155.044 152.026 
58.312 43.2897 161.486 -2.25885e-14 155.225 152.049 
58.3682 43.1396 161.455 -1.13719e-14 155.405 152.072 
58.424 42.99 161.425 2.2901e-14 155.585 152.095 
58.4795 42.8411 161.394 -1.15302e-14 155.765 152.119 
58.5345 42.6928 161.363 -0 155.944 152.143 
58.5892 42.5451 161.332 -0 156.122 152.167 
58.6434 42.3979 161.301 1.17754e-14 156.301 152.192 
58.6973 42.2514 161.27 1.18593e-14 156.479 152.217 
58.7508 42.1055 161.239 -2.38887e-14 156.656 152.243 
58.804 41.9601 161.207 1.20305e-14 156.833 152.268 
58.8568 41.8154 161.175 -2.42357e-14 157.009 152.295 
58.9092 41.6713 161.143 1.22063e-14 157.186 152.321 
58.9612 41.5277 161.111 1.2296e-14 157.361 152.348 
59.0129 41.3848 161.079 2.47738e-14 157.536 152.376 
59.0643 41.2424 161.046 1.2479e-14 157.711 152.404 
59.1153 41.1007 161.014 2.51448e-14 157.886 152.432 
59.1659 40.9595 160.981 -1.26671e-14 158.06 152.46 
59.2162 40.8189 160.948 1.27631e-14 158.233 152.489 
59.2662 40.679 160.915 2.57208e-14 158.406 152.518 
59.3158 40.5396 160.882 1.29591e-14 158.579 152.547 
59.3651 40.4008 160.848 -2.61183e-14 158.751 152.577 
59.4141 40.2626 160.815 -0 158.922 152.607 
59.4628 40.1251 160.781 -0 159.094 152.638 
59.5111 39.9881 160.747 -2.67359e-14 159.265 152.668 
59.5591 39.8517 160.713 2.69477e-14 159.435 152.699 
59.6068 39.7159 160.679 4.07438e-14 159.605 152.731 
59.6542 39.5807 160.645 1.36903e-14 159.774 152.763 
59.7012 39.4461 160.611 -0 159.943 152.795 
59.748 39.312 160.576 1.3913e-14 160.112 152.827 
59.7944 39.1786 160.541 1.40269e-14 160.28 152.86 
59.8406 39.0458 160.506 -1.41425e-14 160.448 152.892 
59.8865 38.9135 160.471 -0 160.615 152.926 
59.932 38.7819 160.436 1.43788e-14 160.782 152.959 
59.9773 38.6508 160.401 -1.44997e-14 160.948 152.993 
60.0223 38.5203 160.365 1.46223e-14 161.114 153.027 
60.0669 38.3904 160.33 1.47469e-14 161.28 153.061 
60.1113 38.2611 160.294 1.48734e-14 161.445 153.096 
60.1555 38.1324 160.258 -0 161.61 153.131 
60.1993 38.0043 160.222 4.53971e-14 161.774 153.166 
60.2429 37.8767 160.186 3.05298e-14 161.937 153.202 
60.2862 37.7497 160.15 -1.53995e-14 162.101 153.238 
60.3292 37.6233 160.113 -0 162.264 153.274 
60.3719 37.4975 160.077 -4.70258e-14 162.426 153.31 
60.4144 37.3723 160.04 1.58165e-14 162.588 153.347 
60.4566 37.2476 160.003 1.596e-14 162.749 153.383 
60.4986 37.1236 159.966 3.22118e-14 162.91 153.421 
60.5403 37.0001 159.929 4.87626e-14 163.071 153.458 
60.5817 36.8772 159.892 3.28099e-14 163.231 153.496 
60.6229 36.7548 159.854 -1.65582e-14 163.391 153.533 
60.6638 36.633 159.817 -3.34282e-14 163.55 153.572 
60.7045 36.5118 159.779 3.37452e-14 163.709 153.61 
60.745 36.3912 159.741 1.70338e-14 163.868 153.649 
60.7851 36.2711 159.703 1.71979e-14 164.026 153.688 
60.8251 36.1517 159.665 -6.9459e-14 164.183 153.727 
60.8648 36.0327 159.627 1.75345e-14 164.34 153.766 
60.9043 35.9144 159.589 -3.54147e-14 164.497 153.806 
60.9435 35.7966 159.55 -3.57665e-14 164.653 153.845 
60.9825 35.6794 159.512 1.80623e-14 164.809 153.886 
61.0212 35.5627 159.473 3.64891e-14 164.964 153.926 
61.0598 35.4466 159.434 1.84302e-14 165.119 153.966 
61.0981 35.331 159.395 -0 165.274 154.007 
61.1361 35.216 159.356 -0 165.428 154.048 
61.174 35.1016 159.317 -1.90079e-14 165.582 154.089 
61.2116 34.9877 159.277 3.84155e-14 165.735 154.131 
61.249 34.8744 159.238 1.94114e-14 165.888 154.173 
61.2862 34.7616 159.198 5.88569e-14 166.04 154.214 
61.3232 34.6494 159.159 -3.96611e-14 166.192 154.257 
61.3599 34.5377 159.119 -0 166.343 154.299 
61.3964 34.4266 159.079 8.10651e-14 166.494 154.341 
61.4328 34.316 159.039 -0 166.645 154.384 
61.4689 34.206 158.999 -4.14391e-14 166.795 154.427 
61.5048 34.0965 158.958 -0 166.945 154.47 
61.5405 33.9876 158.918 8.47657e-14 167.095 154.514 
61.576 33.8791 158.877 -4.28694e-14 167.243 154.557 
61.6113 33.7713 158.837 -4.33661e-14 167.392 154.601 
61.6464 33.6639 158.796 -8.77465e-14 167.54 154.645 
61.6813 33.5571 158.755 4.43912e-14 167.688 154.689 
61.716 33.4509 158.714 8.98407e-14 167.835 154.734 
61.7505 33.3451 158.673 4.5461e-14 167.982 154.778 
61.7848 33.2399 158.632 -4.60136e-14 168.128 154.823 
61.8189 33.1353 158.59 -9.31568e-14 168.274 154.868 
61.8528 33.0311 158.549 -4.71559e-14 168.42 154.913 
61.8865 32.9275 158.507 -0 168.565 154.958 
61.9201 32.8244 158.466 -0 168.71 155.004 
61.9534 32.7218 158.424 -4.89689e-14 168.854 155.05 
61.9866 32.6198 158.382 -0 168.998 155.096 
