52.6778 62.942 144.465 -0 152.593 53.2677 
52.678 62.9424 144.465 -0 152.593 53.2678 
52.6785 62.943 144.466 -2.05632e-14 152.591 53.2678 
52.6791 62.9438 144.466 -0 152.59 53.2679 
52.6799 62.9449 144.467 2.05606e-14 152.588 53.268 
52.6809 62.9462 144.469 4.11177e-14 152.585 53.2681 
52.6821 62.9478 144.47 -0 152.582 53.2682 
52.6835 62.9496 144.472 2.05543e-14 152.578 53.2684 
52.685 62.9516 144.474 2.05515e-14 152.574 53.2685 
52.6868 62.9539 144.476 -0 152.57 53.2687 
52.6887 62.9564 144.479 -2.05451e-14 152.565 53.2689 
52.6908 62.9591 144.481 -0 152.56 53.2691 
52.693 62.9621 144.484 2.05373e-14 152.554 53.2694 
52.6955 62.9653 144.487 -2.05329e-14 152.548 53.2696 
52.6982 62.9688 144.49 -0 152.541 53.2699 
52.701 62.9725 144.494 -0 152.533 53.2702 
52.704 62.9765 144.498 -0 152.526 53.2705 
52.7072 62.9806 144.502 -0 152.518 53.2709 
52.7106 62.9851 144.506 -0 152.509 53.2712 
52.7141 62.9897 144.511 -0 152.5 53.2716 
52.7179 62.9947 144.515 2.04934e-14 152.49 53.272 
52.7218 62.9998 144.52 -0 152.48 53.2724 
52.7259 63.0052 144.525 -2.04792e-14 152.469 53.2728 
52.7302 63.0109 144.531 2.04716e-14 152.458 53.2732 
52.7347 63.0167 144.536 -0 152.447 53.2737 
52.7394 63.0229 144.542 -0 152.435 53.2741 
52.7443 63.0292 144.548 -0 152.422 53.2746 
52.7493 63.0358 144.555 -2.04382e-14 152.41 53.2751 
52.7545 63.0427 144.561 -0 152.396 53.2756 
52.76 63.0498 144.568 -0 152.382 53.2761 
52.7656 63.0572 144.575 2.04099e-14 152.368 53.2767 
52.7714 63.0648 144.582 -0 152.353 53.2772 
52.7774 63.0726 144.59 -2.03894e-14 152.338 53.2778 
52.7835 63.0807 144.597 2.03787e-14 152.322 53.2784 
52.7899 63.089 144.605 2.03677e-14 152.306 53.2789 
52.7965 63.0976 144.613 -2.03564e-14 152.289 53.2795 
52.8032 63.1064 144.622 -2.03448e-14 152.272 53.2802 
52.8102 63.1155 144.63 -0 152.254 53.2808 
52.8173 63.1248 144.639 -2.03207e-14 152.236 53.2814 
52.8246 63.1344 144.648 -0 152.218 53.282 
52.8321 63.1443 144.657 2.02953e-14 152.198 53.2827 
52.8398 63.1543 144.667 -2.02822e-14 152.179 53.2833 
52.8477 63.1647 144.676 -0 152.159 53.284 
52.8559 63.1753 144.686 -2.0255e-14 152.138 53.2847 
52.8641 63.1861 144.697 2.0241e-14 152.117 53.2853 
52.8726 63.1972 144.707 -0 152.096 53.286 
52.8813 63.2085 144.718 -2.0212e-14 152.074 53.2867 
52.8902 63.2201 144.728 -0 152.051 53.2874 
52.8993 63.232 144.739 -0 152.029 53.2881 
52.9086 63.2441 144.751 2.01664e-14 152.005 53.2888 
52.9181 63.2565 144.762 -0 151.981 53.2895 
52.9277 63.2691 144.774 -2.01345e-14 151.957 53.2902 
52.9376 63.282 144.786 -0 151.932 53.2909 
52.9477 63.2952 144.798 -0 151.907 53.2916 
52.958 63.3086 144.81 -4.0169e-14 151.881 53.2923 
52.9685 63.3222 144.823 2.00673e-14 151.855 53.293 
52.9792 63.3362 144.836 2.00498e-14 151.828 53.2936 
52.9901 63.3504 144.849 -0 151.801 53.2943 
53.0012 63.3648 144.862 2.00139e-14 151.773 53.295 
53.0125 63.3796 144.876 -0 151.745 53.2957 
53.024 63.3946 144.889 3.99539e-14 151.716 53.2964 
53.0358 63.4098 144.903 -0 151.687 53.297 
53.0477 63.4254 144.918 -0 151.657 53.2977 
53.0599 63.4412 144.932 -3.98388e-14 151.627 53.2983 
53.0722 63.4572 144.947 1.98997e-14 151.596 53.299 
53.0848 63.4736 144.961 1.98797e-14 151.565 53.2996 
53.0976 63.4902 144.976 -1.98595e-14 151.533 53.3002 
53.1106 63.5071 144.992 1.98389e-14 151.501 53.3008 
53.1238 63.5242 145.007 -0 151.469 53.3014 
53.1372 63.5417 145.023 1.97971e-14 151.436 53.302 
53.1509 63.5594 145.039 1.97758e-14 151.402 53.3025 
53.1648 63.5774 145.055 -0 151.368 53.3031 
53.1789 63.5956 145.071 -0 151.333 53.3036 
53.1932 63.6142 145.088 -0 151.298 53.3041 
53.2077 63.633 145.105 -0 151.263 53.3046 
53.2225 63.6521 145.121 -0 151.226 53.305 
53.2374 63.6715 145.139 1.96426e-14 151.19 53.3055 
53.2527 63.6912 145.156 -1.96195e-14 151.153 53.3059 
53.2681 63.7111 145.174 3.91923e-14 151.115 53.3063 
53.2838 63.7314 145.192 -0 151.077 53.3066 
53.2997 63.7519 145.21 1.95488e-14 151.039 53.307 
53.3158 63.7727 145.228 -0 150.999 53.3073 
53.3321 63.7938 145.246 -1.95004e-14 150.96 53.3075 
53.3487 63.8152 145.265 1.94759e-14 150.92 53.3078 
53.3656 63.8369 145.284 -1.94511e-14 150.879 53.308 
53.3826 63.8589 145.303 1.94261e-14 150.838 53.3081 
53.3999 63.8812 145.322 -0 150.796 53.3083 
53.4175 63.9038 145.342 -0 150.754 53.3084 
53.4353 63.9267 145.362 -1.93497e-14 150.712 53.3084 
53.4533 63.9499 145.382 -1.93237e-14 150.669 53.3084 
53.4716 63.9733 145.402 1.92976e-14 150.625 53.3084 
53.4901 63.9971 145.422 1.92712e-14 150.581 53.3083 
53.5089 64.0212 145.443 -0 150.536 53.3082 
53.5279 64.0456 145.463 1.92178e-14 150.491 53.308 
53.5471 64.0703 145.484 -0 150.445 53.3078 
53.5667 64.0953 145.506 -0 150.399 53.3075 
53.5864 64.1207 145.527 1.91361e-14 150.352 53.3072 
53.6065 64.1463 145.549 -0 150.305 53.3068 
53.6268 64.1722 145.57 -3.81611e-14 150.257 53.3064 
53.6473 64.1985 145.592 -1.90525e-14 150.209 53.3059 
53.6681 64.2251 145.615 -1.90242e-14 150.16 53.3053 
53.6892 64.252 145.637 -1.89957e-14 150.111 53.3047 
53.7105 64.2792 145.66 1.8967e-14 150.061 53.3041 
53.7321 64.3067 145.682 -0 150.011 53.3033 
53.754 64.3346 145.705 -0 149.96 53.3025 
53.7762 64.3628 145.729 3.77595e-14 149.909 53.3016 
53.7986 64.3913 145.752 -0 149.857 53.3007 
53.8213 64.4201 145.776 -0 149.804 53.2996 
53.8442 64.4493 145.799 -0 149.751 53.2985 
53.8675 64.4788 145.823 -0 149.698 53.2974 
53.891 64.5086 145.848 1.87305e-14 149.644 53.2961 
53.9148 64.5388 145.872 -0 149.589 53.2948 
53.939 64.5693 145.897 -0 149.534 53.2933 
53.9633 64.6002 145.921 -0 149.479 53.2918 
53.988 64.6314 145.946 -0 149.422 53.2902 
54.013 64.6629 145.971 -0 149.366 53.2885 
54.0383 64.6948 145.997 -0 149.308 53.2867 
54.0638 64.727 146.022 -1.85141e-14 149.251 53.2848 
54.0897 64.7596 146.048 -1.84825e-14 149.192 53.2829 
54.1159 64.7925 146.074 -3.69014e-14 149.134 53.2808 
54.1424 64.8258 146.1 1.84188e-14 149.074 53.2786 
54.1691 64.8594 146.126 -1.83867e-14 149.014 53.2763 
54.1962 64.8934 146.153 -0 148.954 53.2739 
54.2237 64.9277 146.18 -0 148.893 53.2714 
54.2514 64.9624 146.206 -1.82895e-14 148.831 53.2687 
54.2794 64.9975 146.234 -0 148.769 53.266 
54.3078 65.0329 146.261 -1.82239e-14 148.706 53.2631 
54.3365 65.0687 146.288 -0 148.643 53.2601 
54.3655 65.1049 146.316 1.81578e-14 148.579 53.257 
54.3948 65.1414 146.344 -0 148.515 53.2538 
54.4245 65.1783 146.371 -0 148.45 53.2504 
54.4545 65.2156 146.4 1.80575e-14 148.385 53.2469 
54.4849 65.2532 146.428 -0 148.319 53.2432 
54.5156 65.2913 146.456 -1.79899e-14 148.252 53.2394 
54.5466 65.3297 146.485 -1.79559e-14 148.185 53.2355 
54.578 65.3685 146.514 -1.79218e-14 148.117 53.2314 
54.6098 65.4077 146.543 -0 148.049 53.2272 
54.6419 65.4473 146.572 -1.78532e-14 147.98 53.2228 
54.6743 65.4873 146.602 1.78188e-14 147.911 53.2183 
54.7071 65.5276 146.631 1.77842e-14 147.841 53.2136 
54.7403 65.5684 146.661 -1.77495e-14 147.771 53.2087 
54.7739 65.6095 146.691 -0 147.7 53.2037 
54.8078 65.6511 146.721 -0 147.628 53.1985 
54.8421 65.6931 146.751 -1.76446e-14 147.556 53.1931 
54.8768 65.7354 146.782 1.76094e-14 147.483 53.1875 
54.9119 65.7782 146.812 -1.75742e-14 147.41 53.1818 
54.9473 65.8214 146.843 -0 147.336 53.1759 
54.9832 65.865 146.874 -0 147.261 53.1697 
55.0194 65.909 146.905 1.74677e-14 147.186 53.1634 
55.0561 65.9534 146.936 -3.4864e-14 147.111 53.1569 
55.0931 65.9983 146.967 -0 147.034 53.1502 
55.1306 66.0436 146.999 -0 146.957 53.1433 
55.1684 66.0893 147.031 -0 146.88 53.1362 
55.2067 66.1354 147.063 -0 146.802 53.1288 
55.2454 66.1819 147.095 -0 146.723 53.1213 
55.2846 66.2289 147.127 -0 146.644 53.1135 
55.3241 66.2763 147.159 -0 146.564 53.1054 
55.3641 66.3242 147.192 1.71432e-14 146.484 53.0972 
55.4045 66.3725 147.224 -0 146.403 53.0887 
55.4454 66.4213 147.257 1.70702e-14 146.322 53.08 
55.4868 66.4704 147.29 1.70335e-14 146.239 53.071 
55.5285 66.5201 147.323 1.69968e-14 146.157 53.0618 
55.5708 66.5702 147.357 -0 146.073 53.0523 
55.6135 66.6207 147.39 -0 145.989 53.0425 
55.6567 66.6717 147.423 -1.68863e-14 145.905 53.0325 
55.7003 66.7232 147.457 -0 145.82 53.0222 
55.7445 66.7751 147.491 -0 145.734 53.0116 
55.7891 66.8275 147.525 -0 145.647 53.0008 
55.8342 66.8804 147.559 -0 145.56 52.9896 
55.8798 66.9337 147.593 -1.67008e-14 145.473 52.9782 
55.9259 66.9875 147.628 1.66635e-14 145.385 52.9664 
55.9725 67.0418 147.662 -0 145.296 52.9544 
56.0197 67.0966 147.697 -0 145.206 52.942 
56.0673 67.1518 147.732 -0 145.116 52.9293 
56.1155 67.2076 147.767 -0 145.026 52.9163 
56.1642 67.2638 147.802 1.64764e-14 144.934 52.903 
56.2135 67.3205 147.837 -0 144.842 52.8893 
56.2633 67.3777 147.873 -0 144.75 52.8753 
56.3136 67.4354 147.908 1.63636e-14 144.657 52.8609 
56.3646 67.4936 147.944 -1.63259e-14 144.563 52.8462 
56.416 67.5523 147.979 -0 144.468 52.8311 
56.4681 67.6115 148.015 -1.62504e-14 144.373 52.8156 
56.5207 67.6713 148.051 -1.62127e-14 144.277 52.7997 
56.5739 67.7315 148.087 1.61749e-14 144.181 52.7835 
56.6278 67.7923 148.124 -1.6137e-14 144.084 52.7669 
56.6822 67.8535 148.16 -0 143.986 52.7498 
56.7372 67.9153 148.196 -1.60613e-14 143.888 52.7324 
56.7929 67.9777 148.233 -0 143.789 52.7145 
56.8492 68.0405 148.27 1.59855e-14 143.69 52.6963 
56.9061 68.1039 148.307 -0 143.59 52.6775 
56.9636 68.1678 148.344 -1.59096e-14 143.489 52.6584 
57.0218 68.2323 148.381 -0 143.387 52.6388 
57.0807 68.2973 148.418 1.58337e-14 143.285 52.6187 
57.1402 68.3628 148.455 -1.57957e-14 143.182 52.5982 
57.2004 68.4289 148.492 1.57578e-14 143.079 52.5772 
57.2613 68.4955 148.53 -0 142.975 52.5557 
57.3229 68.5627 148.567 1.56818e-14 142.87 52.5337 
57.3852 68.6305 148.605 3.12876e-14 142.765 52.5112 
57.4483 68.6988 148.643 -1.56058e-14 142.658 52.4882 
57.512 68.7676 148.681 -0 142.552 52.4647 
57.5763 68.8369 148.718 -0 142.445 52.4407 
57.641 68.9064 148.756 -1.54923e-14 142.337 52.4162 
57.7062 68.9761 148.794 -1.54548e-14 142.23 52.3914 
57.7718 69.046 148.832 1.54174e-14 142.122 52.3661 
57.8378 69.1162 148.869 -0 142.015 52.3404 
57.9042 69.1865 148.906 -1.53434e-14 141.907 52.3143 
57.9711 69.2571 148.944 -0 141.799 52.2877 
58.0384 69.3279 148.981 -1.52701e-14 141.691 52.2607 
58.1062 69.3989 149.018 -1.52338e-14 141.583 52.2333 
58.1744 69.4702 149.055 -1.51976e-14 141.475 52.2054 
58.2431 69.5416 149.092 -3.03232e-14 141.366 52.177 
58.3122 69.6133 149.129 1.51258e-14 141.258 52.1482 
58.3818 69.6852 149.165 7.54508e-15 141.149 52.1189 
58.4519 69.7573 149.202 -1.50547e-14 141.041 52.0892 
58.5224 69.8297 149.239 -0 140.932 52.0589 
58.5934 69.9022 149.275 -0 140.823 52.0282 
58.6649 69.975 149.311 -2.98989e-14 140.714 51.9971 
58.7369 70.048 149.348 1.49148e-14 140.605 51.9654 
58.8094 70.1212 149.384 -7.4401e-15 140.495 51.9332 
58.8823 70.1946 149.42 7.42292e-15 140.386 51.9006 
58.9558 70.2682 149.456 1.48116e-14 140.276 51.8674 
59.0298 70.3421 149.491 -7.38882e-15 140.167 51.8337 
59.1043 70.4161 149.527 -1.47438e-14 140.057 51.7996 
59.1793 70.4904 149.563 -7.35506e-15 139.947 51.7649 
59.2548 70.5649 149.598 7.33832e-15 139.837 51.7297 
59.3309 70.6396 149.634 -1.46433e-14 139.727 51.6939 
59.4074 70.7145 149.669 -1.46102e-14 139.616 51.6577 
59.4846 70.7897 149.704 2.18658e-14 139.506 51.6208 
59.5622 70.865 149.739 -0 139.396 51.5835 
59.6404 70.9406 149.774 -0 139.285 51.5456 
59.7192 71.0164 149.809 -7.23962e-15 139.174 51.5072 
59.7985 71.0924 149.844 -0 139.064 51.4681 
59.8784 71.1686 149.879 -0 138.953 51.4286 
59.9589 71.245 149.913 -2.15742e-14 138.842 51.3884 
60.0399 71.3216 149.948 -7.17551e-15 138.731 51.3477 
60.1215 71.3984 149.982 -1.43194e-14 138.619 51.3064 
60.2037 71.4754 150.016 1.42879e-14 138.508 51.2645 
60.2865 71.5527 150.051 -0 138.397 51.222 
60.3699 71.6301 150.085 -0 138.285 51.1789 
60.4539 71.7078 150.119 7.09721e-15 138.174 51.1353 
60.5385 71.7857 150.153 -0 138.062 51.091 
60.6237 71.8637 150.186 7.06646e-15 137.95 51.046 
60.7096 71.942 150.22 -1.41024e-14 137.838 51.0005 
60.7961 72.0205 150.253 -0 137.726 50.9543 
60.8832 72.0992 150.287 -2.10628e-14 137.614 50.9075 
60.971 72.178 150.32 -0 137.502 50.86 
61.0594 72.2571 150.353 1.39819e-14 137.389 50.8119 
61.1485 72.3364 150.387 -1.39522e-14 137.277 50.7632 
61.2382 72.4159 150.42 -6.96132e-15 137.165 50.7137 
61.3287 72.4956 150.452 -6.94661e-15 137.052 50.6636 
61.4198 72.5755 150.485 -0 136.939 50.6128 
61.5116 72.6556 150.518 6.91742e-15 136.827 50.5613 
61.604 72.7359 150.55 -1.38059e-14 136.714 50.5092 
61.6972 72.8163 150.583 -0 136.601 50.4563 
61.7911 72.897 150.615 -6.87422e-15 136.488 50.4027 
61.8857 72.9779 150.647 -1.37199e-14 136.375 50.3484 
61.9811 73.0589 150.68 2.05374e-14 136.261 50.2934 
62.0771 73.1402 150.712 6.8317e-15 136.148 50.2376 
62.1739 73.2216 150.744 -1.36353e-14 136.035 50.1811 
62.2715 73.3033 150.775 6.80372e-15 135.921 50.1239 
62.3698 73.3851 150.807 6.78985e-15 135.808 50.0659 
62.4689 73.4671 150.839 -1.35521e-14 135.694 50.0071 
62.5687 73.5493 150.87 6.76231e-15 135.581 49.9476 
62.6694 73.6317 150.901 6.74866e-15 135.467 49.8873 
62.7708 73.7143 150.933 -0 135.353 49.8262 
62.873 73.797 150.964 -6.72157e-15 135.239 49.7643 
62.9761 73.88 150.995 -6.70813e-15 135.125 49.7015 
63.0799 73.9631 151.025 -6.69477e-15 135.011 49.638 
63.1846 74.0464 151.056 -0 134.897 49.5736 
63.2901 74.1299 151.087 1.33365e-14 134.783 49.5084 
63.3964 74.2135 151.117 -0 134.669 49.4424 
63.5036 74.2973 151.148 6.64203e-15 134.555 49.3755 
63.6117 74.3813 151.178 -1.3258e-14 134.441 49.3078 
63.7206 74.4655 151.208 -6.61608e-15 134.326 49.2391 
63.8305 74.5499 151.238 -6.60322e-15 134.212 49.1696 
63.9412 74.6344 151.268 -6.59042e-15 134.097 49.0992 
64.0528 74.7191 151.298 1.31554e-14 133.983 49.0279 
64.1653 74.8039 151.328 -1.96951e-14 133.868 48.9557 
64.2788 74.8889 151.357 -1.31049e-14 133.754 48.8825 
64.3932 74.9741 151.387 -1.30799e-14 133.639 48.8085 
64.5085 75.0595 151.416 1.95825e-14 133.524 48.7334 
64.6248 75.145 151.445 1.30302e-14 133.41 48.6575 
64.7421 75.2306 151.475 -6.5028e-15 133.295 48.5805 
64.8603 75.3165 151.504 -0 133.18 48.5026 
64.9795 75.4024 151.532 -1.29568e-14 133.065 48.4237 
65.0997 75.4886 151.561 1.93989e-14 132.95 48.3438 
65.221 75.5749 151.59 1.29085e-14 132.835 48.2629 
65.3432 75.6613 151.618 -0 132.72 48.1809 
65.4665 75.7479 151.647 -0 132.605 48.098 
65.5909 75.8346 151.675 -6.41854e-15 132.49 48.0139 
65.7163 75.9215 151.703 -6.40677e-15 132.375 47.9288 
65.8427 76.0085 151.731 6.39507e-15 132.26 47.8427 
65.9703 76.0957 151.759 -0 132.145 47.7554 
66.0989 76.183 151.787 6.37187e-15 132.03 47.6671 
66.2287 76.2704 151.814 6.36037e-15 131.915 47.5777 
66.3596 76.358 151.842 -6.34893e-15 131.8 47.4871 
66.4916 76.4456 151.869 -0 131.685 47.3954 
66.6248 76.5335 151.897 -6.32626e-15 131.57 47.3025 
66.7591 76.6214 151.924 -1.263e-14 131.455 47.2085 
66.8946 76.7095 151.951 -6.30384e-15 131.34 47.1133 
67.0313 76.7977 151.978 -6.29274e-15 131.225 47.0169 
67.1692 76.886 152.004 -6.28169e-15 131.109 46.9193 
67.3083 76.9745 152.031 -1.25414e-14 130.994 46.8205 
67.4487 77.063 152.058 -0 130.879 46.7204 
67.5903 77.1517 152.084 -6.24895e-15 130.764 46.6191 
67.7332 77.2405 152.11 -6.23816e-15 130.649 46.5166 
67.8773 77.3293 152.136 -0 130.534 46.4127 
68.0228 77.4183 152.162 -6.21679e-15 130.419 46.3076 
68.1696 77.5074 152.188 -6.20619e-15 130.304 46.2012 
68.3176 77.5966 152.214 -0 130.189 46.0934 
68.4671 77.6859 152.24 -0 130.074 45.9843 
68.6179 77.7753 152.265 -0 129.96 45.8738 
68.77 77.8647 152.291 1.23289e-14 129.845 45.7619 
68.9236 77.9543 152.316 -6.15418e-15 129.73 45.6487 
69.0785 78.0439 152.341 -3.07198e-15 129.615 45.5341 
69.2349 78.1336 152.366 3.06691e-15 129.5 45.418 
69.3928 78.2234 152.391 9.18558e-15 129.386 45.3005 
69.552 78.3133 152.415 -0 129.271 45.1815 
69.7128 78.4033 152.44 -6.10373e-15 129.157 45.061 
69.8751 78.4933 152.464 -0 129.042 44.9391 
70.0389 78.5833 152.489 6.08399e-15 128.928 44.8156 
70.2042 78.6735 152.513 1.21484e-14 128.814 44.6906 
70.3711 78.7637 152.537 -0 128.699 44.564 
70.5395 78.8539 152.561 -3.02742e-15 128.585 44.4359 
70.7095 78.9442 152.585 3.02263e-15 128.471 44.3062 
70.8812 79.0346 152.608 -3.01786e-15 128.357 44.1748 
71.0545 79.125 152.632 -3.01313e-15 128.243 44.0419 
71.2294 79.2154 152.655 1.50421e-14 128.129 43.9073 
71.406 79.3058 152.679 -3.00375e-15 128.016 43.771 
71.5843 79.3963 152.702 -5.99821e-15 127.902 43.633 
71.7643 79.4869 152.725 2.99449e-15 127.788 43.4933 
71.946 79.5774 152.748 -8.96974e-15 127.675 43.3519 
72.1295 79.668 152.77 5.97072e-15 127.562 43.2087 
72.3148 79.7585 152.793 -2.98084e-15 127.449 43.0637 
72.5019 79.8491 152.815 -5.9527e-15 127.336 42.917 
72.6907 79.9397 152.838 -0 127.223 42.7684 
72.8815 80.0303 152.86 -8.90237e-15 127.11 42.618 
73.0741 80.1209 152.882 8.88917e-15 126.997 42.4657 
73.2686 80.2115 152.904 2.95869e-15 126.885 42.3115 
73.465 80.302 152.925 8.86304e-15 126.773 42.1554 
73.6633 80.3926 152.947 2.95004e-15 126.66 41.9974 
73.8636 80.4831 152.968 5.89151e-15 126.548 41.8374 
74.0659 80.5736 152.99 5.88301e-15 126.437 41.6754 
74.2702 80.6641 153.011 2.93729e-15 126.325 41.5114 
74.4766 80.7545 153.032 -1.17324e-14 126.213 41.3454 
74.685 80.8449 153.053 -0 126.102 41.1773 
74.8954 80.9352 153.074 -0 125.991 41.0071 
75.108 81.0255 153.094 -2.9207e-15 125.88 40.8349 
75.3228 81.1157 153.115 -2.91663e-15 125.769 40.6604 
75.5397 81.2059 153.135 2.91259e-15 125.659 40.4839 
75.7588 81.296 153.155 5.81716e-15 125.549 40.3051 
75.9801 81.386 153.175 2.9046e-15 125.439 40.1241 
76.2036 81.4759 153.195 -2.90064e-15 125.329 39.9409 
76.4294 81.5657 153.215 -0 125.219 39.7554 
76.6575 81.6555 153.235 -2.89283e-15 125.11 39.5676 
76.888 81.7451 153.254 5.77793e-15 125.001 39.3774 
77.1208 81.8346 153.274 5.77026e-15 124.892 39.1849 
77.356 81.924 153.293 -5.76265e-15 124.783 38.9901 
77.5935 82.0133 153.312 8.63265e-15 124.675 38.7928 
77.8336 82.1025 153.331 5.74761e-15 124.567 38.5931 
78.0761 82.1915 153.35 1.43504e-15 124.459 38.3909 
78.3211 82.2804 153.368 8.59921e-15 124.351 38.1862 
78.5686 82.3692 153.387 -1.43137e-15 124.244 37.979 
78.8187 82.4578 153.405 -2.85912e-15 124.137 37.7692 
79.0714 82.5462 153.423 2.85552e-15 124.03 37.5568 
79.3267 82.6345 153.441 5.7039e-15 123.924 37.3418 
79.5847 82.7225 153.459 -7.12103e-15 123.818 37.1242 
79.8453 82.8104 153.477 -2.8449e-15 123.712 36.9038 
80.1087 82.8982 153.495 -8.52427e-15 123.607 36.6808 
80.3748 82.9857 153.512 1.41899e-15 123.502 36.455 
80.6437 83.073 153.529 1.41728e-15 123.398 36.2264 
80.9153 83.16 153.547 -1.41558e-15 123.293 35.9951 
81.1899 83.2469 153.564 -4.24169e-15 123.189 35.7609 
81.4673 83.3335 153.581 4.23669e-15 123.086 35.5238 
81.7476 83.4199 153.597 -5.64232e-15 122.983 35.2838 
82.0308 83.506 153.614 -7.04471e-15 122.88 35.0409 
82.317 83.5919 153.63 -2.81464e-15 122.778 34.795 
82.6062 83.6775 153.647 -1.40571e-15 122.676 34.5461 
82.8984 83.7628 153.663 -1.40412e-15 122.574 34.2942 
83.1937 83.8479 153.679 -7.01271e-15 122.473 34.0392 
83.4921 83.9326 153.695 -4.20294e-15 122.373 33.7811 
83.7937 84.0171 153.71 7.69687e-15 122.273 33.5199 
84.0984 84.1012 153.726 -6.98949e-16 122.173 33.2555 
84.4063 84.185 153.741 -0 122.074 32.9879 
84.7174 84.2685 153.756 2.09231e-15 121.975 32.7171 
85.0318 84.3516 153.772 2.78677e-15 121.877 32.443 
85.3494 84.4344 153.786 -4.87169e-15 121.779 32.1657 
85.6704 84.5168 153.801 6.25703e-15 121.682 31.885 
85.9948 84.5988 153.816 -5.55603e-15 121.585 31.6009 
86.3225 84.6805 153.83 -1.38758e-15 121.489 31.3135 
86.6537 84.7617 153.845 -5.8912e-15 121.394 31.0227 
86.9883 84.8426 153.859 2.76953e-15 121.299 30.7284 
87.3264 84.923 153.873 -1.38338e-15 121.204 30.4306 
87.668 85.003 153.887 -3.80053e-15 121.11 30.1293 
88.0132 85.0826 153.9 2.07098e-15 121.017 29.8244 
88.3619 85.1617 153.914 -1.89656e-15 120.924 29.516 
88.7142 85.2404 153.927 8.61244e-16 120.832 29.204 
89.0702 85.3185 153.941 -5.85089e-15 120.741 28.8883 
89.4298 85.3962 153.954 -2.06308e-15 120.65 28.569 
89.7931 85.4734 153.967 -4.83084e-15 120.56 28.246 
90.1602 85.5501 153.98 7.65789e-15 120.47 27.9193 
90.531 85.6263 153.992 -1.54304e-15 120.382 27.5888 
90.9055 85.7019 154.005 6.76615e-15 120.293 27.2546 
91.2839 85.7769 154.017 2.56714e-15 120.206 26.9166 
91.666 85.8515 154.029 -3.24885e-15 120.119 26.5747 
92.052 85.9254 154.041 -2.39181e-15 120.033 26.229 
92.4419 85.9988 154.053 -2.38976e-15 119.948 25.8795 
92.8356 86.0715 154.065 -3.41105e-15 119.864 25.526 
93.2333 86.1436 154.076 -1.36328e-15 119.78 25.1687 
93.6349 86.2152 154.088 -1.02161e-15 119.697 24.8074 
94.0404 86.286 154.099 1.36104e-15 119.615 24.4421 
94.4499 86.3562 154.11 -2.71989e-15 119.534 24.073 
94.8634 86.4258 154.121 6.79432e-16 119.453 23.6998 
95.2809 86.4947 154.132 -5.4312e-15 119.373 23.3226 
95.7024 86.5628 154.142 -1.35675e-15 119.295 22.9415 
96.1279 86.6303 154.153 3.38929e-15 119.217 22.5563 
96.5574 86.6971 154.163 2.7094e-15 119.14 22.167 
96.991 86.7631 154.173 -6.76849e-15 119.064 21.7738 
97.4286 86.8283 154.183 -2.70542e-15 118.988 21.3765 
97.8703 86.8928 154.193 2.02761e-15 118.914 20.9751 
98.316 86.9565 154.203 4.05236e-15 118.841 20.5697 
98.7657 87.0194 154.212 -2.6997e-15 118.768 20.1603 
99.2196 87.0815 154.222 -5.3957e-15 118.697 19.7468 
99.6774 87.1428 154.231 -5.39208e-15 118.626 19.3292 
100.139 87.2032 154.24 -1.34713e-15 118.557 18.9076 
100.605 87.2628 154.249 -5.38502e-15 118.488 18.482 
101.075 87.3215 154.258 2.69079e-15 118.421 18.0523 
101.549 87.3794 154.266 5.37821e-15 118.354 17.6186 
102.027 87.4363 154.275 -2.68745e-15 118.289 17.1809 
102.509 87.4923 154.283 1.34292e-15 118.225 16.7393 
102.995 87.5474 154.291 1.34212e-15 118.162 16.2936 
103.485 87.6016 154.299 2.68269e-15 118.1 15.844 
103.979 87.6548 154.307 -0 118.039 15.3905 
104.477 87.707 154.314 -1.33984e-15 117.979 14.9331 
104.978 87.7582 154.322 6.69557e-15 117.92 14.4718 
105.484 87.8085 154.329 1.3384e-15 117.863 14.0067 
105.993 87.8577 154.336 -2.67542e-15 117.806 13.5378 
106.506 87.9059 154.343 -1.33703e-15 117.751 13.0651 
107.023 87.953 154.35 5.34547e-15 117.697 12.5887 
107.543 87.9991 154.356 5.34289e-15 117.644 12.1087 
108.067 88.0441 154.363 2.67019e-15 117.593 11.625 
108.595 88.0881 154.369 -1.33448e-15 117.543 11.1377 
109.126 88.1309 154.375 5.33556e-15 117.494 10.6469 
109.66 88.1726 154.381 -0 117.446 10.1527 
110.198 88.2132 154.387 -0 117.4 9.655 
110.74 88.2527 154.393 -0 117.354 9.154 
111.284 88.291 154.398 -5.32673e-15 117.311 8.64972 
111.832 88.3281 154.404 -1.06494e-14 117.268 8.14224 
112.383 88.364 154.409 7.98408e-15 117.227 7.63162 
112.937 88.3988 154.414 -5.32082e-15 117.187 7.11795 
113.494 88.4324 154.419 -5.31899e-15 117.149 6.60129 
114.054 88.4647 154.424 -2.65861e-15 117.112 6.08174 
114.616 88.4959 154.428 2.65777e-15 117.076 5.55937 
115.182 88.5257 154.432 -7.97086e-15 117.042 5.03428 
115.75 88.5544 154.437 5.31235e-15 117.009 4.50656 
116.32 88.5818 154.441 -5.31087e-15 116.977 3.9763 
116.893 88.6079 154.445 -5.30945e-15 116.947 3.4436 
117.469 88.6327 154.448 -0 116.919 2.90855 
118.046 88.6563 154.452 -7.96025e-15 116.892 2.37126 
118.626 88.6786 154.455 -5.30563e-15 116.866 1.83184 
119.208 88.6995 154.459 1.32612e-14 116.842 1.29039 
119.792 88.7192 154.462 -5.30343e-15 116.819 0.747018 
120.377 88.7375 154.465 2.65122e-15 116.798 0.201843 
120.964 88.7545 154.467 1.32538e-14 116.778 -0.345024 
121.553 88.7702 154.47 -2.65033e-15 116.76 -0.893465 
122.143 88.7845 154.472 -5.29988e-15 116.743 -1.44336 
122.735 88.7975 154.475 -5.29917e-15 116.728 -1.9946 
123.327 88.8091 154.477 -5.29853e-15 116.714 -2.54705 
123.921 88.8194 154.479 -7.94694e-15 116.702 -3.10058 
124.516 88.8284 154.481 -7.94619e-15 116.691 -3.65509 
125.112 88.8359 154.482 2.64852e-15 116.682 -4.21043 
125.708 88.8421 154.484 -2.64834e-15 116.674 -4.76649 
126.305 88.8469 154.485 5.29639e-15 116.668 -5.32313 
126.903 88.8504 154.486 -5.29618e-15 116.664 -5.88023 
127.5 88.8525 154.487 -2.64802e-15 116.661 -6.43765 
128.098 88.8532 154.488 -5.29597e-15 116.659 -6.99527 
128.696 88.8525 154.488 2.64799e-15 116.659 -7.55295 
129.294 88.8505 154.489 -0 116.661 -8.11057 
129.892 88.8471 154.489 2.64809e-15 116.664 -8.668 
130.489 88.8423 154.489 2.6482e-15 116.668 -9.2251 
131.086 88.8362 154.489 -5.29669e-15 116.675 -9.78174 
131.683 88.8286 154.489 -2.64852e-15 116.682 -10.3378 
132.278 88.8198 154.489 -0 116.691 -10.8932 
132.873 88.8095 154.488 -0 116.702 -11.4477 
133.467 88.7979 154.488 5.29855e-15 116.714 -12.0012 
134.06 88.7849 154.487 -2.64959e-15 116.728 -12.5537 
134.651 88.7706 154.486 1.05998e-14 116.744 -13.1049 
135.241 88.7549 154.485 2.65034e-15 116.76 -13.6548 
135.83 88.7379 154.483 -5.30154e-15 116.779 -14.2033 
136.417 88.7196 154.482 2.65123e-15 116.799 -14.7502 
137.003 88.6999 154.48 5.30347e-15 116.82 -15.2954 
137.587 88.6789 154.478 -7.9568e-15 116.843 -15.8388 
138.168 88.6566 154.476 2.65284e-15 116.867 -16.3802 
138.748 88.633 154.474 2.65344e-15 116.893 -16.9197 
139.326 88.6081 154.472 7.96224e-15 116.92 -17.457 
139.901 88.5819 154.47 2.65475e-15 116.949 -17.9921 
140.474 88.5544 154.467 7.96639e-15 116.979 -18.5248 
141.045 88.5257 154.464 -2.65621e-15 117.01 -19.0551 
141.613 88.4957 154.461 -7.97096e-15 117.043 -19.5828 
142.178 88.4644 154.458 -2.6578e-15 117.078 -20.1079 
142.741 88.4319 154.455 2.65865e-15 117.113 -20.6303 
143.301 88.3982 154.451 5.31907e-15 117.15 -21.1499 
143.858 88.3632 154.448 -1.06418e-14 117.189 -21.6666 
144.412 88.3271 154.444 -1.06456e-14 117.229 -22.1803 
144.963 88.2897 154.44 2.66239e-15 117.27 -22.691 
145.511 88.2512 154.436 -5.32683e-15 117.313 -23.1985 
146.055 88.2115 154.432 7.99342e-15 117.357 -23.7028 
146.597 88.1706 154.427 -7.99669e-15 117.402 -24.2038 
147.135 88.1286 154.423 -2.66669e-15 117.449 -24.7015 
147.669 88.0855 154.418 2.66785e-15 117.496 -25.1958 
148.2 88.0412 154.413 2.66904e-15 117.546 -25.6866 
148.728 87.9959 154.408 8.0108e-15 117.596 -26.1739 
149.252 87.9494 154.403 -2.67153e-15 117.648 -26.6577 
149.773 87.9019 154.397 -5.34564e-15 117.701 -27.1378 
150.289 87.8533 154.392 -5.3483e-15 117.755 -27.6142 
150.802 87.8036 154.386 -2.67551e-15 117.81 -28.0869 
151.312 87.753 154.38 -0 117.867 -28.5558 
151.817 87.7012 154.374 -2.67833e-15 117.924 -29.021 
152.319 87.6485 154.368 2.67979e-15 117.983 -29.4823 
152.816 87.5948 154.362 5.36258e-15 118.043 -29.9398 
153.31 87.5401 154.355 -2.68282e-15 118.105 -30.3933 
153.8 87.4845 154.349 2.68438e-15 118.167 -30.843 
154.286 87.4279 154.342 -0 118.23 -31.2886 
154.768 87.3704 154.335 -2.6876e-15 118.295 -31.7304 
155.246 87.3119 154.328 -0 118.36 -32.1681 
155.72 87.2526 154.32 -5.3819e-15 118.427 -32.6018 
156.19 87.1923 154.313 2.69267e-15 118.495 -33.0315 
156.656 87.1312 154.305 -5.38886e-15 118.564 -33.4572 
157.118 87.0692 154.297 -1.07849e-14 118.633 -33.8789 
157.576 87.0064 154.289 1.07922e-14 118.704 -34.2965 
158.03 86.9427 154.281 -8.09969e-15 118.776 -34.71 
158.48 86.8782 154.273 8.10535e-15 118.849 -35.1195 
158.926 86.813 154.265 5.4074e-15 118.922 -35.525 
159.367 86.7469 154.256 -2.70565e-15 118.997 -35.9263 
159.805 86.68 154.247 5.41527e-15 119.073 -36.3237 
160.239 86.6124 154.238 1.08386e-14 119.149 -36.717 
160.668 86.5441 154.229 -5.42339e-15 119.227 -37.1062 
161.094 86.475 154.22 5.42754e-15 119.305 -37.4915 
161.515 86.4052 154.211 -8.14764e-15 119.384 -37.8727 
161.933 86.3347 154.201 -5.43604e-15 119.464 -38.2499 
162.346 86.2635 154.191 2.72019e-15 119.545 -38.6231 
162.756 86.1917 154.182 2.7224e-15 119.627 -38.9923 
163.161 86.1191 154.172 -5.44927e-15 119.709 -39.3576 
163.563 86.046 154.161 -2.7269e-15 119.793 -39.7189 
163.961 85.9722 154.151 -2.7292e-15 119.877 -40.0763 
164.355 85.8977 154.141 5.46305e-15 119.962 -40.4298 
164.744 85.8227 154.13 4.10083e-15 120.047 -40.7794 
165.131 85.7471 154.119 8.20883e-15 120.134 -41.1251 
165.513 85.6709 154.108 -9.58544e-15 120.221 -41.467 
165.891 85.5941 154.097 -9.59403e-15 120.309 -41.8051 
166.266 85.5168 154.086 6.85909e-15 120.397 -42.1394 
166.637 85.4389 154.074 -4.11922e-15 120.487 -42.4699 
167.004 85.3605 154.063 8.24608e-15 120.577 -42.7966 
167.367 85.2815 154.051 -1.37563e-15 120.667 -43.1197 
167.727 85.2021 154.039 -9.63857e-15 120.759 -43.439 
168.083 85.1222 154.027 9.6478e-15 120.851 -43.7547 
168.435 85.0418 154.015 -2.75918e-15 120.943 -44.0668 
168.784 84.9609 154.003 -5.52376e-15 121.037 -44.3752 
169.129 84.8795 153.99 2.76461e-15 121.13 -44.6801 
169.471 84.7977 153.977 -2.76737e-15 121.225 -44.9814 
169.809 84.7155 153.965 -0 121.32 -45.2793 
170.143 84.6329 153.952 1.38649e-15 121.416 -45.5736 
170.475 84.5498 153.938 8.32749e-15 121.512 -45.8645 
170.802 84.4663 153.925 -5.55742e-15 121.609 -46.152 
171.127 84.3825 153.912 9.73567e-15 121.706 -46.436 
171.448 84.2982 153.898 -8.35369e-15 121.804 -46.7167 
171.765 84.2136 153.884 8.3626e-15 121.902 -46.9941 
172.08 84.1286 153.87 -9.76687e-15 122.001 -47.2682 
172.391 84.0433 153.856 -8.3807e-15 122.1 -47.5391 
172.699 83.9576 153.842 4.19494e-15 122.2 -47.8067 
173.004 83.8716 153.828 6.99931e-15 122.301 -48.0711 
173.305 83.7853 153.813 5.60569e-15 122.401 -48.3324 
173.604 83.6987 153.799 -4.9105e-15 122.503 -48.5905 
173.899 83.6118 153.784 -4.21377e-15 122.604 -48.8455 
174.191 83.5245 153.769 7.03098e-16 122.707 -49.0975 
174.481 83.437 153.754 1.40782e-15 122.809 -49.3464 
174.767 83.3492 153.739 -1.05709e-14 122.912 -49.5923 
175.05 83.2612 153.723 4.93887e-15 123.016 -49.8353 
175.33 83.1729 153.708 1.05958e-14 123.12 -50.0753 
175.608 83.0843 153.692 7.07227e-15 123.224 -50.3124 
175.882 82.9955 153.676 -5.6646e-15 123.329 -50.5466 
176.154 82.9065 153.66 -2.83573e-15 123.434 -50.778 
176.423 82.8172 153.644 9.22733e-15 123.539 -51.0066 
176.689 82.7278 153.627 -9.23865e-15 123.645 -51.2324 
176.952 82.6381 153.611 -1.28078e-14 123.751 -51.4555 
177.213 82.5482 153.594 3.56215e-16 123.857 -51.6759 
177.471 82.4582 153.578 -1.10565e-14 123.964 -51.8935 
177.726 82.3679 153.561 1.78556e-15 124.071 -52.1086 
177.979 82.2775 153.544 3.2181e-15 124.179 -52.321 
178.229 82.1869 153.526 1.07407e-14 124.287 -52.5308 
178.477 82.0962 153.509 -3.22638e-15 124.395 -52.738 
178.722 82.0053 153.492 1.25633e-15 124.503 -52.9427 
178.964 81.9142 153.474 1.07826e-14 124.612 -53.145 
179.204 81.823 153.456 -1.27763e-14 124.721 -53.3447 
179.442 81.7317 153.438 2.97306e-15 124.83 -53.542 
179.677 81.6402 153.42 -5.5932e-15 124.94 -53.7369 
179.91 81.5487 153.402 -3.13911e-15 125.049 -53.9294 
-179.859 81.457 153.384 -7.68877e-16 125.159 -54.1196 
-179.631 81.3652 153.365 -3.62317e-16 125.27 -54.3074 
-179.405 81.2733 153.346 -1.10658e-14 125.38 -54.4929 
-179.182 81.1813 153.328 -1.81656e-15 125.491 -54.6762 
-178.961 81.0892 153.309 -8.54966e-15 125.602 -54.8572 
-178.741 80.9971 153.29 -5.10052e-15 125.713 -55.036 
-178.525 80.9048 153.27 6.567e-15 125.825 -55.2126 
-178.31 80.8125 153.251 1.42486e-14 125.937 -55.387 
-178.097 80.7201 153.231 -1.24395e-14 126.048 -55.5593 
-177.887 80.6277 153.212 9.89252e-15 126.161 -55.7295 
-177.678 80.5352 153.192 1.46766e-14 126.273 -55.8976 
-177.472 80.4427 153.172 4.40935e-15 126.385 -56.0637 
-177.268 80.3501 153.152 1.39832e-14 126.498 -56.2277 
-177.065 80.2575 153.132 -1.47407e-15 126.611 -56.3897 
-176.865 80.1648 153.111 -1.03337e-14 126.724 -56.5497 
-176.667 80.0722 153.091 -5.17446e-15 126.837 -56.7078 
-176.47 79.9795 153.07 -1.62868e-14 126.95 -56.8639 
-176.276 79.8867 153.049 1.48283e-14 127.064 -57.0181 
-176.083 79.794 153.028 -1.03954e-14 127.178 -57.1704 
-175.892 79.7013 153.007 2.23095e-15 127.291 -57.3208 
-175.703 79.6085 152.986 -1.48956e-15 127.405 -57.4694 
-175.516 79.5158 152.965 1.34265e-14 127.52 -57.6162 
-175.331 79.4231 152.943 1.1953e-14 127.634 -57.7612 
-175.147 79.3303 152.922 6.73394e-15 127.748 -57.9044 
-174.966 79.2376 152.9 1.42381e-14 127.863 -58.0458 
-174.786 79.1449 152.878 -0 127.977 -58.1855 
-174.607 79.0523 152.856 -4.51033e-15 128.092 -58.3235 
-174.431 78.9596 152.834 -0 128.207 -58.4598 
-174.256 78.867 152.811 -1.35738e-14 128.322 -58.5945 
-174.082 78.7744 152.789 7.55298e-15 128.437 -58.7274 
-173.911 78.6819 152.766 6.05205e-15 128.552 -58.8588 
-173.741 78.5894 152.744 -9.09266e-15 128.667 -58.9885 
-173.572 78.4969 152.721 6.07156e-15 128.782 -59.1167 
-173.405 78.4046 152.698 -1.82443e-14 128.898 -59.2432 
-173.24 78.3122 152.675 -9.13701e-15 129.013 -59.3683 
-173.076 78.2199 152.651 -1.52533e-14 129.129 -59.4918 
-172.914 78.1277 152.628 -7.63921e-15 129.244 -59.6137 
-172.753 78.0355 152.604 -1.07126e-14 129.36 -59.7342 
-172.594 77.9434 152.581 -1.53291e-15 129.476 -59.8532 
-172.436 77.8514 152.557 1.38193e-14 129.592 -59.9707 
-172.28 77.7595 152.533 -9.22829e-15 129.708 -60.0868 
-172.125 77.6676 152.509 -7.7032e-15 129.824 -60.2015 
-171.971 77.5758 152.485 -7.71624e-15 129.94 -60.3147 
-171.819 77.4841 152.46 2.00964e-14 130.056 -60.4266 
-171.668 77.3925 152.436 -7.74257e-15 130.172 -60.5371 
-171.519 77.301 152.411 -1.24094e-14 130.288 -60.6462 
-171.371 77.2096 152.386 -1.39846e-14 130.404 -60.754 
-171.224 77.1182 152.362 -0 130.52 -60.8605 
-171.078 77.027 152.337 1.87109e-14 130.636 -60.9656 
-170.934 76.9359 152.311 9.3718e-15 130.753 -61.0695 
-170.791 76.8448 152.286 1.09529e-14 130.869 -61.1721 
-170.65 76.7539 152.261 3.13492e-15 130.985 -61.2734 
-170.509 76.6631 152.235 -1.25619e-14 131.102 -61.3734 
-170.37 76.5724 152.21 1.88763e-14 131.218 -61.4723 
-170.232 76.4818 152.184 -1.26067e-14 131.334 -61.5699 
-170.096 76.3914 152.158 -1.57866e-14 131.451 -61.6663 
-169.96 76.301 152.132 1.5815e-14 131.567 -61.7615 
-169.826 76.2108 152.106 -1.26748e-14 131.683 -61.8555 
-169.692 76.1207 152.079 1.58723e-14 131.8 -61.9484 
-169.56 76.0308 152.053 1.90814e-14 131.916 -62.0401 
-169.43 75.9409 152.026 -0 132.033 -62.1307 
-169.3 75.8512 152 -1.59595e-14 132.149 -62.2201 
-169.171 75.7617 151.973 -6.39558e-15 132.265 -62.3085 
-169.044 75.6722 151.946 1.60185e-14 132.382 -62.3957 
-168.917 75.5829 151.919 -0 132.498 -62.4819 
-168.792 75.4938 151.892 -9.64695e-15 132.614 -62.567 
-168.667 75.4048 151.865 -1.933e-14 132.731 -62.651 
-168.544 75.3159 151.837 -3.22773e-15 132.847 -62.734 
-168.422 75.2272 151.81 -6.46765e-15 132.963 -62.816 
-168.3 75.1386 151.782 -3.23995e-15 133.079 -62.8969 
-168.18 75.0502 151.754 3.24612e-15 133.196 -62.9768 
-168.061 74.962 151.726 -6.50463e-15 133.312 -63.0558 
-167.943 74.8738 151.698 9.77564e-15 133.428 -63.1337 
-167.826 74.7859 151.67 9.79445e-15 133.544 -63.2106 
-167.709 74.6981 151.642 -2.28979e-14 133.66 -63.2866 
-167.594 74.6105 151.613 3.27746e-15 133.776 -63.3617 
-167.479 74.523 151.585 -1.9703e-14 133.892 -63.4357 
-167.366 74.4357 151.556 2.30318e-14 134.008 -63.5089 
-167.253 74.3486 151.527 1.64835e-14 134.124 -63.5811 
-167.142 74.2616 151.498 2.64255e-14 134.24 -63.6524 
-167.031 74.1748 151.469 9.92913e-15 134.356 -63.7228 
-166.921 74.0881 151.44 -1.98976e-14 134.472 -63.7924 
-166.812 74.0017 151.411 -9.96859e-15 134.587 -63.861 
-166.704 73.9154 151.382 -1.3318e-14 134.703 -63.9288 
-166.597 73.8293 151.352 -6.67233e-15 134.819 -63.9957 
-166.491 73.7433 151.323 2.00572e-14 134.934 -64.0617 
-166.385 73.6576 151.293 -3.34961e-15 135.05 -64.1269 
-166.28 73.572 151.263 6.71279e-15 135.165 -64.1913 
-166.177 73.4866 151.233 -0 135.28 -64.2548 
-166.074 73.4014 151.203 3.37007e-15 135.396 -64.3176 
-165.971 73.3163 151.173 -6.75392e-15 135.511 -64.3795 
-165.87 73.2315 151.142 1.01517e-14 135.626 -64.4406 
-165.769 73.1468 151.112 -1.35634e-14 135.741 -64.5009 
-165.669 73.0623 151.081 2.03872e-14 135.856 -64.5605 
-165.57 72.978 151.051 -3.40491e-15 135.971 -64.6192 
-165.472 72.8939 151.02 -0 136.086 -64.6773 
-165.374 72.81 150.989 2.7353e-14 136.201 -64.7345 
-165.278 72.7263 150.958 -2.05577e-14 136.316 -64.791 
-165.182 72.6427 150.927 -3.43348e-15 136.43 -64.8468 
-165.086 72.5594 150.896 -2.75258e-14 136.545 -64.9018 
-164.992 72.4762 150.864 1.3792e-14 136.659 -64.9561 
-164.898 72.3933 150.833 -2.41872e-14 136.774 -65.0097 
-164.805 72.3105 150.801 -3.46268e-15 136.888 -65.0626 
-164.712 72.228 150.77 2.77606e-14 137.002 -65.1148 
-164.62 72.1456 150.738 1.73876e-14 137.116 -65.1662 
-164.529 72.0634 150.706 6.96999e-15 137.231 -65.217 
-164.439 71.9815 150.674 2.09551e-14 137.345 -65.2672 
-164.349 71.8997 150.642 7.00014e-15 137.458 -65.3166 
-164.26 71.8181 150.61 -7.01534e-15 137.572 -65.3654 
-164.171 71.7368 150.577 1.40612e-14 137.686 -65.4135 
-164.084 71.6556 150.545 -2.81839e-14 137.8 -65.461 
-163.997 71.5747 150.512 -1.41229e-14 137.913 -65.5078 
-163.91 71.4939 150.479 7.07696e-15 138.027 -65.554 
-163.824 71.4134 150.447 1.41851e-14 138.14 -65.5995 
-163.739 71.3331 150.414 2.8433e-14 138.253 -65.6444 
-163.654 71.2529 150.381 -7.12404e-15 138.366 -65.6888 
-163.57 71.173 150.348 -0 138.479 -65.7325 
-163.487 71.0933 150.314 7.15584e-15 138.592 -65.7755 
-163.404 71.0138 150.281 -7.17187e-15 138.705 -65.818 
-163.322 70.9345 150.248 2.1564e-14 138.818 -65.8599 
-163.24 70.8555 150.214 7.20419e-15 138.93 -65.9012 
-163.159 70.7766 150.18 -1.4441e-14 139.043 -65.942 
-163.079 70.6979 150.147 -2.17106e-14 139.155 -65.9821 
-162.999 70.6195 150.113 -2.17599e-14 139.268 -66.0217 
