-165.449 70.2398 148.76 -1.50415e-14 141 -104.053 
-165.448 70.2404 148.76 -2.25619e-14 140.999 -104.053 
-165.448 70.2412 148.761 2.25612e-14 140.998 -104.053 
-165.446 70.2425 148.762 -2.25603e-14 140.996 -104.053 
-165.445 70.2441 148.762 -0 140.994 -104.054 
-165.443 70.2461 148.763 2.25577e-14 140.991 -104.054 
-165.441 70.2484 148.765 -2.2556e-14 140.987 -104.055 
-165.439 70.2511 148.766 2.2554e-14 140.983 -104.056 
-165.436 70.2541 148.768 -3.0069e-14 140.978 -104.056 
-165.433 70.2575 148.769 7.51642e-15 140.973 -104.057 
-165.429 70.2613 148.771 -3.0062e-14 140.967 -104.058 
-165.426 70.2654 148.773 3.00579e-14 140.961 -104.059 
-165.422 70.2699 148.776 2.25402e-14 140.954 -104.06 
-165.417 70.2747 148.778 3.00488e-14 140.947 -104.062 
-165.412 70.2799 148.781 -3.00437e-14 140.939 -104.063 
-165.407 70.2855 148.784 2.25287e-14 140.931 -104.064 
-165.402 70.2914 148.787 -3.00325e-14 140.922 -104.066 
-165.396 70.2977 148.79 -3.00264e-14 140.912 -104.068 
-165.39 70.3043 148.793 -0 140.902 -104.069 
-165.384 70.3113 148.797 -1.50066e-14 140.892 -104.071 
-165.377 70.3187 148.801 2.25045e-14 140.881 -104.073 
-165.37 70.3264 148.805 2.24988e-14 140.869 -104.075 
-165.363 70.3345 148.809 1.49953e-14 140.857 -104.077 
-165.355 70.3429 148.813 -2.24868e-14 140.844 -104.079 
-165.347 70.3518 148.818 7.49346e-15 140.831 -104.082 
-165.339 70.3609 148.822 -1.49825e-14 140.817 -104.084 
-165.33 70.3705 148.827 2.99557e-14 140.802 -104.087 
-165.321 70.3804 148.832 2.24596e-14 140.788 -104.089 
-165.311 70.3906 148.837 -7.48405e-15 140.772 -104.092 
-165.302 70.4013 148.843 7.48149e-15 140.756 -104.095 
-165.292 70.4122 148.848 -3.73942e-14 140.739 -104.098 
-165.281 70.4236 148.854 2.24283e-14 140.722 -104.101 
-165.27 70.4353 148.86 -0 140.705 -104.104 
-165.259 70.4474 148.866 2.98816e-14 140.686 -104.107 
-165.248 70.4599 148.872 -2.98696e-14 140.668 -104.11 
-165.236 70.4727 148.879 2.2393e-14 140.648 -104.114 
-165.224 70.4859 148.886 1.49224e-14 140.629 -104.118 
-165.212 70.4995 148.892 -2.23738e-14 140.608 -104.121 
-165.199 70.5134 148.899 -2.98185e-14 140.587 -104.125 
-165.186 70.5277 148.907 2.98049e-14 140.566 -104.129 
-165.172 70.5424 148.914 -1.48955e-14 140.544 -104.133 
-165.158 70.5574 148.922 2.97767e-14 140.521 -104.137 
-165.144 70.5729 148.929 2.97621e-14 140.498 -104.141 
-165.129 70.5887 148.937 1.48736e-14 140.474 -104.146 
-165.114 70.6048 148.945 7.43297e-15 140.45 -104.15 
-165.099 70.6214 148.954 -3.71454e-14 140.425 -104.155 
-165.083 70.6383 148.962 7.4251e-15 140.4 -104.16 
-165.067 70.6556 148.971 -7.42105e-15 140.374 -104.165 
-165.051 70.6733 148.979 -2.22507e-14 140.347 -104.17 
-165.034 70.6913 148.988 -2.96508e-14 140.32 -104.175 
-165.017 70.7097 148.998 1.48168e-14 140.293 -104.18 
-165 70.7285 149.007 -2.22121e-14 140.265 -104.186 
-164.982 70.7477 149.016 -1.47991e-14 140.236 -104.191 
-164.963 70.7673 149.026 2.21851e-14 140.207 -104.197 
-164.945 70.7872 149.036 1.47808e-14 140.177 -104.203 
-164.926 70.8076 149.046 1.47715e-14 140.147 -104.209 
-164.906 70.8283 149.056 2.21429e-14 140.116 -104.215 
-164.887 70.8494 149.066 -7.37612e-15 140.084 -104.221 
-164.866 70.8709 149.077 2.94848e-14 140.052 -104.228 
-164.846 70.8928 149.088 -1.47324e-14 140.02 -104.235 
-164.825 70.915 149.098 -2.20834e-14 139.986 -104.241 
-164.804 70.9377 149.11 -2.94239e-14 139.953 -104.248 
-164.782 70.9607 149.121 7.35075e-15 139.919 -104.255 
-164.76 70.9841 149.132 -2.20363e-14 139.884 -104.263 
-164.737 71.0079 149.144 1.46801e-14 139.848 -104.27 
-164.714 71.0322 149.155 2.20039e-14 139.812 -104.278 
-164.691 71.0568 149.167 -1.46582e-14 139.776 -104.285 
-164.667 71.0818 149.179 2.9294e-14 139.739 -104.293 
-164.643 71.1072 149.192 -1.46356e-14 139.701 -104.301 
-164.619 71.133 149.204 3.65604e-14 139.663 -104.31 
-164.594 71.1591 149.216 1.46125e-14 139.624 -104.318 
-164.569 71.1857 149.229 -1.46008e-14 139.585 -104.327 
-164.543 71.2127 149.242 -0 139.545 -104.335 
-164.517 71.2401 149.255 -2.18652e-14 139.505 -104.344 
-164.49 71.2679 149.268 -3.64114e-14 139.464 -104.354 
-164.463 71.2961 149.282 -2.91044e-14 139.422 -104.363 
-164.435 71.3247 149.295 2.18096e-14 139.38 -104.373 
-164.407 71.3537 149.309 2.17907e-14 139.337 -104.382 
-164.379 71.3831 149.323 1.45144e-14 139.294 -104.392 
-164.35 71.413 149.337 7.25073e-15 139.25 -104.403 
-164.321 71.4432 149.351 -1.44884e-14 139.206 -104.413 
-164.291 71.4738 149.365 -0 139.161 -104.424 
-164.261 71.5049 149.38 -2.1693e-14 139.115 -104.434 
-164.231 71.5364 149.395 -0 139.069 -104.445 
-164.2 71.5683 149.409 2.16525e-14 139.022 -104.457 
-164.168 71.6006 149.424 -2.16319e-14 138.975 -104.468 
-164.136 71.6333 149.439 -0 138.927 -104.48 
-164.104 71.6664 149.455 -7.19675e-15 138.879 -104.492 
-164.071 71.7 149.47 7.18971e-15 138.83 -104.504 
-164.037 71.734 149.486 2.15478e-14 138.78 -104.517 
-164.003 71.7684 149.502 -7.17544e-15 138.73 -104.529 
-163.969 71.8032 149.517 -0 138.679 -104.542 
-163.934 71.8385 149.533 -2.14828e-14 138.628 -104.556 
-163.899 71.8741 149.55 -2.14607e-14 138.576 -104.569 
-163.863 71.9103 149.566 -7.14616e-15 138.524 -104.583 
-163.826 71.9468 149.583 -1.42774e-14 138.471 -104.597 
-163.79 71.9838 149.599 2.13934e-14 138.417 -104.611 
-163.752 72.0212 149.616 -2.13707e-14 138.363 -104.626 
-163.714 72.059 149.633 3.55795e-14 138.308 -104.64 
-163.676 72.0973 149.65 -2.13246e-14 138.253 -104.656 
-163.637 72.136 149.667 1.42009e-14 138.197 -104.671 
-163.597 72.1752 149.685 7.0926e-15 138.14 -104.687 
-163.557 72.2148 149.702 2.12542e-14 138.083 -104.703 
-163.517 72.2548 149.72 -2.83071e-14 138.025 -104.719 
-163.476 72.2953 149.738 -0 137.967 -104.736 
-163.434 72.3362 149.756 -7.06075e-15 137.908 -104.753 
-163.392 72.3776 149.774 -0 137.849 -104.77 
-163.349 72.4195 149.792 -0 137.789 -104.788 
-163.306 72.4617 149.81 2.81451e-14 137.728 -104.806 
-163.262 72.5045 149.829 -7.02803e-15 137.667 -104.824 
-163.217 72.5477 149.847 -2.10591e-14 137.605 -104.843 
-163.172 72.5913 149.866 -1.40227e-14 137.542 -104.862 
-163.126 72.6354 149.885 -3.50147e-14 137.479 -104.881 
-163.08 72.68 149.904 2.79779e-14 137.416 -104.901 
-163.033 72.725 149.923 -1.39719e-14 137.352 -104.921 
-162.986 72.7704 149.943 -2.09322e-14 137.287 -104.941 
-162.938 72.8164 149.962 6.96878e-15 137.221 -104.962 
-162.889 72.8628 149.982 -0 137.155 -104.983 
-162.839 72.9097 150.001 1.39028e-14 137.089 -105.005 
-162.789 72.957 150.021 1.38853e-14 137.022 -105.027 
-162.739 73.0048 150.041 2.77355e-14 136.954 -105.05 
-162.687 73.0531 150.061 -6.92503e-15 136.885 -105.073 
-162.635 73.1019 150.082 -6.91614e-15 136.817 -105.096 
-162.583 73.1511 150.102 -2.76288e-14 136.747 -105.12 
-162.529 73.2008 150.122 -6.89823e-15 136.677 -105.144 
-162.475 73.251 150.143 2.06676e-14 136.606 -105.169 
-162.421 73.3017 150.164 -0 136.535 -105.194 
-162.365 73.3529 150.185 6.87105e-15 136.463 -105.219 
-162.309 73.4045 150.205 2.05857e-14 136.39 -105.245 
-162.252 73.4566 150.227 -0 136.317 -105.272 
-162.195 73.5092 150.248 -1.3687e-14 136.243 -105.299 
-162.136 73.5623 150.269 -6.83423e-15 136.169 -105.326 
-162.077 73.6159 150.29 -6.82493e-15 136.094 -105.354 
-162.017 73.67 150.312 -6.81559e-15 136.018 -105.383 
-161.957 73.7246 150.334 -0 135.942 -105.412 
-161.896 73.7797 150.355 -6.7968e-15 135.865 -105.442 
-161.833 73.8353 150.377 -1.35747e-14 135.788 -105.472 
-161.771 73.8913 150.399 -0 135.709 -105.502 
-161.707 73.9479 150.421 2.03051e-14 135.631 -105.534 
-161.642 74.005 150.443 -6.7588e-15 135.552 -105.566 
-161.577 74.0626 150.466 -6.74922e-15 135.472 -105.598 
-161.511 74.1207 150.488 -2.02188e-14 135.391 -105.631 
-161.444 74.1793 150.511 2.01899e-14 135.31 -105.665 
-161.376 74.2384 150.533 1.34405e-14 135.228 -105.699 
-161.307 74.298 150.556 1.34211e-14 135.146 -105.734 
-161.238 74.3582 150.579 2.01025e-14 135.063 -105.769 
-161.167 74.4188 150.602 2.67642e-14 134.98 -105.806 
-161.096 74.48 150.625 -0 134.896 -105.842 
-161.024 74.5417 150.648 -6.67143e-15 134.811 -105.88 
-160.95 74.6039 150.671 -1.99847e-14 134.725 -105.918 
-160.876 74.6666 150.694 -6.6517e-15 134.639 -105.957 
-160.801 74.7299 150.717 6.64179e-15 134.553 -105.997 
-160.725 74.7937 150.741 -6.63186e-15 134.466 -106.037 
-160.648 74.858 150.764 6.62191e-15 134.378 -106.078 
-160.57 74.9228 150.788 2.64477e-14 134.289 -106.12 
-160.491 74.9882 150.812 1.32039e-14 134.2 -106.163 
-160.411 75.0541 150.835 -6.5919e-15 134.111 -106.206 
-160.33 75.1205 150.859 -1.97456e-14 134.02 -106.25 
-160.248 75.1875 150.883 -6.57179e-15 133.929 -106.295 
-160.165 75.255 150.907 1.96851e-14 133.838 -106.341 
-160.081 75.323 150.931 -1.96548e-14 133.746 -106.388 
-159.995 75.3916 150.955 6.54147e-15 133.653 -106.435 
-159.909 75.4607 150.98 -0 133.56 -106.483 
-159.821 75.5304 151.004 1.30423e-14 133.466 -106.533 
-159.733 75.6006 151.028 6.51099e-15 133.371 -106.583 
-159.643 75.6713 151.053 -6.5008e-15 133.276 -106.634 
-159.552 75.7426 151.077 6.49059e-15 133.18 -106.686 
-159.46 75.8144 151.102 -0 133.084 -106.739 
-159.366 75.8868 151.126 -0 132.987 -106.793 
-159.272 75.9598 151.151 -1.29198e-14 132.889 -106.848 
-159.176 76.0332 151.176 6.44961e-15 132.791 -106.904 
-159.079 76.1073 151.201 6.43934e-15 132.692 -106.961 
-158.98 76.1819 151.226 -1.92872e-14 132.593 -107.019 
-158.881 76.257 151.25 -1.28375e-14 132.493 -107.078 
-158.78 76.3327 151.275 1.28169e-14 132.392 -107.138 
-158.677 76.409 151.3 -6.39814e-15 132.291 -107.2 
-158.573 76.4858 151.326 -1.91634e-14 132.189 -107.262 
-158.468 76.5632 151.351 -1.2755e-14 132.086 -107.326 
-158.362 76.6411 151.376 6.36714e-15 131.983 -107.39 
-158.254 76.7196 151.401 -6.3568e-15 131.879 -107.456 
-158.144 76.7987 151.426 1.90394e-14 131.775 -107.523 
-158.033 76.8783 151.452 2.53444e-14 131.67 -107.592 
-157.921 76.9584 151.477 1.89772e-14 131.565 -107.662 
-157.807 77.0392 151.502 -0 131.459 -107.733 
-157.691 77.1205 151.528 -6.30502e-15 131.352 -107.805 
-157.574 77.2023 151.553 -1.25893e-14 131.245 -107.879 
-157.456 77.2848 151.579 -6.28429e-15 131.137 -107.954 
-157.335 77.3677 151.604 6.27393e-15 131.028 -108.03 
-157.213 77.4513 151.63 -0 130.919 -108.108 
-157.09 77.5354 151.655 6.2532e-15 130.809 -108.187 
-156.964 77.6201 151.681 1.24857e-14 130.699 -108.268 
-156.837 77.7053 151.706 -6.23248e-15 130.588 -108.35 
-156.708 77.7911 151.732 -1.86664e-14 130.477 -108.434 
-156.578 77.8775 151.758 -6.21178e-15 130.365 -108.52 
-156.445 77.9644 151.783 -0 130.252 -108.607 
-156.311 78.0519 151.809 -1.23822e-14 130.139 -108.695 
-156.174 78.1399 151.834 -6.18077e-15 130.026 -108.786 
-156.036 78.2286 151.86 6.17044e-15 129.911 -108.878 
-155.896 78.3177 151.886 1.23203e-14 129.796 -108.972 
-155.753 78.4075 151.911 -6.14982e-15 129.681 -109.067 
-155.609 78.4975 151.937 -0 129.565 -109.164 
-155.464 78.5877 151.963 6.12934e-15 129.45 -109.263 
-155.318 78.678 151.988 1.22384e-14 129.334 -109.363 
-155.169 78.7683 152.013 6.1091e-15 129.218 -109.464 
-155.02 78.8588 152.038 -6.09907e-15 129.103 -109.566 
-154.869 78.9494 152.063 1.82673e-14 128.987 -109.67 
-154.717 79.04 152.088 6.0792e-15 128.872 -109.776 
-154.563 79.1308 152.113 6.06935e-15 128.756 -109.883 
-154.408 79.2216 152.137 -1.21191e-14 128.641 -109.991 
-154.251 79.3125 152.162 -0 128.526 -110.101 
-154.093 79.4035 152.186 1.81205e-14 128.41 -110.212 
-153.933 79.4946 152.21 -1.80917e-14 128.295 -110.325 
-153.772 79.5857 152.234 6.02102e-15 128.18 -110.44 
-153.609 79.6769 152.258 -6.01154e-15 128.065 -110.556 
-153.445 79.7682 152.282 -0 127.95 -110.673 
-153.279 79.8595 152.306 -0 127.835 -110.793 
-153.111 79.9509 152.329 -0 127.72 -110.914 
-152.942 80.0423 152.353 -5.97418e-15 127.605 -111.036 
-152.771 80.1338 152.376 -5.96499e-15 127.49 -111.16 
-152.598 80.2254 152.399 1.19117e-14 127.376 -111.286 
-152.424 80.317 152.422 -0 127.261 -111.414 
-152.248 80.4086 152.445 -5.93777e-15 127.146 -111.543 
-152.07 80.5002 152.468 -1.77865e-14 127.032 -111.674 
-151.89 80.5919 152.49 5.91992e-15 126.918 -111.807 
-151.709 80.6836 152.513 -1.77333e-14 126.804 -111.942 
-151.525 80.7754 152.535 -1.18046e-14 126.69 -112.078 
-151.34 80.8671 152.557 1.17872e-14 126.576 -112.216 
-151.153 80.9589 152.579 5.88492e-15 126.462 -112.357 
-150.964 81.0507 152.601 -0 126.348 -112.499 
-150.773 81.1425 152.623 -5.86777e-15 126.234 -112.643 
-150.58 81.2343 152.645 5.85928e-15 126.121 -112.789 
-150.386 81.326 152.666 1.17017e-14 126.008 -112.937 
-150.189 81.4178 152.688 5.84247e-15 125.895 -113.087 
-149.99 81.5096 152.709 -5.83416e-15 125.782 -113.239 
-149.789 81.6013 152.73 -5.8259e-15 125.669 -113.393 
-149.586 81.693 152.751 -5.8177e-15 125.556 -113.549 
-149.381 81.7847 152.772 -5.80956e-15 125.444 -113.708 
-149.174 81.8764 152.792 1.16029e-14 125.331 -113.868 
-148.964 81.968 152.813 5.79344e-15 125.219 -114.031 
-148.753 82.0596 152.833 -0 125.107 -114.195 
-148.539 82.1511 152.854 -1.73327e-14 124.995 -114.362 
-148.323 82.2426 152.874 5.7697e-15 124.884 -114.532 
-148.104 82.334 152.894 5.7619e-15 124.772 -114.703 
-147.884 82.4253 152.914 1.15083e-14 124.661 -114.877 
-147.661 82.5165 152.933 -0 124.55 -115.053 
-147.435 82.6077 152.953 5.73885e-15 124.439 -115.232 
-147.207 82.6988 152.972 1.14626e-14 124.329 -115.413 
-146.977 82.7898 152.992 5.72377e-15 124.219 -115.597 
-146.744 82.8807 153.011 5.71631e-15 124.109 -115.783 
-146.509 82.9715 153.03 -0 123.999 -115.971 
-146.271 83.0622 153.048 -0 123.889 -116.162 
-146.031 83.1528 153.067 -1.13886e-14 123.78 -116.356 
-145.788 83.2432 153.086 5.68706e-15 123.671 -116.552 
-145.542 83.3336 153.104 -5.67989e-15 123.562 -116.751 
-145.294 83.4237 153.122 5.67277e-15 123.454 -116.952 
-145.043 83.5138 153.141 -5.66572e-15 123.346 -117.156 
-144.789 83.6036 153.159 -5.65871e-15 123.238 -117.363 
-144.533 83.6934 153.176 5.65177e-15 123.13 -117.573 
-144.273 83.7829 153.194 5.64488e-15 123.023 -117.785 
-144.011 83.8723 153.212 -0 122.916 -118.001 
-143.746 83.9615 153.229 -5.63128e-15 122.809 -118.219 
-143.478 84.0505 153.246 -0 122.703 -118.44 
-143.207 84.1393 153.264 -1.12358e-14 122.597 -118.664 
-142.933 84.2278 153.281 -5.61131e-15 122.492 -118.891 
-142.656 84.3162 153.297 -1.68143e-14 122.386 -119.121 
-142.376 84.4044 153.314 -5.59827e-15 122.282 -119.354 
-142.093 84.4923 153.331 5.59184e-15 122.177 -119.591 
-141.807 84.58 153.347 5.58547e-15 122.073 -119.83 
-141.518 84.6674 153.363 -0 121.969 -120.073 
-141.225 84.7545 153.379 5.57289e-15 121.866 -120.319 
-140.929 84.8414 153.395 1.11334e-14 121.763 -120.568 
-140.63 84.928 153.411 5.56055e-15 121.661 -120.82 
-140.327 85.0144 153.427 -5.55446e-15 121.559 -121.076 
-140.022 85.1004 153.442 -5.54843e-15 121.457 -121.335 
-139.712 85.1861 153.458 -0 121.356 -121.597 
-139.4 85.2715 153.473 -0 121.256 -121.863 
-139.083 85.3565 153.488 -5.53068e-15 121.156 -122.133 
-138.764 85.4413 153.503 5.52488e-15 121.056 -122.406 
-138.44 85.5257 153.518 2.75957e-15 120.957 -122.682 
-138.113 85.6097 153.532 2.75673e-15 120.858 -122.962 
-137.783 85.6933 153.547 -2.75391e-15 120.76 -123.246 
-137.448 85.7766 153.561 -2.75113e-15 120.662 -123.534 
-137.11 85.8595 153.575 -0 120.565 -123.825 
-136.769 85.9419 153.589 2.74565e-15 120.469 -124.12 
-136.423 86.024 153.603 8.22885e-15 120.373 -124.419 
-136.074 86.1056 153.617 5.48056e-15 120.278 -124.721 
-135.72 86.1868 153.63 -1.36882e-14 120.183 -125.028 
-135.363 86.2675 153.644 5.47006e-15 120.089 -125.338 
-135.002 86.3478 153.657 5.4649e-15 119.995 -125.652 
-134.637 86.4276 153.67 8.1897e-15 119.902 -125.971 
-134.268 86.5069 153.683 5.45476e-15 119.81 -126.293 
-133.894 86.5857 153.696 -0 119.719 -126.619 
-133.517 86.664 153.708 2.72242e-15 119.628 -126.95 
-133.136 86.7417 153.721 -1.088e-14 119.537 -127.285 
-132.75 86.8189 153.733 2.71759e-15 119.448 -127.623 
-132.36 86.8956 153.745 -5.43042e-15 119.359 -127.966 
-131.966 86.9717 153.757 -0 119.271 -128.314 
-131.568 87.0472 153.769 -0 119.183 -128.665 
-131.165 87.1221 153.781 -1.08331e-14 119.097 -129.021 
-130.758 87.1964 153.793 5.41203e-15 119.011 -129.381 
-130.347 87.2701 153.804 -8.11137e-15 118.926 -129.745 
-129.932 87.3431 153.815 1.3508e-14 118.842 -130.114 
-129.512 87.4155 153.826 -8.0983e-15 118.758 -130.487 
-129.087 87.4872 153.837 8.0919e-15 118.675 -130.865 
-128.658 87.5583 153.848 -0 118.593 -131.247 
-128.225 87.6286 153.859 -1.34656e-14 118.513 -131.634 
-127.787 87.6983 153.869 -5.38217e-15 118.432 -132.025 
-127.345 87.7672 153.88 8.06722e-15 118.353 -132.42 
-126.898 87.8353 153.89 -5.37419e-15 118.275 -132.82 
-126.446 87.9027 153.9 8.05543e-15 118.197 -133.225 
-125.99 87.9693 153.91 -2.68323e-15 118.121 -133.634 
-125.53 88.0352 153.919 -2.68134e-15 118.045 -134.048 
-125.065 88.1002 153.929 -1.07179e-14 117.971 -134.466 
-124.595 88.1644 153.938 8.03297e-15 117.897 -134.889 
-124.121 88.2278 153.948 -0 117.825 -135.316 
-123.642 88.2903 153.957 8.02231e-15 117.753 -135.749 
-123.158 88.3519 153.966 -2.67237e-15 117.682 -136.185 
-122.67 88.4127 153.974 2.67067e-15 117.613 -136.626 
-122.178 88.4726 153.983 -0 117.544 -137.072 
-121.681 88.5315 153.992 5.33475e-15 117.477 -137.522 
-121.179 88.5895 154 7.99731e-15 117.411 -137.977 
-120.673 88.6466 154.008 -0 117.345 -138.437 
-120.162 88.7026 154.016 -2.66266e-15 117.281 -138.901 
-119.647 88.7577 154.024 -5.32231e-15 117.218 -139.369 
-119.127 88.8118 154.032 -2.65968e-15 117.157 -139.842 
-118.603 88.8649 154.039 5.31648e-15 117.096 -140.319 
-118.074 88.917 154.046 -1.06273e-14 117.037 -140.801 
-117.541 88.968 154.054 1.06218e-14 116.978 -141.287 
-117.004 89.0179 154.061 -5.30823e-15 116.921 -141.778 
-116.463 89.0668 154.067 -7.95842e-15 116.866 -142.272 
-115.917 89.1145 154.074 -2.65153e-15 116.811 -142.771 
-115.367 89.1612 154.081 5.30058e-15 116.758 -143.274 
-114.813 89.2067 154.087 5.29816e-15 116.706 -143.782 
-114.255 89.2511 154.093 5.29581e-15 116.656 -144.293 
-113.692 89.2943 154.1 2.64676e-15 116.606 -144.809 
-113.126 89.3363 154.105 -2.64565e-15 116.558 -145.328 
-112.556 89.3772 154.111 -2.64458e-15 116.512 -145.851 
-111.982 89.4168 154.117 -7.93061e-15 116.466 -146.378 
-111.405 89.4553 154.122 2.64253e-15 116.423 -146.909 
-110.823 89.4924 154.128 -3.96234e-15 116.38 -147.444 
-110.238 89.5284 154.133 6.60155e-15 116.339 -147.982 
-109.65 89.5631 154.138 -0 116.299 -148.523 
-109.058 89.5965 154.142 2.63885e-15 116.261 -149.068 
-108.463 89.6286 154.147 -3.95702e-15 116.224 -149.616 
-107.865 89.6595 154.152 5.27442e-15 116.189 -150.168 
-107.264 89.689 154.156 2.63645e-15 116.155 -150.722 
-106.66 89.7172 154.16 5.27143e-15 116.123 -151.279 
-106.053 89.7441 154.164 -1.31751e-15 116.092 -151.84 
-105.443 89.7696 154.168 3.95154e-15 116.062 -152.403 
-104.83 89.7937 154.172 1.31687e-15 116.035 -152.968 
-104.216 89.8165 154.175 -1.31657e-15 116.008 -153.536 
-103.598 89.838 154.179 -0 115.984 -154.107 
-102.979 89.858 154.182 2.63207e-15 115.96 -154.68 
-102.357 89.8766 154.185 -5.26316e-15 115.939 -155.254 
-101.734 89.8939 154.188 -7.89339e-15 115.918 -155.831 
-101.108 89.9097 154.19 -0 115.9 -156.41 
-100.481 89.9241 154.193 -3.94551e-15 115.883 -156.99 
-99.8525 89.9371 154.195 -3.94499e-15 115.868 -157.572 
-99.2225 89.9487 154.198 1.31484e-15 115.854 -158.155 
-98.5912 89.9588 154.2 2.62942e-15 115.842 -158.739 
-97.9589 89.9675 154.202 1.97189e-15 115.831 -159.325 
-97.3256 89.9748 154.203 6.57245e-16 115.822 -159.911 
-96.6915 89.9806 154.205 -3.94323e-15 115.814 -160.499 
-96.0567 89.9849 154.206 -1.97152e-15 115.809 -161.087 
-95.4215 89.9878 154.208 -6.57149e-15 115.805 -161.675 
-94.786 89.9893 154.209 5.25708e-15 115.802 -162.264 
-94.1503 89.9893 154.21 4.92847e-15 115.801 -162.853 
-93.5145 89.9878 154.211 4.59993e-15 115.802 -163.442 
-92.879 89.9849 154.211 6.57146e-16 115.804 -164.03 
-92.2437 89.9805 154.212 3.61442e-15 115.808 -164.619 
-91.6089 89.9747 154.212 -1.643e-15 115.813 -165.207 
-90.9746 89.9674 154.212 -2.05387e-15 115.821 -165.794 
-90.3412 89.9587 154.212 -2.95779e-15 115.829 -166.381 
-89.7087 89.9485 154.212 2.50612e-15 115.84 -166.967 
-89.0772 89.9369 154.212 4.19099e-15 115.852 -167.551 
-88.4469 89.9239 154.211 -3.61617e-15 115.865 -168.135 
-87.8181 89.9094 154.21 -4.60299e-15 115.88 -168.717 
-87.1907 89.8935 154.21 -3.61715e-15 115.897 -169.297 
-86.565 89.8762 154.209 1.64441e-15 115.915 -169.876 
-85.9411 89.8574 154.207 -3.28938e-16 115.935 -170.453 
-85.3191 89.8373 154.206 -1.31599e-15 115.957 -171.028 
-84.6993 89.8157 154.205 -6.58124e-16 115.98 -171.601 
-84.0816 89.7928 154.203 -1.97479e-15 116.004 -172.172 
-83.4663 89.7685 154.201 -1.97522e-15 116.03 -172.741 
-82.8534 89.7428 154.199 3.95138e-15 116.058 -173.307 
-82.2431 89.7158 154.197 5.26982e-15 116.087 -173.87 
-81.6356 89.6874 154.195 -3.2945e-15 116.118 -174.431 
-81.0309 89.6576 154.193 -5.27265e-15 116.15 -174.989 
-80.4291 89.6266 154.19 6.59272e-16 116.184 -175.544 
-79.8304 89.5942 154.187 -1.31894e-15 116.219 -176.096 
-79.2349 89.5605 154.184 -0 116.255 -176.645 
-78.6426 89.5255 154.181 2.63958e-15 116.293 -177.19 
-78.0537 89.4892 154.178 -0 116.333 -177.732 
-77.4682 89.4517 154.175 1.32071e-15 116.374 -178.271 
-76.8863 89.4129 154.171 3.96358e-15 116.416 -178.806 
-76.3081 89.3728 154.167 -1.32169e-15 116.46 -179.337 
-75.7335 89.3316 154.163 2.64443e-15 116.505 -179.865 
-75.1628 89.2891 154.159 3.96825e-15 116.552 179.611 
-74.5959 89.2454 154.155 -0 116.599 179.091 
-74.033 89.2005 154.151 -2.64774e-15 116.649 178.575 
-73.4741 89.1545 154.146 -2.64892e-15 116.699 178.063 
-72.9192 89.1073 154.142 -1.32506e-15 116.751 177.555 
-72.3685 89.059 154.137 -1.32568e-15 116.804 177.051 
-71.822 89.0095 154.132 -2.65264e-15 116.859 176.551 
-71.2797 88.959 154.127 1.32697e-15 116.914 176.056 
-70.7417 88.9073 154.121 5.31058e-15 116.971 175.564 
-70.208 88.8546 154.116 -2.65666e-15 117.03 175.078 
-69.6787 88.8008 154.11 -5.31615e-15 117.089 174.595 
-69.1538 88.746 154.104 2.65951e-15 117.15 174.117 
-68.6333 88.6901 154.098 -2.66099e-15 117.211 173.643 
-68.1173 88.6333 154.092 2.66249e-15 117.274 173.174 
-67.6058 88.5754 154.086 5.32807e-15 117.339 172.709 
-67.0988 88.5165 154.08 -0 117.404 172.249 
-66.5963 88.4567 154.073 -0 117.47 171.794 
-66.0984 88.396 154.066 5.33769e-15 117.538 171.342 
-65.605 88.3343 154.059 -2.67052e-15 117.606 170.896 
-65.1162 88.2717 154.052 2.67222e-15 117.676 170.454 
-64.632 88.2082 154.045 -0 117.747 170.016 
-64.1523 88.1438 154.038 -2.67571e-15 117.818 169.584 
-63.6773 88.0785 154.03 -0 117.891 169.155 
-63.2068 88.0124 154.023 2.67934e-15 117.965 168.732 
-62.7409 87.9455 154.015 2.6812e-15 118.04 168.313 
-62.2795 87.8777 154.007 -2.68309e-15 118.116 167.898 
-61.8228 87.8092 153.998 -5.37003e-15 118.192 167.488 
-61.3706 87.7398 153.99 -0 118.27 167.083 
-60.9229 87.6697 153.982 2.68896e-15 118.349 166.682 
-60.4797 87.5988 153.973 5.38195e-15 118.428 166.286 
-60.0411 87.5272 153.964 2.69303e-15 118.509 165.894 
-59.6069 87.4549 153.955 2.69511e-15 118.59 165.506 
-59.1773 87.3818 153.946 -2.69722e-15 118.672 165.124 
-58.752 87.308 153.937 -0 118.755 164.745 
-58.3312 87.2336 153.927 5.40306e-15 118.839 164.371 
-57.9149 87.1585 153.918 -0 118.924 164.002 
-57.5028 87.0828 153.908 2.70597e-15 119.009 163.636 
-57.0952 87.0064 153.898 2.70823e-15 119.095 163.275 
-56.6919 86.9294 153.888 -5.42105e-15 119.182 162.919 
-56.2928 86.8518 153.878 -0 119.27 162.567 
-55.8981 86.7735 153.868 2.71521e-15 119.359 162.219 
-55.5075 86.6947 153.857 -0 119.448 161.875 
-55.1212 86.6154 153.846 2.72001e-15 119.538 161.536 
-54.739 86.5355 153.836 -0 119.629 161.2 
-54.361 86.455 153.825 -5.44987e-15 119.72 160.869 
-53.9871 86.374 153.813 2.72744e-15 119.813 160.542 
-53.6172 86.2925 153.802 2.72998e-15 119.905 160.219 
-53.2514 86.2105 153.791 -0 119.999 159.9 
-52.8895 86.128 153.779 5.47029e-15 120.093 159.585 
-52.5317 86.0451 153.767 -0 120.188 159.274 
-52.1777 85.9616 153.755 -0 120.283 158.967 
-51.8276 85.8777 153.743 5.48622e-15 120.379 158.663 
-51.4814 85.7934 153.731 -0 120.475 158.364 
-51.139 85.7087 153.719 -0 120.573 158.068 
-50.8003 85.6235 153.706 2.75135e-15 120.67 157.776 
-50.4654 85.5379 153.694 -0 120.768 157.488 
-50.1342 85.4519 153.681 -0 120.867 157.204 
-49.8066 85.3656 153.668 -2.75985e-15 120.967 156.923 
-49.4826 85.2789 153.655 -0 121.066 156.646 
-49.1622 85.1918 153.641 5.53134e-15 121.167 156.372 
-48.8454 85.1043 153.628 -0 121.268 156.102 
-48.532 85.0166 153.614 -0 121.369 155.836 
-48.2221 84.9284 153.601 -0 121.471 155.573 
-47.9156 84.84 153.587 -0 121.573 155.313 
-47.6125 84.7513 153.573 -5.56145e-15 121.676 155.057 
-47.3128 84.6622 153.559 -5.56765e-15 121.779 154.804 
-47.0163 84.5729 153.544 -0 121.883 154.554 
-46.7231 84.4833 153.53 -0 121.987 154.308 
-46.4331 84.3934 153.515 -5.5866e-15 122.092 154.065 
-46.1464 84.3032 153.5 -0 122.196 153.825 
-45.8627 84.2128 153.485 -0 122.302 153.588 
-45.5822 84.1222 153.47 -0 122.408 153.354 
-45.3047 84.0313 153.455 -0 122.514 153.123 
-45.0303 83.9402 153.44 5.61935e-15 122.62 152.896 
-44.7589 83.8489 153.424 -0 122.727 152.671 
-44.4904 83.7573 153.408 -5.63286e-15 122.834 152.45 
-44.2249 83.6656 153.393 -5.6397e-15 122.942 152.231 
-43.9622 83.5737 153.377 -5.6466e-15 123.05 152.015 
-43.7024 83.4815 153.361 -0 123.158 151.802 
-43.4454 83.3892 153.344 -5.66058e-15 123.267 151.592 
-43.1912 83.2968 153.328 -0 123.375 151.384 
-42.9398 83.2041 153.311 -5.67479e-15 123.485 151.18 
-42.691 83.1113 153.295 -0 123.594 150.978 
-42.4449 83.0184 153.278 -0 123.704 150.779 
-42.2015 82.9253 153.261 5.69655e-15 123.814 150.582 
-41.9607 82.8321 153.244 5.70392e-15 123.924 150.388 
-41.7225 82.7387 153.226 -0 124.035 150.197 
-41.4868 82.6453 153.209 -0 124.146 150.008 
-41.2536 82.5517 153.191 -0 124.257 149.821 
-41.0229 82.458 153.173 -0 124.369 149.637 
-40.7946 82.3642 153.156 5.74165e-15 124.48 149.456 
-40.5687 82.2703 153.138 -5.74937e-15 124.592 149.277 
-40.3453 82.1764 153.119 -0 124.704 149.1 
-40.1242 82.0823 153.101 -0 124.817 148.926 
-39.9054 81.9882 153.083 -0 124.929 148.754 
-39.6889 81.894 153.064 -0 125.042 148.584 
-39.4746 81.7997 153.045 5.78887e-15 125.155 148.417 
-39.2626 81.7054 153.026 5.79695e-15 125.268 148.252 
-39.0528 81.611 153.007 -0 125.382 148.089 
-38.8452 81.5166 152.988 -0 125.495 147.928 
-38.6397 81.4221 152.969 -0 125.609 147.769 
-38.4363 81.3276 152.95 -5.82985e-15 125.723 147.613 
-38.2351 81.2331 152.93 -0 125.837 147.458 
-38.0359 81.1385 152.91 -0 125.951 147.306 
-37.8387 81.044 152.89 -0 126.066 147.155 
-37.6435 80.9494 152.87 -0 126.18 147.007 
-37.4503 80.8547 152.85 5.87232e-15 126.295 146.861 
-37.2591 80.7601 152.83 -0 126.41 146.716 
-37.0698 80.6655 152.809 -0 126.525 146.574 
-36.8825 80.5709 152.789 5.89852e-15 126.64 146.433 
-36.697 80.4763 152.768 -1.18148e-14 126.756 146.295 
-36.5133 80.3817 152.747 -0 126.871 146.158 
-36.3316 80.2871 152.726 5.92527e-15 126.987 146.023 
-36.1516 80.1925 152.705 5.93431e-15 127.102 145.89 
-35.9734 80.098 152.684 5.9434e-15 127.218 145.758 
-35.7969 80.0035 152.663 -5.95256e-15 127.334 145.629 
-35.6222 79.909 152.641 -0 127.45 145.501 
-35.4493 79.8146 152.619 -0 127.566 145.375 
-35.278 79.7202 152.598 5.9804e-15 127.682 145.25 
-35.1084 79.6258 152.576 5.98981e-15 127.799 145.127 
-34.9404 79.5315 152.554 5.99927e-15 127.915 145.006 
-34.7741 79.4373 152.531 6.0088e-15 128.031 144.887 
-34.6094 79.3431 152.509 6.01838e-15 128.148 144.769 
-34.4463 79.2489 152.487 -6.02803e-15 128.265 144.652 
-34.2848 79.1549 152.464 6.03774e-15 128.381 144.538 
-34.1248 79.0609 152.441 -0 128.498 144.425 
-33.9663 78.9669 152.418 -0 128.615 144.313 
-33.8094 78.8731 152.395 -0 128.732 144.203 
-33.6539 78.7793 152.372 -0 128.849 144.094 
-33.5 78.6856 152.349 6.08724e-15 128.966 143.987 
-33.3474 78.5919 152.325 -0 129.083 143.881 
-33.1963 78.4984 152.302 -6.10747e-15 129.2 143.777 
-33.0467 78.405 152.278 -6.11769e-15 129.317 143.674 
-32.8984 78.3116 152.254 -0 129.434 143.573 
-32.7515 78.2183 152.23 6.1383e-15 129.551 143.473 
-32.606 78.1252 152.206 -6.14871e-15 129.669 143.374 
-32.4618 78.0321 152.182 6.15917e-15 129.786 143.277 
-32.319 77.9392 152.158 -0 129.903 143.18 
-32.1774 77.8463 152.133 -0 130.02 143.086 
-32.0372 77.7536 152.109 -0 130.138 142.992 
-31.8982 77.661 152.084 -1.24034e-14 130.255 142.9 
-31.7606 77.5685 152.059 6.21247e-15 130.373 142.809 
-31.6241 77.4761 152.034 -6.22333e-15 130.49 142.72 
-31.4889 77.3838 152.009 -6.23425e-15 130.607 142.631 
-31.355 77.2916 151.984 -0 130.725 142.544 
-31.2222 77.1996 151.958 -0 130.842 142.458 
-31.0906 77.1077 151.933 -0 130.959 142.373 
-30.9602 77.0159 151.907 -0 131.077 142.29 
-30.831 76.9243 151.881 -6.28982e-15 131.194 142.207 
-30.7029 76.8328 151.856 -0 131.312 142.126 
-30.5759 76.7414 151.83 6.31251e-15 131.429 142.046 
-30.4501 76.6502 151.803 6.32396e-15 131.546 141.967 
-30.3253 76.5591 151.777 -0 131.664 141.889 
-30.2017 76.4682 151.751 6.34705e-15 131.781 141.812 
-30.0791 76.3774 151.724 6.3587e-15 131.898 141.736 
-29.9576 76.2867 151.698 -0 132.016 141.662 
-29.8372 76.1962 151.671 6.38219e-15 132.133 141.588 
-29.7178 76.1059 151.644 6.39404e-15 132.25 141.516 
-29.5994 76.0157 151.617 -0 132.367 141.444 
-29.482 75.9256 151.59 6.41795e-15 132.485 141.373 
-29.3657 75.8357 151.562 6.43e-15 132.602 141.304 
-29.2503 75.746 151.535 -0 132.719 141.235 
-29.1359 75.6564 151.508 -6.45432e-15 132.836 141.168 
-29.0225 75.567 151.48 -0 132.953 141.101 
-28.9101 75.4778 151.452 6.47891e-15 133.07 141.036 
-28.7986 75.3887 151.424 -6.49131e-15 133.187 140.971 
-28.688 75.2998 151.396 -0 133.304 140.907 
-28.5783 75.2111 151.368 -6.51632e-15 133.421 140.844 
-28.4696 75.1225 151.34 6.52893e-15 133.538 140.782 
-28.3618 75.0341 151.312 6.54161e-15 133.654 140.721 
-28.2548 74.9459 151.283 -6.55436e-15 133.771 140.661 
-28.1488 74.8578 151.255 6.56718e-15 133.888 140.602 
-28.0436 74.7699 151.226 -0 134.004 140.544 
-27.9393 74.6822 151.197 -0 134.121 140.486 
-27.8358 74.5947 151.168 -0 134.237 140.429 
-27.7332 74.5074 151.139 -0 134.354 140.374 
-27.6314 74.4202 151.11 -6.63237e-15 134.47 140.319 
-27.5304 74.3332 151.08 -6.64563e-15 134.586 140.264 
-27.4303 74.2464 151.051 -0 134.703 140.211 
-27.3309 74.1598 151.021 -0 134.819 140.159 
-27.2324 74.0734 150.992 6.68583e-15 134.935 140.107 
-27.1346 73.9872 150.962 -0 135.051 140.056 
-27.0376 73.9011 150.932 6.713e-15 135.167 140.006 
-26.9414 73.8153 150.902 -0 135.283 139.956 
-26.846 73.7296 150.872 -0 135.398 139.908 
-26.7513 73.6441 150.842 6.75431e-15 135.514 139.86 
-26.6573 73.5589 150.811 -0 135.63 139.813 
-26.5641 73.4738 150.781 6.78223e-15 135.745 139.766 
-26.4716 73.3889 150.75 -6.7963e-15 135.861 139.721 
-26.3798 73.3042 150.72 -0 135.976 139.676 
-26.2887 73.2197 150.689 -0 136.092 139.631 
-26.1984 73.1354 150.658 -0 136.207 139.588 
-26.1087 73.0513 150.627 -6.85336e-15 136.322 139.545 
-26.0197 72.9674 150.596 -0 136.437 139.503 
-25.9314 72.8838 150.564 -0 136.552 139.461 
-25.8438 72.8003 150.533 -0 136.667 139.42 
-25.7569 72.717 150.501 6.91165e-15 136.782 139.38 
-25.6706 72.6339 150.47 -0 136.896 139.341 
-25.5849 72.551 150.438 -0 137.011 139.302 
-25.4999 72.4683 150.406 -0 137.125 139.264 
-25.4156 72.3859 150.374 -6.9712e-15 137.24 139.226 
-25.3319 72.3036 150.342 -6.98629e-15 137.354 139.189 
-25.2488 72.2216 150.31 -0 137.468 139.153 
-25.1663 72.1397 150.278 7.0167e-15 137.582 139.117 
-25.0844 72.0581 150.245 7.03203e-15 137.696 139.082 
-25.0031 71.9767 150.213 -0 137.81 139.048 
-24.9225 71.8955 150.18 -7.06294e-15 137.924 139.014 
-24.8424 71.8145 150.148 -0 138.038 138.981 
-24.7629 71.7337 150.115 -0 138.151 138.948 
-24.684 71.6531 150.082 -7.10991e-15 138.265 138.916 
-24.6057 71.5727 150.049 7.12573e-15 138.378 138.884 
-24.5279 71.4926 150.016 -0 138.492 138.854 
-24.4507 71.4126 149.983 -7.15763e-15 138.605 138.823 
-24.3741 71.3329 149.949 -0 138.718 138.793 
-24.298 71.2534 149.916 7.18986e-15 138.831 138.764 
-24.2224 71.1741 149.882 -7.20611e-15 138.944 138.735 
-24.1474 71.0951 149.848 -7.22244e-15 139.056 138.707 
-24.0729 71.0162 149.815 -0 139.169 138.679 
-23.999 70.9376 149.781 -0 139.282 138.652 
-23.9256 70.8591 149.747 -7.27194e-15 139.394 138.626 
-23.8527 70.7809 149.713 7.28862e-15 139.506 138.6 
-23.7803 70.703 149.679 7.30539e-15 139.619 138.574 
-23.7084 70.6252 149.644 7.32224e-15 139.731 138.549 
-23.637 70.5477 149.61 -0 139.843 138.524 
-23.5661 70.4703 149.575 -7.35621e-15 139.954 138.5 
-23.4957 70.3932 149.541 1.47467e-14 140.066 138.477 
-23.4258 70.3163 149.506 -0 140.178 138.454 
-23.3564 70.2397 149.471 -0 140.289 138.431 
-23.2875 70.1632 149.436 -0 140.4 138.409 
-23.219 70.087 149.401 -0 140.512 138.387 
-23.151 70.011 149.366 -0 140.623 138.366 
-23.0835 69.9352 149.331 7.47794e-15 140.734 138.345 
-23.0164 69.8597 149.296 -7.4957e-15 140.845 138.325 
-22.9498 69.7844 149.26 -7.51355e-15 140.955 138.305 
-22.8836 69.7093 149.225 -7.53149e-15 141.066 138.286 
-22.8179 69.6344 149.189 -7.54953e-15 141.177 138.267 
-22.7526 69.5597 149.153 7.56766e-15 141.287 138.249 
-22.6877 69.4853 149.117 -7.58589e-15 141.397 138.23 
-22.6233 69.4111 149.082 -0 141.507 138.213 
-22.5593 69.3371 149.046 -0 141.617 138.196 
-22.4958 69.2633 149.009 7.64114e-15 141.727 138.179 
-22.4327 69.1898 148.973 -0 141.837 138.163 
-22.3699 69.1165 148.937 7.67846e-15 141.947 138.147 
-22.3076 69.0434 148.901 -0 142.056 138.131 
-22.2457 68.9705 148.864 7.71618e-15 142.166 138.116 
-22.1842 68.8979 148.827 7.73518e-15 142.275 138.101 
-22.1232 68.8254 148.791 -7.75428e-15 142.384 138.087 
-22.0625 68.7533 148.754 7.77349e-15 142.493 138.073 
-22.0022 68.6813 148.717 7.79279e-15 142.602 138.06 
-21.9423 68.6096 148.68 -7.8122e-15 142.71 138.047 
-21.8827 68.538 148.643 7.8317e-15 142.819 138.034 
-21.8236 68.4668 148.606 -0 142.927 138.022 
-21.7648 68.3957 148.568 7.87102e-15 143.036 138.01 
-21.7065 68.3249 148.531 7.89084e-15 143.144 137.998 
-21.6484 68.2543 148.494 1.58215e-14 143.252 137.987 
-21.5908 68.1839 148.456 -0 143.36 137.976 
-21.5335 68.1137 148.418 1.59018e-14 143.468 137.966 
-21.4766 68.0438 148.381 7.97115e-15 143.576 137.956 
-21.4201 67.9741 148.343 7.99149e-15 143.683 137.946 
-21.3639 67.9046 148.305 -0 143.79 137.936 
-21.308 67.8354 148.267 8.03249e-15 143.898 137.927 
-21.2525 67.7663 148.229 -0 144.005 137.919 
-21.1974 67.6975 148.191 8.07393e-15 144.112 137.91 
-21.1425 67.629 148.152 -0 144.219 137.902 
-21.0881 67.5606 148.114 -0 144.326 137.895 
-21.0339 67.4925 148.075 8.13691e-15 144.432 137.887 
-20.9801 67.4246 148.037 -8.15812e-15 144.539 137.88 
-20.9267 67.3569 147.998 8.17945e-15 144.645 137.874 
-20.8735 67.2895 147.959 -0 144.751 137.867 
-20.8207 67.2223 147.921 8.22244e-15 144.857 137.861 
-20.7682 67.1553 147.882 1.64882e-14 144.963 137.856 
-20.7161 67.0885 147.843 8.26589e-15 145.069 137.85 
-20.6642 67.0219 147.803 8.28778e-15 145.175 137.845 
-20.6127 66.9556 147.764 -0 145.28 137.841 
-20.5614 66.8895 147.725 1.66639e-14 145.385 137.836 
-20.5105 66.8237 147.686 8.35417e-15 145.491 137.832 
-20.4599 66.758 147.646 -0 145.596 137.828 
-20.4096 66.6926 147.607 -0 145.701 137.825 
-20.3595 66.6274 147.567 -0 145.806 137.822 
-20.3098 66.5625 147.527 8.44435e-15 145.91 137.819 
-20.2604 66.4977 147.487 -0 146.015 137.816 
-20.2113 66.4332 147.447 8.49017e-15 146.119 137.814 
-20.1624 66.3689 147.407 8.51326e-15 146.224 137.812 
-20.1139 66.3048 147.367 8.53647e-15 146.328 137.81 
-20.0656 66.241 147.327 -0 146.432 137.809 
-20.0176 66.1774 147.287 -0 146.536 137.807 
-19.9699 66.114 147.247 -0 146.639 137.806 
-19.9225 66.0508 147.206 8.63058e-15 146.743 137.806 
-19.8753 65.9878 147.166 8.65442e-15 146.846 137.805 
-19.8285 65.9251 147.125 8.67839e-15 146.95 137.805 
-19.7818 65.8626 147.084 -1.7405e-14 147.053 137.806 
-19.7355 65.8003 147.044 -0 147.156 137.806 
-19.6894 65.7383 147.003 8.75109e-15 147.259 137.807 
-19.6436 65.6764 146.962 -0 147.362 137.808 
-19.5981 65.6148 146.921 -8.80021e-15 147.464 137.809 
-19.5528 65.5534 146.88 1.76499e-14 147.567 137.811 
-19.5077 65.4922 146.839 8.84986e-15 147.669 137.812 
-19.463 65.4313 146.797 8.87489e-15 147.771 137.814 
-19.4184 65.3706 146.756 -0 147.873 137.817 
-19.3742 65.3101 146.715 -0 147.975 137.819 
-19.3302 65.2498 146.673 -0 148.077 137.822 
-19.2864 65.1897 146.631 8.97637e-15 148.179 137.825 
-19.2428 65.1299 146.59 -9.00209e-15 148.28 137.828 
-19.1996 65.0702 146.548 9.02795e-15 148.382 137.832 
-19.1565 65.0108 146.506 -0 148.483 137.836 
-19.1137 64.9516 146.464 9.0801e-15 148.584 137.84 
-19.0711 64.8927 146.422 -0 148.685 137.844 
-19.0288 64.8339 146.38 -9.13282e-15 148.786 137.848 
-18.9867 64.7754 146.338 -9.1594e-15 148.887 137.853 
-18.9448 64.7171 146.296 9.18612e-15 148.987 137.858 
-18.9032 64.659 146.253 -1.8426e-14 149.088 137.863 
-18.8618 64.6011 146.211 -9.24001e-15 149.188 137.869 
-18.8206 64.5434 146.169 -0 149.288 137.874 
-18.7796 64.486 146.126 9.29451e-15 149.388 137.88 
-18.7389 64.4287 146.083 -0 149.488 137.886 
-18.6983 64.3717 146.041 -0 149.588 137.892 
-18.658 64.3149 145.998 -9.37739e-15 149.687 137.899 
-18.618 64.2583 145.955 -9.40532e-15 149.787 137.906 
-18.5781 64.202 145.912 9.43342e-15 149.886 137.913 
-18.5384 64.1458 145.869 9.46167e-15 149.985 137.92 
-18.499 64.0899 145.826 -0 150.084 137.927 
-18.4598 64.0342 145.783 -0 150.183 137.935 
-18.4207 63.9787 145.74 -9.54737e-15 150.282 137.943 
-18.3819 63.9234 145.696 -0 150.38 137.95 
-18.3433 63.8683 145.653 -0 150.479 137.959 
-18.3049 63.8134 145.609 1.92691e-14 150.577 137.967 
-18.2667 63.7588 145.566 -0 150.675 137.976 
-18.2287 63.7043 145.522 9.69347e-15 150.773 137.985 
-18.1909 63.6501 145.478 -9.72319e-15 150.871 137.994 
-18.1533 63.5961 145.435 -0 150.969 138.003 
-18.1158 63.5423 145.391 -0 151.067 138.012 
-18.0786 63.4887 145.347 -1.96267e-14 151.164 138.022 
-18.0416 63.4353 145.303 -9.84378e-15 151.262 138.032 
-18.0048 63.3822 145.259 -9.87436e-15 151.359 138.041 
-17.9681 63.3292 145.215 9.90511e-15 151.456 138.052 
-17.9317 63.2764 145.17 -0 151.553 138.062 
-17.8954 63.2239 145.126 -0 151.65 138.073 
-17.8593 63.1716 145.082 -0 151.747 138.083 
-17.8234 63.1194 145.037 -1.00299e-14 151.843 138.094 
-17.7877 63.0675 144.993 -0 151.94 138.105 
-17.7522 63.0158 144.948 -0 152.036 138.117 
-17.7168 62.9643 144.903 -0 152.132 138.128 
-17.6817 62.913 144.859 -0 152.228 138.14 
-17.6467 62.8619 144.814 -0 152.324 138.151 
-17.6118 62.8111 144.769 1.02226e-14 152.42 138.163 
-17.5772 62.7604 144.724 -0 152.516 138.176 
-17.5427 62.7099 144.679 -1.02884e-14 152.611 138.188 
-17.5084 62.6597 144.634 -0 152.706 138.201 
-17.4743 62.6096 144.589 -1.03549e-14 152.802 138.213 
-17.4404 62.5598 144.544 -2.0777e-14 152.897 138.226 
-17.4066 62.5101 144.498 -0 152.992 138.239 
-17.373 62.4607 144.453 -1.04562e-14 153.086 138.252 
-17.3395 62.4114 144.407 -0 153.181 138.266 
-17.3062 62.3624 144.362 -1.05248e-14 153.276 138.279 
-17.2731 62.3136 144.316 -0 153.37 138.293 
-17.2401 62.2649 144.271 -1.05941e-14 153.464 138.307 
-17.2073 62.2165 144.225 -1.06291e-14 153.559 138.321 
-17.1747 62.1683 144.179 -1.06644e-14 153.653 138.335 
-17.1422 62.1202 144.133 -0 153.747 138.349 
-17.1099 62.0724 144.087 -0 153.84 138.364 
-17.0777 62.0248 144.041 1.07713e-14 153.934 138.378 
-17.0457 61.9774 143.995 -1.08073e-14 154.027 138.393 
-17.0139 61.9301 143.949 -1.08436e-14 154.121 138.408 
-16.9822 61.8831 143.903 2.17603e-14 154.214 138.423 
-16.9506 61.8363 143.857 -0 154.307 138.439 
-16.9192 61.7896 143.81 1.09538e-14 154.4 138.454 
-16.888 61.7432 143.764 -1.0991e-14 154.493 138.469 
-16.8569 61.697 143.717 -2.20569e-14 154.586 138.485 
-16.8259 61.6509 143.671 -0 154.678 138.501 
-16.7951 61.6051 143.624 1.1104e-14 154.771 138.517 
-16.7645 61.5594 143.577 -1.11421e-14 154.863 138.533 
-16.734 61.514 143.531 1.11804e-14 154.955 138.55 
-16.7036 61.4687 143.484 1.1219e-14 155.047 138.566 
-16.6734 61.4237 143.437 1.12579e-14 155.139 138.583 
-16.6433 61.3788 143.39 1.1297e-14 155.231 138.599 
-16.6134 61.3341 143.343 -1.13363e-14 155.323 138.616 
-16.5836 61.2897 143.296 -1.13759e-14 155.414 138.633 
-16.5539 61.2454 143.249 2.28314e-14 155.506 138.65 
-16.5244 61.2013 143.202 -0 155.597 138.668 
-16.495 61.1574 143.154 -1.14961e-14 155.688 138.685 
-16.4658 61.1137 143.107 -1.15367e-14 155.779 138.703 
-16.4367 61.0702 143.06 2.31551e-14 155.87 138.72 
-16.4077 61.0269 143.012 -0 155.961 138.738 
-16.3788 60.9837 142.965 -0 156.052 138.756 
-16.3501 60.9408 142.917 -0 156.142 138.774 
-16.3216 60.898 142.869 1.17436e-14 156.233 138.793 
-16.2931 60.8555 142.822 -0 156.323 138.811 
-16.2648 60.8131 142.774 1.18283e-14 156.413 138.829 
-16.2366 60.7709 142.726 -0 156.503 138.848 
-16.2085 60.7289 142.678 1.1914e-14 156.593 138.867 
-16.1806 60.6871 142.63 -0 156.683 138.886 
-16.1528 60.6455 142.582 1.20009e-14 156.772 138.905 
-16.1251 60.6041 142.534 -0 156.862 138.924 
-16.0976 60.5628 142.486 -3.62668e-14 156.951 138.943 
-16.0701 60.5217 142.438 -1.21334e-14 157.041 138.962 
-16.0428 60.4809 142.389 -1.21781e-14 157.13 138.982 
-16.0157 60.4402 142.341 -0 157.219 139.002 
-15.9886 60.3997 142.293 -0 157.308 139.021 
-15.9616 60.3594 142.244 -0 157.397 139.041 
-15.9348 60.3192 142.196 -0 157.485 139.061 
-15.9081 60.2793 142.147 -0 157.574 139.081 
-15.8815 60.2395 142.098 2.4906e-14 157.662 139.101 
-15.8551 60.1999 142.05 -1.24999e-14 157.751 139.122 
-15.8287 60.1605 142.001 -0 157.839 139.142 
-15.8025 60.1213 141.952 -0 157.927 139.163 
-15.7764 60.0823 141.903 1.26425e-14 158.015 139.184 
-15.7504 60.0434 141.854 -1.26907e-14 158.103 139.204 
-15.7245 60.0047 141.805 -1.27393e-14 158.19 139.225 
-15.6987 59.9662 141.756 -1.27881e-14 158.278 139.246 
-15.673 59.9279 141.707 -1.28373e-14 158.365 139.267 
-15.6475 59.8898 141.658 3.86606e-14 158.453 139.289 
-15.622 59.8518 141.608 -1.29368e-14 158.54 139.31 
-15.5967 59.814 141.559 1.2987e-14 158.627 139.332 
-15.5715 59.7764 141.51 -0 158.714 139.353 
-15.5464 59.739 141.46 1.30885e-14 158.801 139.375 
-15.5214 59.7018 141.411 -1.31398e-14 158.888 139.397 
-15.4965 59.6647 141.361 -0 158.974 139.419 
-15.4717 59.6278 141.312 -1.32435e-14 159.061 139.441 
-15.447 59.5911 141.262 -1.32959e-14 159.147 139.463 
-15.4224 59.5545 141.212 -2.66975e-14 159.233 139.485 
-15.398 59.5182 141.162 -0 159.319 139.507 
-15.3736 59.482 141.113 -0 159.406 139.53 
-15.3493 59.446 141.063 -2.70187e-14 159.491 139.552 
-15.3252 59.4101 141.013 -1.35637e-14 159.577 139.575 
-15.3011 59.3744 140.963 -0 159.663 139.598 
-15.2771 59.3389 140.913 -0 159.749 139.621 
-15.2533 59.3036 140.862 1.3729e-14 159.834 139.644 
-15.2295 59.2685 140.812 -0 159.919 139.667 
-15.2059 59.2335 140.762 -2.76826e-14 160.005 139.69 
-15.1823 59.1987 140.712 -0 160.09 139.713 
-15.1588 59.164 140.661 1.39552e-14 160.175 139.736 
-15.1355 59.1296 140.611 -1.40128e-14 160.26 139.76 
-15.1122 59.0953 140.56 1.40709e-14 160.344 139.783 
-15.089 59.0611 140.51 -0 160.429 139.807 
-15.066 59.0272 140.459 1.41882e-14 160.514 139.831 
-15.043 58.9934 140.409 -0 160.598 139.855 
-15.0201 58.9598 140.358 1.43074e-14 160.682 139.878 
-14.9973 58.9263 140.307 -1.43676e-14 160.767 139.903 
-14.9746 58.893 140.256 1.44283e-14 160.851 139.927 
-14.952 58.8599 140.205 -1.44895e-14 160.935 139.951 
-14.9295 58.827 140.155 1.45512e-14 161.018 139.975 
-14.9071 58.7942 140.104 -1.46133e-14 161.102 140 
-14.8848 58.7616 140.053 1.46759e-14 161.186 140.024 
-14.8625 58.7291 140.001 2.9478e-14 161.269 140.049 
-14.8404 58.6968 139.95 2.96052e-14 161.353 140.073 
-14.8183 58.6647 139.899 -1.48667e-14 161.436 140.098 
-14.7964 58.6328 139.848 -0 161.519 140.123 
-14.7745 58.601 139.797 1.49963e-14 161.602 140.148 
-14.7527 58.5693 139.745 -0 161.685 140.173 
-14.731 58.5379 139.694 -1.51281e-14 161.768 140.198 
-14.7094 58.5066 139.642 -0 161.851 140.223 
-14.6879 58.4754 139.591 -3.05239e-14 161.934 140.248 
-14.6664 58.4444 139.539 -3.06593e-14 162.016 140.274 
-14.6451 58.4136 139.488 -0 162.099 140.299 
-14.6238 58.383 139.436 -1.54668e-14 162.181 140.325 
-14.6026 58.3525 139.384 -0 162.263 140.35 
-14.5815 58.3221 139.332 -0 162.345 140.376 
-14.5605 58.2919 139.281 -1.56766e-14 162.428 140.402 
-14.5396 58.2619 139.229 1.57477e-14 162.509 140.428 
-14.5187 58.2321 139.177 -0 162.591 140.454 
-14.498 58.2024 139.125 -1.58917e-14 162.673 140.48 
-14.4773 58.1728 139.073 -0 162.755 140.506 
-14.4567 58.1434 139.021 -0 162.836 140.532 
-14.4361 58.1142 138.968 -0 162.917 140.558 
-14.4157 58.0851 138.916 1.6187e-14 162.999 140.585 
-14.3953 58.0562 138.864 -0 163.08 140.611 
-14.375 58.0275 138.812 -3.26767e-14 163.161 140.638 
-14.3548 57.9989 138.759 -0 163.242 140.664 
-14.3347 57.9704 138.707 -0 163.323 140.691 
-14.3147 57.9421 138.654 1.65703e-14 163.404 140.718 
-14.2947 57.914 138.602 1.6649e-14 163.484 140.745 
-14.2748 57.886 138.549 1.67283e-14 163.565 140.772 
-14.255 57.8582 138.497 1.68083e-14 163.645 140.799 
-14.2352 57.8305 138.444 -0 163.726 140.826 
-14.2156 57.803 138.391 -1.69705e-14 163.806 140.853 
-14.196 57.7756 138.338 -0 163.886 140.88 
-14.1765 57.7484 138.286 1.71355e-14 163.966 140.907 
-14.157 57.7213 138.233 -0 164.046 140.935 
-14.1376 57.6944 138.18 -1.73035e-14 164.126 140.962 
-14.1183 57.6676 138.127 1.73886e-14 164.205 140.99 
-14.0991 57.641 138.074 -1.74745e-14 164.285 141.017 
-14.08 57.6146 138.021 1.75611e-14 164.365 141.045 
-14.0609 57.5883 137.968 1.76486e-14 164.444 141.073 
-14.0419 57.5621 137.914 1.77368e-14 164.523 141.1 
-14.023 57.5361 137.861 -0 164.603 141.128 
-14.0041 57.5102 137.808 -0 164.682 141.156 
-13.9853 57.4845 137.755 -1.80065e-14 164.761 141.184 
-13.9666 57.4589 137.701 3.61961e-14 164.84 141.212 
-13.9479 57.4335 137.648 -0 164.919 141.241 
-13.9294 57.4082 137.594 -0 164.997 141.269 
-13.9109 57.3831 137.541 -1.83779e-14 165.076 141.297 
-13.8924 57.3581 137.487 1.84729e-14 165.155 141.325 
-13.874 57.3333 137.434 -1.85689e-14 165.233 141.354 
-13.8557 57.3086 137.38 3.73315e-14 165.311 141.382 
-13.8375 57.2841 137.326 -0 165.39 141.411 
-13.8193 57.2597 137.272 1.88623e-14 165.468 141.44 
-13.8012 57.2354 137.219 1.8962e-14 165.546 141.468 
-13.7832 57.2113 137.165 -1.90626e-14 165.624 141.497 
-13.7652 57.1873 137.111 -1.91643e-14 165.702 141.526 
-13.7473 57.1635 137.057 -1.9267e-14 165.78 141.555 
-13.7295 57.1398 137.003 -3.87412e-14 165.857 141.584 
-13.7117 57.1163 136.949 1.94753e-14 165.935 141.613 
-13.694 57.0929 136.895 1.95811e-14 166.012 141.642 
-13.6763 57.0697 136.841 -3.93757e-14 166.09 141.671 
-13.6588 57.0465 136.786 -1.97957e-14 166.167 141.7 
-13.6412 57.0236 136.732 -1.99047e-14 166.244 141.73 
-13.6238 57.0007 136.678 -0 166.321 141.759 
-13.6064 56.9781 136.623 2.0126e-14 166.399 141.788 
-13.5891 56.9555 136.569 2.02383e-14 166.475 141.818 
-13.5718 56.9331 136.515 -2.03518e-14 166.552 141.847 
-13.5546 56.9108 136.46 -4.09331e-14 166.629 141.877 
-13.5375 56.8887 136.406 -0 166.706 141.907 
-13.5204 56.8667 136.351 -0 166.782 141.936 
-13.5034 56.8449 136.296 2.08179e-14 166.859 141.966 
-13.4864 56.8231 136.242 -2.09375e-14 166.935 141.996 
-13.4695 56.8016 136.187 2.10583e-14 167.012 142.026 
-13.4527 56.7801 136.132 -0 167.088 142.056 
-13.4359 56.7588 136.077 -4.26079e-14 167.164 142.086 
-13.4192 56.7377 136.022 -0 167.24 142.116 
-13.4025 56.7166 135.968 -0 167.316 142.146 
-13.3859 56.6957 135.913 -0 167.392 142.177 
-13.3694 56.675 135.858 -0 167.467 142.207 
-13.3529 56.6543 135.803 -4.38838e-14 167.543 142.237 
-13.3365 56.6339 135.747 4.41475e-14 167.619 142.267 
-13.3201 56.6135 135.692 4.44141e-14 167.694 142.298 
-13.3038 56.5933 135.637 -0 167.77 142.328 
-13.2875 56.5732 135.582 -0 167.845 142.359 
-13.2713 56.5532 135.527 -4.52322e-14 167.92 142.39 
-13.2552 56.5334 135.471 -0 167.995 142.42 
-13.2391 56.5137 135.416 -0 168.07 142.451 
-13.2231 56.4942 135.36 -0 168.145 142.482 
-13.2071 56.4747 135.305 -0 168.22 142.513 
-13.1912 56.4554 135.25 -0 168.295 142.544 
-13.1753 56.4363 135.194 -0 168.37 142.574 
-13.1595 56.4173 135.138 -0 168.444 142.606 
-13.1438 56.3984 135.083 4.7557e-14 168.519 142.637 
-13.1281 56.3796 135.027 -4.78633e-14 168.593 142.668 
-13.1124 56.3609 134.971 4.81733e-14 168.668 142.699 
-13.0969 56.3424 134.916 -0 168.742 142.73 
-13.0813 56.324 134.86 -0 168.816 142.761 
-13.0658 56.3058 134.804 4.91261e-14 168.89 142.793 
-13.0504 56.2877 134.748 -4.94516e-14 168.964 142.824 
-13.035 56.2697 134.692 -0 169.038 142.855 
-13.0197 56.2518 134.636 -0 169.112 142.887 
-13.0044 56.2341 134.58 -0 169.186 142.919 
-12.9892 56.2165 134.524 -5.07947e-14 169.26 142.95 
-12.974 56.199 134.468 -0 169.333 142.982 
-12.9589 56.1816 134.411 5.14921e-14 169.407 143.013 
-12.9438 56.1644 134.355 -0 169.48 143.045 
-12.9288 56.1473 134.299 -0 169.554 143.077 
-12.9139 56.1303 134.243 -0 169.627 143.109 
-12.8989 56.1134 134.186 -0 169.7 143.141 
-12.8841 56.0967 134.13 -0 169.773 143.173 
-12.8693 56.0801 134.073 -0 169.846 143.205 
