148.406 75.2745 150.694 1.97494e-14 134.032 -54.4604 
148.407 75.275 150.694 -1.97491e-14 134.031 -54.4603 
148.409 75.276 150.694 1.97487e-14 134.03 -54.46 
148.411 75.2772 150.695 -0 134.028 -54.4598 
148.414 75.2789 150.695 -0 134.026 -54.4594 
148.418 75.2809 150.696 1.31643e-14 134.023 -54.4589 
148.422 75.2833 150.697 6.58179e-15 134.02 -54.4584 
148.427 75.2861 150.698 1.97441e-14 134.016 -54.4577 
148.432 75.2892 150.699 -0 134.012 -54.457 
148.439 75.2927 150.7 -1.31607e-14 134.007 -54.4563 
148.446 75.2966 150.702 -2.63191e-14 134.002 -54.4554 
148.453 75.3008 150.703 -1.31583e-14 133.996 -54.4544 
148.462 75.3054 150.705 -0 133.99 -54.4534 
148.471 75.3103 150.707 -0 133.983 -54.4523 
148.48 75.3157 150.709 -1.31538e-14 133.976 -54.4511 
148.491 75.3214 150.711 -6.57603e-15 133.968 -54.4499 
148.502 75.3275 150.713 -1.31502e-14 133.959 -54.4485 
148.513 75.3339 150.715 -6.57414e-15 133.951 -54.4471 
148.526 75.3407 150.718 3.28656e-14 133.941 -54.4456 
148.539 75.3479 150.721 -1.31441e-14 133.932 -54.4441 
148.552 75.3554 150.723 -2.62836e-14 133.921 -54.4425 
148.567 75.3633 150.726 1.31394e-14 133.911 -54.4408 
148.582 75.3716 150.729 -6.56846e-15 133.899 -54.439 
148.597 75.3803 150.732 6.56716e-15 133.887 -54.4372 
148.614 75.3893 150.736 -0 133.875 -54.4353 
148.631 75.3987 150.739 -1.31288e-14 133.862 -54.4334 
148.649 75.4085 150.742 1.96888e-14 133.849 -54.4314 
148.667 75.4186 150.746 -2.62457e-14 133.835 -54.4293 
148.686 75.4291 150.75 1.96795e-14 133.821 -54.4272 
148.706 75.44 150.754 -0 133.806 -54.425 
148.727 75.4512 150.758 1.31131e-14 133.791 -54.4228 
148.748 75.4628 150.762 1.31096e-14 133.775 -54.4205 
148.77 75.4748 150.766 -6.55302e-15 133.759 -54.4182 
148.792 75.4872 150.771 -1.96535e-14 133.742 -54.4158 
148.816 75.4999 150.775 1.96479e-14 133.725 -54.4134 
148.84 75.513 150.78 2.61894e-14 133.707 -54.411 
148.865 75.5264 150.785 -0 133.689 -54.4085 
148.89 75.5403 150.79 -2.61732e-14 133.67 -54.406 
148.916 75.5545 150.795 1.30824e-14 133.651 -54.4034 
148.943 75.5691 150.8 -0 133.631 -54.4009 
148.971 75.584 150.806 3.26841e-14 133.61 -54.3983 
148.999 75.5994 150.811 -6.53457e-15 133.59 -54.3956 
149.028 75.6151 150.817 -2.6129e-14 133.568 -54.393 
149.058 75.6311 150.822 -6.5299e-15 133.547 -54.3903 
149.089 75.6476 150.828 -6.52748e-15 133.524 -54.3877 
149.12 75.6644 150.834 -2.61001e-14 133.501 -54.385 
149.152 75.6816 150.84 -0 133.478 -54.3823 
149.185 75.6991 150.847 -3.25997e-14 133.454 -54.3796 
149.218 75.7171 150.853 1.9552e-14 133.43 -54.3769 
149.253 75.7354 150.859 -1.30293e-14 133.405 -54.3743 
149.288 75.7541 150.866 -6.51193e-15 133.38 -54.3716 
149.323 75.7731 150.873 -1.95275e-14 133.354 -54.3689 
149.36 75.7926 150.88 1.30127e-14 133.328 -54.3663 
149.397 75.8124 150.886 1.95104e-14 133.301 -54.3637 
149.435 75.8326 150.894 -1.30011e-14 133.274 -54.3611 
149.474 75.8531 150.901 1.94928e-14 133.246 -54.3585 
149.514 75.8741 150.908 -2.59783e-14 133.218 -54.356 
149.554 75.8954 150.916 1.29831e-14 133.189 -54.3535 
149.596 75.9171 150.923 1.94652e-14 133.16 -54.3511 
149.638 75.9391 150.931 -1.94558e-14 133.13 -54.3487 
149.68 75.9616 150.939 -6.48205e-15 133.1 -54.3464 
149.724 75.9844 150.947 -6.4788e-15 133.069 -54.3441 
149.768 76.0076 150.955 1.94265e-14 133.038 -54.3419 
149.814 76.0311 150.963 -0 133.006 -54.3397 
149.86 76.0551 150.971 -1.94063e-14 132.974 -54.3377 
149.907 76.0794 150.98 6.46532e-15 132.941 -54.3357 
149.954 76.1041 150.988 -6.46183e-15 132.908 -54.3338 
150.003 76.1292 150.997 -2.58332e-14 132.874 -54.3319 
150.052 76.1547 151.005 6.45473e-15 132.84 -54.3302 
150.103 76.1805 151.014 -1.29022e-14 132.805 -54.3286 
150.154 76.2067 151.023 -1.28949e-14 132.77 -54.3271 
150.206 76.2333 151.032 1.93312e-14 132.734 -54.3257 
150.259 76.2603 151.042 1.28799e-14 132.698 -54.3244 
150.312 76.2876 151.051 -2.57447e-14 132.662 -54.3233 
150.367 76.3153 151.06 -1.9297e-14 132.624 -54.3223 
150.422 76.3435 151.07 1.28569e-14 132.587 -54.3214 
150.479 76.3719 151.079 1.92736e-14 132.549 -54.3207 
150.536 76.4008 151.089 -0 132.51 -54.3201 
150.594 76.4301 151.099 6.41653e-15 132.471 -54.3197 
150.653 76.4597 151.109 6.41248e-15 132.431 -54.3194 
150.713 76.4897 151.119 -2.56335e-14 132.391 -54.3194 
150.774 76.5201 151.129 -0 132.351 -54.3195 
150.836 76.5508 151.14 -0 132.31 -54.3198 
150.899 76.582 151.15 -1.91875e-14 132.268 -54.3203 
150.963 76.6135 151.161 2.55663e-14 132.226 -54.321 
151.028 76.6454 151.171 6.38729e-15 132.183 -54.3219 
151.093 76.6777 151.182 -2.55318e-14 132.14 -54.323 
151.16 76.7104 151.193 -1.27571e-14 132.097 -54.3244 
151.228 76.7434 151.204 6.37415e-15 132.053 -54.326 
151.296 76.7768 151.215 -1.27394e-14 132.009 -54.3278 
151.366 76.8106 151.226 1.27304e-14 131.964 -54.3299 
151.437 76.8448 151.237 -6.36068e-15 131.918 -54.3323 
151.508 76.8794 151.248 -0 131.872 -54.3349 
151.581 76.9143 151.26 -1.90545e-14 131.826 -54.3379 
151.655 76.9497 151.271 -1.90406e-14 131.779 -54.3411 
151.73 76.9854 151.283 -1.26844e-14 131.732 -54.3446 
151.806 77.0215 151.294 1.2675e-14 131.684 -54.3484 
151.882 77.0579 151.306 -1.26655e-14 131.636 -54.3526 
151.96 77.0948 151.318 -1.26559e-14 131.587 -54.357 
152.04 77.132 151.33 -6.32313e-15 131.538 -54.3618 
152.12 77.1696 151.342 1.89548e-14 131.488 -54.367 
152.201 77.2076 151.354 -6.3134e-15 131.438 -54.3725 
152.283 77.246 151.366 -6.30848e-15 131.388 -54.3784 
152.367 77.2847 151.379 -0 131.337 -54.3847 
152.452 77.3238 151.391 -0 131.285 -54.3914 
152.537 77.3633 151.404 -1.88806e-14 131.233 -54.3984 
152.624 77.4032 151.416 1.88655e-14 131.18 -54.4059 
152.713 77.4435 151.429 -1.88503e-14 131.128 -54.4138 
152.802 77.4841 151.442 6.27832e-15 131.074 -54.4222 
152.893 77.5251 151.455 -6.27318e-15 131.02 -54.431 
152.984 77.5665 151.467 -0 130.966 -54.4403 
153.077 77.6082 151.48 -6.26282e-15 130.911 -54.45 
153.171 77.6504 151.494 -0 130.856 -54.4602 
153.267 77.6929 151.507 -2.50094e-14 130.8 -54.471 
153.364 77.7358 151.52 -1.24941e-14 130.744 -54.4822 
153.462 77.779 151.533 -0 130.688 -54.494 
153.561 77.8227 151.547 -1.24729e-14 130.631 -54.5063 
153.662 77.8667 151.56 1.24621e-14 130.573 -54.5192 
153.763 77.911 151.574 -6.22569e-15 130.515 -54.5326 
153.867 77.9558 151.587 6.22028e-15 130.457 -54.5467 
153.971 78.0009 151.601 -0 130.398 -54.5613 
154.077 78.0464 151.615 1.24188e-14 130.339 -54.5765 
154.185 78.0922 151.629 -1.24078e-14 130.279 -54.5924 
154.293 78.1384 151.642 -6.19839e-15 130.219 -54.6089 
154.403 78.185 151.656 6.19286e-15 130.159 -54.6261 
154.515 78.232 151.67 1.23746e-14 130.098 -54.6439 
154.628 78.2793 151.684 -1.23635e-14 130.036 -54.6624 
154.742 78.3269 151.699 6.17614e-15 129.974 -54.6817 
154.858 78.375 151.713 -6.17053e-15 129.912 -54.7016 
154.975 78.4234 151.727 1.84947e-14 129.85 -54.7223 
155.094 78.4721 151.741 1.23185e-14 129.786 -54.7438 
155.215 78.5212 151.756 -1.84607e-14 129.723 -54.766 
155.337 78.5707 151.77 -6.14786e-15 129.659 -54.789 
155.46 78.6205 151.785 -0 129.595 -54.8128 
155.585 78.6707 151.799 1.22728e-14 129.53 -54.8375 
155.712 78.7212 151.814 -0 129.465 -54.863 
155.84 78.7721 151.829 1.22498e-14 129.399 -54.8893 
155.97 78.8233 151.843 -1.22383e-14 129.333 -54.9166 
156.102 78.8749 151.858 -1.22267e-14 129.267 -54.9447 
156.235 78.9268 151.873 2.44301e-14 129.2 -54.9738 
156.37 78.9791 151.888 -6.1017e-15 129.133 -55.0038 
156.506 79.0317 151.903 -1.82876e-14 129.066 -55.0348 
156.645 79.0846 151.917 -0 128.998 -55.0668 
156.785 79.1379 151.932 -6.08415e-15 128.93 -55.0997 
156.927 79.1915 151.947 -1.21565e-14 128.861 -55.1337 
157.07 79.2455 151.963 -1.21448e-14 128.792 -55.1688 
157.216 79.2997 151.978 1.81995e-14 128.723 -55.2049 
157.363 79.3543 151.993 6.06058e-15 128.653 -55.2421 
157.512 79.4093 152.008 -0 128.583 -55.2804 
157.663 79.4645 152.023 1.81462e-14 128.512 -55.3199 
157.816 79.5201 152.038 6.04279e-15 128.442 -55.3605 
157.971 79.576 152.054 1.81105e-14 128.37 -55.4023 
158.128 79.6322 152.069 1.50772e-14 128.299 -55.4453 
158.287 79.6887 152.084 6.02493e-15 128.227 -55.4895 
158.448 79.7455 152.1 3.00948e-15 128.155 -55.5351 
158.611 79.8026 152.115 -1.2026e-14 128.083 -55.5819 
158.775 79.86 152.13 1.80211e-14 128.01 -55.63 
158.942 79.9177 152.146 -0 127.937 -55.6794 
159.112 79.9757 152.161 -8.99258e-15 127.863 -55.7302 
159.283 80.034 152.177 -8.9836e-15 127.789 -55.7824 
159.456 80.0926 152.192 -1.19662e-14 127.715 -55.836 
159.632 80.1515 152.208 5.97708e-15 127.641 -55.8911 
159.81 80.2106 152.223 8.95664e-15 127.566 -55.9476 
159.99 80.27 152.238 -5.9651e-15 127.491 -56.0056 
160.172 80.3297 152.254 -1.19182e-14 127.416 -56.0652 
160.357 80.3896 152.27 5.95311e-15 127.341 -56.1263 
160.544 80.4499 152.285 -5.94712e-15 127.265 -56.189 
160.733 80.5103 152.301 -8.91169e-15 127.189 -56.2534 
160.925 80.571 152.316 -8.90271e-15 127.113 -56.3193 
161.119 80.632 152.332 -1.18583e-14 127.036 -56.387 
161.316 80.6932 152.347 1.18464e-14 126.96 -56.4564 
161.515 80.7546 152.363 -0 126.883 -56.5275 
161.717 80.8163 152.378 -8.86685e-15 126.806 -56.6004 
161.921 80.8782 152.394 2.95263e-15 126.728 -56.6751 
162.128 80.9403 152.409 -2.94966e-15 126.65 -56.7517 
162.337 81.0026 152.425 -1.47334e-14 126.573 -56.8301 
162.549 81.0651 152.44 -5.88742e-15 126.495 -56.9105 
162.764 81.1278 152.456 -2.94074e-15 126.416 -56.9928 
162.982 81.1907 152.471 -1.17511e-14 126.338 -57.0771 
163.202 81.2538 152.487 -1.46741e-14 126.26 -57.1634 
163.425 81.3171 152.502 -1.17275e-14 126.181 -57.2517 
163.651 81.3805 152.517 -1.17157e-14 126.102 -57.3422 
163.88 81.4441 152.533 -0 126.023 -57.4347 
164.111 81.5079 152.548 -1.46153e-14 125.944 -57.5295 
164.346 81.5718 152.563 -2.92013e-15 125.865 -57.6264 
164.584 81.6358 152.579 -2.91722e-15 125.785 -57.7256 
164.824 81.7 152.594 2.91431e-15 125.706 -57.827 
165.068 81.7643 152.609 -1.4557e-14 125.626 -57.9308 
165.315 81.8288 152.624 -0 125.547 -58.0369 
165.565 81.8933 152.64 8.71688e-15 125.467 -58.1454 
165.818 81.9579 152.655 -8.70825e-15 125.387 -58.2564 
166.075 82.0226 152.67 -1.44994e-14 125.308 -58.3698 
166.334 82.0874 152.685 -1.44851e-14 125.228 -58.4858 
166.597 82.1523 152.7 5.78837e-15 125.148 -58.6043 
166.863 82.2172 152.715 -5.7827e-15 125.068 -58.7254 
167.133 82.2821 152.73 -5.77705e-15 124.988 -58.8491 
167.406 82.3471 152.745 -1.15429e-14 124.908 -58.9756 
167.683 82.4122 152.759 8.64874e-15 124.828 -59.1047 
167.963 82.4772 152.774 -7.20032e-15 124.749 -59.2366 
168.247 82.5422 152.789 -4.31603e-15 124.669 -59.3714 
168.533 82.6071 152.803 1.4373e-15 124.59 -59.5086 
168.822 82.6717 152.818 2.87187e-15 124.511 -59.648 
169.113 82.7358 152.832 -5.73834e-15 124.432 -59.7897 
169.406 82.7997 152.846 -8.59949e-15 124.354 -59.9335 
169.701 82.8631 152.86 1.28873e-14 124.277 -60.0795 
169.999 82.9262 152.874 -0 124.2 -60.2278 
170.299 82.989 152.888 1.00052e-14 124.123 -60.3783 
170.601 83.0513 152.902 -1.28524e-14 124.047 -60.531 
170.905 83.1132 152.915 -7.13386e-15 123.972 -60.686 
171.212 83.1748 152.929 -5.70207e-15 123.897 -60.8433 
171.52 83.2359 152.942 -7.12138e-15 123.822 -61.0028 
171.831 83.2967 152.955 7.11524e-15 123.748 -61.1646 
172.145 83.357 152.968 1.42183e-14 123.675 -61.3286 
172.46 83.4169 152.981 1.42063e-15 123.603 -61.495 
172.778 83.4763 152.993 4.25834e-15 123.53 -61.6636 
173.099 83.5353 153.006 7.09138e-15 123.459 -61.8345 
173.421 83.5939 153.018 -7.08558e-15 123.388 -62.0077 
173.746 83.652 153.031 2.83194e-15 123.317 -62.1833 
174.073 83.7096 153.043 -9.19646e-15 123.248 -62.3611 
174.403 83.7667 153.055 2.12058e-15 123.179 -62.5413 
174.734 83.8234 153.067 1.13009e-14 123.11 -62.7237 
175.068 83.8796 153.078 -6.35188e-15 123.042 -62.9085 
175.405 83.9353 153.09 -9.16794e-15 122.975 -63.0956 
175.744 83.9905 153.101 -1.19798e-14 122.908 -63.285 
176.085 84.0451 153.113 -4.92919e-15 122.842 -63.4768 
176.428 84.0993 153.124 -2.81461e-15 122.777 -63.6708 
176.774 84.1529 153.135 -7.03143e-16 122.712 -63.8672 
177.122 84.2059 153.146 -3.86452e-15 122.648 -64.0658 
177.472 84.2585 153.157 5.61714e-15 122.585 -64.2668 
177.824 84.3104 153.167 4.20992e-15 122.522 -64.4701 
178.179 84.3619 153.178 7.01171e-15 122.46 -64.6757 
178.537 84.4127 153.188 7.88282e-15 122.399 -64.8836 
178.896 84.463 153.198 -1.20789e-14 122.339 -65.0938 
179.258 84.5126 153.208 -2.44918e-15 122.279 -65.3063 
179.622 84.5617 153.218 -3.36543e-15 122.22 -65.5211 
179.988 84.6102 153.228 -1.05389e-14 122.162 -65.7381 
-179.643 84.6581 153.238 -1.08255e-14 122.104 -65.9574 
-179.272 84.7053 153.247 1.48323e-15 122.048 -66.179 
-178.899 84.7519 153.257 -1.13354e-14 121.992 -66.4028 
-178.524 84.7979 153.266 -1.20257e-14 121.936 -66.6288 
-178.146 84.8433 153.275 -0 121.882 -66.857 
-177.767 84.888 153.284 -6.96326e-16 121.828 -67.0875 
-177.385 84.932 153.293 -8.69909e-15 121.775 -67.3201 
-177.001 84.9754 153.301 -6.95536e-15 121.723 -67.5549 
-176.614 85.0181 153.31 -8.34183e-15 121.672 -67.7919 
-176.226 85.0601 153.318 -6.25298e-15 121.622 -68.031 
-175.835 85.1014 153.326 -5.55525e-15 121.572 -68.2722 
-175.443 85.142 153.335 -5.55235e-15 121.523 -68.5156 
-175.048 85.182 153.342 -4.16213e-15 121.476 -68.761 
-174.651 85.2212 153.35 6.9334e-15 121.429 -69.0085 
-174.252 85.2596 153.358 -9.00899e-15 121.382 -69.2581 
-173.851 85.2974 153.366 -2.078e-15 121.337 -69.5096 
-173.449 85.3344 153.373 -6.92339e-16 121.293 -69.7632 
-173.044 85.3707 153.38 -1.38404e-15 121.249 -70.0187 
-172.637 85.4062 153.387 -4.15024e-15 121.206 -70.2761 
-172.228 85.441 153.394 4.14841e-15 121.165 -70.5355 
-171.818 85.475 153.401 -5.52884e-15 121.124 -70.7968 
-171.405 85.5083 153.408 9.6714e-15 121.084 -71.0599 
-170.991 85.5407 153.414 5.52425e-15 121.045 -71.3249 
-170.575 85.5724 153.421 2.76102e-15 121.007 -71.5916 
-170.157 85.6033 153.427 -0 120.97 -71.8601 
-169.738 85.6333 153.433 5.5178e-15 120.934 -72.1304 
-169.316 85.6626 153.439 2.75788e-15 120.898 -72.4023 
-168.894 85.6911 153.445 -1.37845e-15 120.864 -72.6759 
-168.469 85.7187 153.451 4.13391e-15 120.831 -72.9511 
-168.043 85.7456 153.456 6.88753e-15 120.798 -73.2279 
-167.615 85.7716 153.462 -2.75411e-15 120.767 -73.5063 
-167.186 85.7967 153.467 6.8831e-15 120.737 -73.7861 
-166.755 85.821 153.472 4.1286e-15 120.707 -74.0675 
-166.323 85.8445 153.477 -1.3758e-15 120.679 -74.3502 
-165.89 85.8671 153.482 4.12621e-15 120.651 -74.6344 
-165.455 85.8889 153.486 -5.50011e-15 120.625 -74.9199 
-165.019 85.9098 153.491 -1.2372e-14 120.599 -75.2066 
-164.582 85.9298 153.495 -1.09946e-14 120.575 -75.4947 
-164.143 85.9489 153.5 8.24394e-15 120.552 -75.7839 
-163.704 85.9672 153.504 2.74735e-15 120.529 -76.0743 
-163.263 85.9846 153.508 1.0987e-14 120.508 -76.3658 
-162.821 86.0011 153.511 5.49234e-15 120.487 -76.6584 
-162.378 86.0168 153.515 8.23687e-15 120.468 -76.952 
-161.934 86.0315 153.519 5.49022e-15 120.45 -77.2466 
-161.489 86.0453 153.522 -0 120.433 -77.542 
-161.044 86.0582 153.525 -5.48834e-15 120.417 -77.8384 
-160.597 86.0703 153.528 -0 120.401 -78.1355 
-160.15 86.0814 153.531 2.74335e-15 120.387 -78.4334 
-159.702 86.0916 153.534 2.74298e-15 120.374 -78.7321 
-159.253 86.1009 153.537 -5.4853e-15 120.362 -79.0313 
-158.804 86.1092 153.539 8.22703e-15 120.351 -79.3312 
-158.355 86.1167 153.542 5.48414e-15 120.342 -79.6316 
-157.904 86.1232 153.544 2.74182e-15 120.333 -79.9326 
-157.454 86.1288 153.546 -5.48321e-15 120.325 -80.2339 
-157.003 86.1335 153.548 1.09657e-14 120.318 -80.5357 
-156.551 86.1373 153.55 -8.2238e-15 120.313 -80.8377 
-156.1 86.1401 153.551 5.48228e-15 120.308 -81.1401 
-155.648 86.1421 153.553 5.48209e-15 120.305 -81.4426 
-155.196 86.143 153.554 5.48196e-15 120.303 -81.7453 
-154.744 86.1431 153.556 -2.74094e-15 120.301 -82.0482 
-154.291 86.1422 153.557 -8.22281e-15 120.301 -82.351 
-153.839 86.1404 153.558 -1.09638e-14 120.302 -82.6539 
-153.387 86.1377 153.558 -8.22305e-15 120.304 -82.9567 
-152.935 86.134 153.559 -5.4822e-15 120.307 -83.2593 
-152.483 86.1294 153.559 -5.48243e-15 120.311 -83.5618 
-152.032 86.1239 153.56 -8.22408e-15 120.316 -83.8641 
-151.581 86.1175 153.56 1.09661e-14 120.323 -84.166 
-151.13 86.1101 153.56 5.48348e-15 120.33 -84.4677 
-150.679 86.1018 153.56 -0 120.338 -84.7689 
-150.229 86.0926 153.56 2.74224e-15 120.348 -85.0696 
-149.78 86.0824 153.559 8.2276e-15 120.358 -85.3699 
-149.331 86.0714 153.559 8.22857e-15 120.37 -85.6696 
-148.882 86.0594 153.558 2.74321e-15 120.382 -85.9686 
-148.435 86.0465 153.557 -0 120.396 -86.267 
-147.988 86.0327 153.557 8.23203e-15 120.411 -86.5647 
-147.541 86.018 153.555 8.23336e-15 120.427 -86.8616 
-147.096 86.0023 153.554 -5.48986e-15 120.443 -87.1577 
-146.652 85.9858 153.553 1.09817e-14 120.461 -87.4528 
-146.208 85.9684 153.551 5.49194e-15 120.48 -87.7471 
-145.765 85.9501 153.55 -8.2396e-15 120.5 -88.0403 
-145.324 85.9309 153.548 8.24138e-15 120.521 -88.3326 
-144.883 85.9108 153.546 2.74775e-15 120.543 -88.6237 
-144.444 85.8898 153.544 -8.24521e-15 120.567 -88.9138 
-144.006 85.8679 153.541 2.74909e-15 120.591 -89.2026 
-143.569 85.8452 153.539 1.09992e-14 120.616 -89.4902 
-143.133 85.8216 153.537 5.50109e-15 120.642 -89.7766 
-142.699 85.7971 153.534 -1.37566e-14 120.669 -90.0616 
-142.266 85.7717 153.531 -1.65127e-14 120.697 -90.3453 
-141.834 85.7456 153.528 2.75295e-15 120.726 -90.6276 
-141.404 85.7185 153.525 -1.10153e-14 120.757 -90.9085 
-140.976 85.6906 153.522 -8.26412e-15 120.788 -91.1879 
-140.548 85.6619 153.518 -2.75563e-15 120.82 -91.4657 
-140.123 85.6323 153.515 -8.26973e-15 120.853 -91.742 
-139.699 85.6019 153.511 -0 120.887 -92.0167 
-139.277 85.5707 153.507 -1.10343e-14 120.922 -92.2898 
-138.856 85.5387 153.503 -0 120.958 -92.5611 
-138.437 85.5059 153.499 -2.76068e-15 120.995 -92.8308 
-138.02 85.4722 153.495 1.65706e-14 121.033 -93.0988 
-137.604 85.4378 153.49 -1.10516e-14 121.072 -93.3649 
-137.191 85.4026 153.486 -5.52812e-15 121.112 -93.6293 
-136.779 85.3666 153.481 -0 121.152 -93.8918 
-136.369 85.3298 153.476 -1.10658e-14 121.194 -94.1524 
-135.961 85.2922 153.471 -5.53541e-15 121.236 -94.4112 
-135.555 85.2539 153.466 5.53796e-15 121.28 -94.668 
-135.15 85.2148 153.461 -1.10811e-14 121.324 -94.9229 
-134.748 85.175 153.456 -1.10865e-14 121.369 -95.1758 
-134.348 85.1345 153.45 -0 121.416 -95.4267 
-133.95 85.0932 153.444 -1.10975e-14 121.463 -95.6755 
-133.554 85.0512 153.438 -0 121.51 -95.9224 
-133.16 85.0084 153.432 -0 121.559 -96.1671 
-132.768 84.965 153.426 1.66723e-14 121.609 -96.4098 
-132.378 84.9208 153.42 -0 121.659 -96.6503 
-131.99 84.876 153.414 -0 121.71 -96.8887 
-131.605 84.8305 153.407 -1.11333e-14 121.762 -97.125 
-131.221 84.7843 153.4 5.56983e-15 121.815 -97.3591 
-130.84 84.7374 153.394 -0 121.869 -97.591 
-130.461 84.6898 153.387 -1.11527e-14 121.924 -97.8207 
-130.084 84.6416 153.379 -0 121.979 -98.0483 
-129.71 84.5928 153.372 -1.11663e-14 122.035 -98.2735 
-129.337 84.5433 153.365 -1.67599e-14 122.092 -98.4966 
-128.967 84.4931 153.357 1.11803e-14 122.15 -98.7174 
-128.599 84.4424 153.349 -0 122.208 -98.936 
-128.234 84.391 153.342 1.11948e-14 122.267 -99.1523 
-127.87 84.3391 153.334 -0 122.327 -99.3663 
-127.509 84.2865 153.326 1.68146e-14 122.388 -99.578 
-127.151 84.2333 153.317 -0 122.449 -99.7874 
-126.794 84.1796 153.309 -0 122.512 -99.9946 
-126.44 84.1252 153.3 1.1233e-14 122.574 -100.199 
-126.088 84.0703 153.292 -1.12409e-14 122.638 -100.402 
-125.739 84.0149 153.283 -5.62451e-15 122.702 -100.602 
-125.391 83.9589 153.274 5.62861e-15 122.767 -100.8 
-125.046 83.9023 153.265 5.63277e-15 122.833 -100.996 
-124.704 83.8452 153.256 -1.6911e-14 122.899 -101.189 
-124.364 83.7876 153.246 5.64126e-15 122.966 -101.38 
-124.026 83.7295 153.237 -0 123.034 -101.569 
-123.69 83.6708 153.227 1.69499e-14 123.102 -101.755 
-123.357 83.6116 153.217 1.13088e-14 123.171 -101.939 
-123.026 83.552 153.207 -0 123.241 -102.121 
-122.697 83.4919 153.197 -0 123.311 -102.3 
-122.371 83.4312 153.187 -5.66807e-15 123.382 -102.477 
-122.046 83.3701 153.177 -5.67274e-15 123.453 -102.652 
-121.725 83.3086 153.166 5.67746e-15 123.525 -102.824 
-121.405 83.2465 153.155 5.68224e-15 123.598 -102.995 
-121.088 83.1841 153.145 1.70612e-14 123.671 -103.162 
-120.773 83.1212 153.134 -5.69197e-15 123.745 -103.328 
-120.461 83.0578 153.123 5.69691e-15 123.82 -103.491 
-120.15 82.994 153.111 -0 123.894 -103.652 
-119.842 82.9298 153.1 -5.70698e-15 123.97 -103.811 
-119.536 82.8652 153.089 5.71209e-15 124.046 -103.968 
-119.233 82.8002 153.077 -0 124.123 -104.122 
-118.932 82.7348 153.065 1.1445e-14 124.2 -104.274 
-118.632 82.669 153.053 -1.14555e-14 124.278 -104.424 
-118.336 82.6028 153.041 -1.71993e-14 124.356 -104.571 
-118.041 82.5363 153.029 -1.1477e-14 124.434 -104.717 
-117.749 82.4693 153.017 1.14879e-14 124.514 -104.86 
-117.458 82.402 153.005 8.6242e-15 124.593 -105.001 
-117.17 82.3344 152.992 -0 124.674 -105.139 
-116.885 82.2664 152.979 -0 124.754 -105.276 
-116.601 82.1981 152.966 -0 124.835 -105.41 
-116.319 82.1294 152.953 -8.65807e-15 124.917 -105.542 
-116.04 82.0604 152.94 -1.44446e-14 124.999 -105.672 
-115.763 81.9911 152.927 1.44592e-14 125.082 -105.8 
-115.488 81.9214 152.914 1.15791e-14 125.165 -105.926 
-115.215 81.8515 152.9 -0 125.248 -106.05 
-114.944 81.7813 152.887 -1.74046e-14 125.332 -106.171 
-114.675 81.7107 152.873 2.9038e-15 125.416 -106.291 
-114.408 81.6399 152.859 -2.90686e-15 125.501 -106.408 
-114.144 81.5688 152.845 -8.72984e-15 125.586 -106.524 
-113.881 81.4975 152.831 -1.16523e-14 125.672 -106.637 
-113.621 81.4258 152.816 -8.74863e-15 125.758 -106.748 
-113.362 81.3539 152.802 2.91938e-15 125.844 -106.857 
-113.106 81.2818 152.787 5.84516e-15 125.931 -106.965 
-112.851 81.2094 152.773 -0 126.018 -107.07 
-112.598 81.1367 152.758 -2.92906e-15 126.106 -107.173 
-112.348 81.0638 152.743 5.8647e-15 126.194 -107.274 
-112.099 80.9907 152.728 2.93566e-15 126.282 -107.374 
-111.853 80.9174 152.712 -1.1756e-14 126.37 -107.471 
-111.608 80.8438 152.697 -5.88474e-15 126.459 -107.566 
-111.365 80.77 152.681 -1.17831e-14 126.549 -107.66 
-111.124 80.696 152.666 2.94919e-15 126.638 -107.751 
-110.885 80.6218 152.65 -8.85792e-15 126.728 -107.841 
-110.648 80.5475 152.634 -5.91224e-15 126.819 -107.929 
-110.413 80.4729 152.618 2.95963e-15 126.909 -108.015 
-110.179 80.3981 152.602 2.96316e-15 127 -108.099 
-109.948 80.3232 152.585 2.96673e-15 127.091 -108.181 
-109.718 80.2481 152.569 5.94064e-15 127.183 -108.262 
-109.49 80.1728 152.552 -5.94788e-15 127.275 -108.341 
-109.264 80.0973 152.536 -5.95518e-15 127.367 -108.417 
-109.04 80.0217 152.519 -0 127.459 -108.492 
-108.817 79.9459 152.502 8.95492e-15 127.552 -108.566 
-108.596 79.87 152.485 -2.98871e-15 127.645 -108.637 
-108.377 79.7939 152.468 2.99247e-15 127.738 -108.707 
-108.159 79.7177 152.45 -1.1985e-14 127.832 -108.775 
-107.944 79.6414 152.433 9.00024e-15 127.926 -108.842 
-107.73 79.5649 152.415 3.00393e-15 128.02 -108.906 
-107.517 79.4884 152.397 -9.02341e-15 128.114 -108.97 
-107.307 79.4116 152.38 6.02342e-15 128.209 -109.031 
-107.098 79.3348 152.362 -3.01564e-15 128.304 -109.091 
-106.89 79.2579 152.343 3.0196e-15 128.399 -109.149 
-106.684 79.1808 152.325 9.07078e-15 128.494 -109.205 
-106.48 79.1037 152.307 -0 128.59 -109.26 
-106.278 79.0264 152.288 3.03166e-15 128.685 -109.313 
-106.077 78.9491 152.27 -3.03573e-15 128.781 -109.365 
-105.877 78.8717 152.251 -9.11952e-15 128.877 -109.415 
-105.68 78.7941 152.232 -9.13192e-15 128.974 -109.464 
-105.483 78.7166 152.213 -0 129.07 -109.511 
-105.288 78.6389 152.194 -0 129.167 -109.556 
-105.095 78.5611 152.175 -3.05655e-15 129.264 -109.6 
-104.903 78.4833 152.155 1.83648e-14 129.362 -109.643 
-104.713 78.4055 152.136 -1.22603e-14 129.459 -109.683 
-104.524 78.3275 152.116 9.20815e-15 129.557 -109.723 
-104.337 78.2495 152.096 -1.53686e-14 129.654 -109.761 
-104.151 78.1715 152.076 1.53904e-14 129.752 -109.798 
-103.967 78.0934 152.056 1.23299e-14 129.85 -109.833 
-103.784 78.0152 152.036 -1.23476e-14 129.949 -109.866 
-103.602 77.9371 152.016 -3.09136e-15 130.047 -109.899 
-103.422 77.8588 151.996 -3.09584e-15 130.146 -109.93 
-103.243 77.7806 151.975 9.30106e-15 130.244 -109.959 
-103.066 77.7023 151.954 3.10489e-15 130.343 -109.987 
-102.89 77.624 151.934 -1.55473e-14 130.442 -110.014 
-102.715 77.5457 151.913 -6.22813e-15 130.542 -110.04 
-102.541 77.4673 151.892 6.23739e-15 130.641 -110.064 
-102.369 77.3889 151.871 1.24934e-14 130.74 -110.086 
-102.199 77.3106 151.849 -9.38414e-15 130.84 -110.108 
-102.029 77.2322 151.828 -9.3983e-15 130.94 -110.128 
-101.861 77.1538 151.806 6.27503e-15 131.04 -110.147 
-101.694 77.0754 151.785 -0 131.14 -110.164 
-101.528 76.997 151.763 -3.14711e-15 131.24 -110.181 
-101.364 76.9186 151.741 -0 131.34 -110.196 
-101.201 76.8402 151.719 -3.15682e-15 131.441 -110.21 
-101.039 76.7618 151.697 1.26469e-14 131.541 -110.222 
-100.878 76.6834 151.675 -9.49994e-15 131.642 -110.234 
-100.719 76.605 151.653 -3.17161e-15 131.742 -110.244 
-100.561 76.5267 151.63 -3.1766e-15 131.843 -110.253 
-100.403 76.4484 151.608 1.90897e-14 131.944 -110.261 
-100.248 76.3701 151.585 -9.56002e-15 132.045 -110.267 
-100.093 76.2918 151.562 1.2767e-14 132.146 -110.273 
-99.9392 76.2135 151.539 -3.19687e-15 132.247 -110.277 
-99.7867 76.1353 151.516 6.40403e-15 132.349 -110.28 
-99.6354 76.0572 151.493 3.20719e-15 132.45 -110.282 
-99.4852 75.979 151.47 3.2124e-15 132.551 -110.283 
-99.3361 75.9009 151.446 1.93058e-14 132.653 -110.283 
-99.1881 75.8228 151.423 1.28916e-14 132.754 -110.282 
-99.0412 75.7448 151.399 -9.68462e-15 132.856 -110.279 
-98.8954 75.6669 151.375 6.46708e-15 132.958 -110.276 
-98.7507 75.5889 151.351 -0 133.06 -110.271 
-98.607 75.5111 151.327 3.2443e-15 133.161 -110.266 
-98.4643 75.4333 151.303 3.24972e-15 133.263 -110.259 
-98.3227 75.3555 151.279 -0 133.365 -110.251 
-98.1822 75.2778 151.255 9.78201e-15 133.467 -110.242 
-98.0426 75.2002 151.23 -8.16548e-15 133.569 -110.233 
-97.9041 75.1226 151.206 -8.17936e-15 133.672 -110.222 
-97.7666 75.0451 151.181 -1.63866e-15 133.774 -110.21 
-97.63 74.9676 151.156 1.64147e-15 133.876 -110.197 
-97.4945 74.8903 151.131 -1.6443e-14 133.978 -110.184 
-97.3599 74.813 151.106 -8.23569e-15 134.081 -110.169 
-97.2263 74.7358 151.081 -3.29999e-15 134.183 -110.153 
-97.0937 74.6586 151.056 1.65287e-14 134.285 -110.137 
-96.962 74.5815 151.031 1.65576e-15 134.388 -110.119 
-96.8312 74.5046 151.005 -8.29332e-15 134.49 -110.1 
-96.7014 74.4277 150.98 1.66159e-14 134.593 -110.081 
-96.5725 74.3508 150.954 4.99358e-15 134.695 -110.061 
-96.4445 74.2741 150.928 1.83423e-14 134.798 -110.039 
-96.3174 74.1975 150.902 1.33636e-14 134.9 -110.017 
-96.1912 74.1209 150.876 1.33875e-14 135.003 -109.994 
-96.0659 74.0444 150.85 1.34116e-14 135.106 -109.97 
-95.9415 73.9681 150.824 1.67947e-14 135.208 -109.945 
-95.818 73.8918 150.797 6.73003e-15 135.311 -109.919 
-95.6953 73.8156 150.771 -1.68556e-15 135.413 -109.893 
-95.5735 73.7395 150.744 -5.0659e-15 135.516 -109.865 
-95.4525 73.6636 150.718 -1.52255e-14 135.619 -109.837 
-95.3324 73.5877 150.691 -1.69483e-14 135.721 -109.808 
-95.2131 73.5119 150.664 -5.09386e-15 135.824 -109.778 
-95.0946 73.4363 150.637 -1.70109e-15 135.927 -109.747 
-94.977 73.3607 150.61 1.70425e-14 136.029 -109.715 
-94.8601 73.2853 150.583 6.82971e-15 136.132 -109.683 
-94.7441 73.2099 150.555 -6.84247e-15 136.235 -109.649 
-94.6288 73.1347 150.528 -1.19968e-14 136.338 -109.615 
-94.5144 73.0596 150.5 1.37364e-14 136.44 -109.58 
-94.4007 72.9846 150.473 -3.4406e-15 136.543 -109.545 
-94.2878 72.9097 150.445 -1.72356e-15 136.646 -109.508 
-94.1757 72.8349 150.417 -1.72684e-14 136.748 -109.471 
-94.0643 72.7603 150.389 1.03808e-14 136.851 -109.433 
-93.9537 72.6858 150.361 2.42683e-14 136.953 -109.395 
-93.8439 72.6114 150.333 1.04207e-14 137.056 -109.355 
-93.7347 72.5371 150.304 -1.56612e-14 137.159 -109.315 
-93.6263 72.4629 150.276 1.48198e-14 137.261 -109.274 
-93.5187 72.3889 150.247 8.73445e-15 137.364 -109.233 
-93.4117 72.315 150.219 -1.13769e-14 137.466 -109.19 
-93.3055 72.2412 150.19 -1.2276e-14 137.569 -109.147 
-93.2 72.1676 150.161 -7.02863e-15 137.671 -109.103 
-93.0952 72.0941 150.132 4.40154e-15 137.774 -109.059 
-92.991 72.0207 150.103 -1.14666e-14 137.876 -109.014 
-92.8876 71.9474 150.074 -5.30277e-15 137.978 -108.968 
-92.7848 71.8743 150.045 7.96997e-15 138.081 -108.921 
-92.6828 71.8013 150.016 1.41971e-14 138.183 -108.874 
-92.5814 71.7285 149.986 -2.66728e-15 138.285 -108.826 
-92.4806 71.6558 149.957 -1.69267e-14 138.388 -108.778 
-92.3805 71.5832 149.927 -1.42828e-14 138.49 -108.728 
-92.2811 71.5108 149.897 -4.47239e-15 138.592 -108.678 
-92.1823 71.4385 149.867 -9.8592e-15 138.694 -108.628 
-92.0842 71.3664 149.837 -1.34717e-14 138.796 -108.577 
-91.9867 71.2944 149.807 -1.88989e-14 138.898 -108.525 
-91.8898 71.2225 149.777 9.91967e-15 139 -108.473 
-91.7935 71.1508 149.747 9.0364e-15 139.102 -108.42 
-91.6979 71.0792 149.716 -1.4488e-14 139.204 -108.366 
-91.6029 71.0078 149.686 1.90548e-14 139.306 -108.312 
-91.5085 70.9365 149.655 1.54573e-14 139.408 -108.257 
-91.4147 70.8654 149.625 -3.189e-15 139.51 -108.201 
-91.3215 70.7944 149.594 9.13044e-15 139.612 -108.145 
-91.2288 70.7236 149.563 2.83636e-14 139.713 -108.088 
-91.1368 70.6529 149.532 3.6675e-15 139.815 -108.031 
-91.0454 70.5824 149.501 -1.37821e-14 139.917 -107.973 
-90.9545 70.512 149.47 1.84149e-15 140.018 -107.915 
-90.8642 70.4418 149.439 -3.22943e-15 140.12 -107.856 
-90.7745 70.3718 149.407 -1.20205e-14 140.221 -107.796 
-90.6853 70.3019 149.376 -1.45943e-14 140.322 -107.736 
-90.5967 70.2321 149.344 1.11433e-14 140.424 -107.675 
-90.5086 70.1625 149.313 1.27957e-14 140.525 -107.614 
-90.4211 70.0931 149.281 1.46884e-14 140.626 -107.552 
-90.3341 70.0238 149.249 -4.55622e-15 140.727 -107.49 
-90.2477 69.9547 149.217 -2.64598e-14 140.828 -107.427 
-90.1618 69.8857 149.185 -2.63999e-15 140.929 -107.364 
-90.0765 69.8169 149.153 2.73393e-15 141.03 -107.3 
-89.9916 69.7483 149.121 -1.49332e-14 141.131 -107.235 
-89.9073 69.6798 149.088 -2.45063e-15 141.232 -107.17 
-89.8235 69.6115 149.056 -1.6334e-14 141.333 -107.105 
-89.7402 69.5433 149.024 -1.53023e-14 141.433 -107.039 
-89.6574 69.4753 148.991 1.26018e-14 141.534 -106.972 
-89.5751 69.4075 148.958 4.28933e-15 141.634 -106.905 
-89.4934 69.3398 148.925 3.58238e-15 141.735 -106.838 
-89.4121 69.2723 148.893 1.26859e-14 141.835 -106.77 
-89.3313 69.205 148.86 -7.67655e-15 141.935 -106.701 
-89.251 69.1378 148.827 9.13633e-15 142.036 -106.632 
-89.1711 69.0708 148.793 1.30124e-14 142.136 -106.563 
-89.0918 69.004 148.76 9.66052e-16 142.236 -106.493 
-89.0129 68.9373 148.727 1.59759e-14 142.336 -106.423 
-88.9345 68.8708 148.693 -1.64973e-14 142.436 -106.352 
-88.8566 68.8044 148.66 1.70211e-14 142.536 -106.28 
-88.7791 68.7383 148.626 1.65725e-14 142.636 -106.208 
-88.7021 68.6723 148.592 1.85645e-14 142.735 -106.136 
-88.6255 68.6064 148.559 1.71381e-14 142.835 -106.063 
-88.5494 68.5408 148.525 -1.47236e-15 142.934 -105.99 
-88.4738 68.4753 148.491 -8.85451e-15 143.034 -105.917 
-88.3985 68.41 148.457 -7.88887e-15 143.133 -105.842 
-88.3238 68.3448 148.423 -2.56983e-14 143.233 -105.768 
-88.2494 68.2799 148.388 9.90692e-15 143.332 -105.693 
-88.1755 68.2151 148.354 -0 143.431 -105.618 
-88.102 68.1504 148.32 -8.95791e-15 143.53 -105.542 
-88.029 68.086 148.285 -1.99531e-15 143.629 -105.466 
-87.9564 68.0217 148.25 1.1e-14 143.728 -105.389 
-87.8841 67.9576 148.216 1.00236e-14 143.827 -105.312 
-87.8124 67.8936 148.181 -1.20567e-14 143.925 -105.234 
-87.741 67.8299 148.146 -2.11493e-14 144.024 -105.156 
-87.67 67.7663 148.111 -2.01901e-14 144.123 -105.078 
-87.5994 67.7029 148.076 -8.09527e-15 144.221 -104.999 
-87.5293 67.6396 148.041 -2.63725e-14 144.32 -104.92 
-87.4595 67.5766 148.006 6.10055e-15 144.418 -104.841 
-87.3901 67.5137 147.97 -3.0576e-15 144.516 -104.761 
-87.3212 67.451 147.935 1.22599e-14 144.614 -104.68 
-87.2526 67.3884 147.899 -1.22895e-14 144.712 -104.6 
-87.1844 67.3261 147.864 -2.05321e-15 144.81 -104.519 
-87.1166 67.2639 147.828 -1.0291e-14 144.908 -104.437 
-87.0491 67.2019 147.792 -6.18964e-15 145.006 -104.355 
-86.9821 67.14 147.757 8.273e-15 145.103 -104.273 
-86.9154 67.0784 147.721 6.21995e-15 145.201 -104.19 
-86.8491 67.0169 147.685 -0 145.298 -104.107 
-86.7831 66.9556 147.649 -4.16705e-15 145.396 -104.024 
-86.7176 66.8945 147.612 1.8798e-14 145.493 -103.94 
-86.6523 66.8335 147.576 8.37535e-15 145.59 -103.856 
-86.5875 66.7728 147.54 -1.88913e-14 145.687 -103.772 
-86.523 66.7122 147.503 1.89383e-14 145.784 -103.687 
-86.4589 66.6518 147.467 -8.43803e-15 145.881 -103.602 
-86.3951 66.5916 147.43 1.05739e-14 145.978 -103.516 
-86.3316 66.5315 147.394 1.48406e-14 146.075 -103.43 
-86.2685 66.4716 147.357 -1.06271e-14 146.171 -103.344 
-86.2058 66.4119 147.32 -0 146.268 -103.258 
-86.1434 66.3524 147.283 -6.40851e-15 146.364 -103.171 
-86.0813 66.2931 147.246 -0 146.461 -103.083 
-86.0196 66.2339 147.209 2.57643e-14 146.557 -102.996 
-85.9582 66.1749 147.172 -2.36775e-14 146.653 -102.908 
-85.8971 66.1161 147.135 -6.474e-15 146.749 -102.82 
-85.8364 66.0575 147.097 1.94718e-14 146.845 -102.731 
-85.7759 65.9991 147.06 -1.73527e-14 146.941 -102.642 
-85.7158 65.9408 147.022 -2.39214e-14 147.037 -102.553 
-85.6561 65.8827 146.985 1.74423e-14 147.132 -102.464 
-85.5966 65.8248 146.947 2.18594e-15 147.228 -102.374 
-85.5375 65.7671 146.909 -0 147.323 -102.284 
-85.4787 65.7095 146.872 -1.53812e-14 147.419 -102.193 
-85.4201 65.6522 146.834 -6.60914e-15 147.514 -102.102 
-85.3619 65.595 146.796 1.98793e-14 147.609 -102.011 
-85.304 65.538 146.758 -8.85843e-15 147.704 -101.92 
-85.2464 65.4812 146.72 -3.1086e-14 147.799 -101.828 
-85.1892 65.4245 146.681 8.90515e-15 147.894 -101.736 
-85.1322 65.3681 146.643 -8.92869e-15 147.989 -101.644 
-85.0755 65.3118 146.605 1.79047e-14 148.083 -101.551 
-85.0191 65.2557 146.566 2.01963e-14 148.178 -101.458 
-84.963 65.1997 146.528 -1.12501e-14 148.272 -101.365 
-84.9071 65.144 146.489 1.35362e-14 148.367 -101.272 
-84.8516 65.0884 146.451 2.48828e-14 148.461 -101.178 
-84.7964 65.033 146.412 -9.07259e-15 148.555 -101.084 
-84.7414 64.9778 146.373 4.54851e-15 148.649 -100.989 
-84.6868 64.9228 146.334 -3.19255e-14 148.743 -100.895 
-84.6324 64.868 146.295 1.37194e-14 148.837 -100.8 
-84.5782 64.8133 146.256 -1.37566e-14 148.931 -100.705 
-84.5244 64.7588 146.217 -9.19603e-15 149.024 -100.609 
-84.4708 64.7045 146.178 -1.38317e-14 149.118 -100.514 
-84.4175 64.6504 146.138 1.84927e-14 149.211 -100.417 
-84.3645 64.5964 146.099 -1.85434e-14 149.305 -100.321 
-84.3118 64.5426 146.06 -2.32429e-14 149.398 -100.225 
-84.2593 64.489 146.02 -4.6614e-15 149.491 -100.128 
-84.2071 64.4356 145.981 -9.34857e-15 149.584 -100.031 
-84.1551 64.3824 145.941 -2.81234e-14 149.677 -99.9334 
-84.1034 64.3293 145.901 9.40051e-15 149.769 -99.8358 
-84.052 64.2765 145.861 1.88534e-14 149.862 -99.738 
-84.0008 64.2238 145.821 -3.7812e-14 149.955 -99.6399 
-83.9498 64.1712 145.782 -1.42192e-14 150.047 -99.5415 
-83.8992 64.1189 145.742 -1.42591e-14 150.14 -99.4429 
-83.8487 64.0667 145.701 -4.76642e-15 150.232 -99.344 
-83.7986 64.0147 145.661 -0 150.324 -99.2449 
-83.7486 63.9629 145.621 9.58677e-15 150.416 -99.1455 
-83.699 63.9113 145.581 -9.61396e-15 150.508 -99.0459 
-83.6495 63.8599 145.54 -0 150.6 -98.946 
-83.6003 63.8086 145.5 -4.83439e-15 150.692 -98.8459 
-83.5514 63.7575 145.459 -1.93928e-14 150.783 -98.7455 
-83.5027 63.7066 145.419 -1.94484e-14 150.875 -98.645 
-83.4542 63.6558 145.378 -1.46282e-14 150.966 -98.5441 
-83.4059 63.6053 145.337 -1.46704e-14 151.057 -98.4431 
-83.3579 63.5549 145.296 -9.80849e-15 151.149 -98.3418 
-83.3102 63.5047 145.256 -9.83689e-15 151.24 -98.2403 
-83.2626 63.4547 145.215 -1.97309e-14 151.331 -98.1385 
-83.2153 63.4048 145.174 1.97883e-14 151.422 -98.0365 
-83.1682 63.3551 145.132 1.98461e-14 151.512 -97.9343 
-83.1214 63.3056 145.091 -2.48802e-14 151.603 -97.8318 
-83.0747 63.2563 145.05 -4.99064e-15 151.694 -97.7292 
-83.0283 63.2071 145.009 -5.00532e-15 151.784 -97.6263 
-82.9821 63.1582 144.967 -2.00803e-14 151.875 -97.5232 
-82.9362 63.1094 144.926 -0 151.965 -97.4199 
-82.8904 63.0607 144.884 1.51496e-14 152.055 -97.3163 
-82.8449 63.0123 144.843 -1.51946e-14 152.145 -97.2125 
-82.7996 62.964 144.801 2.53998e-14 152.235 -97.1086 
-82.7545 62.9159 144.759 -2.54757e-14 152.325 -97.0044 
-82.7096 62.868 144.718 -3.06624e-14 152.414 -96.8999 
-82.6649 62.8203 144.676 4.61318e-14 152.504 -96.7953 
-82.6204 62.7727 144.634 -3.08472e-14 152.594 -96.6905 
-82.5761 62.7253 144.592 -2.57836e-14 152.683 -96.5855 
-82.5321 62.6781 144.55 -4.13787e-14 152.772 -96.4802 
-82.4882 62.631 144.507 -2.59402e-14 152.862 -96.3748 
-82.4446 62.5841 144.465 -1.04077e-14 152.951 -96.2691 
-82.4012 62.5374 144.423 1.56591e-14 153.04 -96.1633 
-82.3579 62.4909 144.381 3.14141e-14 153.128 -96.0572 
-82.3149 62.4445 144.338 -4.72657e-14 153.217 -95.9509 
-82.272 62.3983 144.296 -2.63395e-14 153.306 -95.8445 
-82.2294 62.3523 144.253 -2.11366e-14 153.394 -95.7378 
-82.1869 62.3065 144.211 4.24039e-14 153.483 -95.631 
-82.1447 62.2608 144.168 1.59508e-14 153.571 -95.5239 
-82.1026 62.2153 144.125 5.33346e-15 153.659 -95.4167 
-82.0607 62.17 144.082 2.14004e-14 153.748 -95.3093 
-82.0191 62.1248 144.04 5.36681e-15 153.836 -95.2016 
-81.9776 62.0799 143.997 1.07673e-14 153.924 -95.0938 
-81.9363 62.035 143.954 -1.08011e-14 154.011 -94.9858 
-81.8952 61.9904 143.911 -5.41757e-15 154.099 -94.8776 
-81.8542 61.9459 143.867 -1.63041e-14 154.187 -94.7693 
-81.8135 61.9016 143.824 -1.63557e-14 154.274 -94.6607 
-81.7729 61.8575 143.781 -1.64077e-14 154.362 -94.552 
-81.7326 61.8135 143.738 -1.646e-14 154.449 -94.443 
-81.6924 61.7697 143.694 -2.20167e-14 154.536 -94.3339 
-81.6523 61.7261 143.651 2.7609e-14 154.623 -94.2246 
-81.6125 61.6827 143.607 4.43163e-14 154.71 -94.1152 
-81.5728 61.6394 143.564 -1.11148e-14 154.797 -94.0055 
-81.5334 61.5963 143.52 -0 154.884 -93.8957 
-81.4941 61.5533 143.476 5.59338e-15 154.97 -93.7857 
-81.4549 61.5105 143.433 1.68346e-14 155.057 -93.6756 
-81.416 61.4679 143.389 5.62981e-15 155.143 -93.5652 
-81.3772 61.4255 143.345 5.64819e-15 155.23 -93.4547 
-81.3386 61.3832 143.301 5.66668e-15 155.316 -93.344 
-81.3001 61.3411 143.257 2.84264e-14 155.402 -93.2332 
-81.2618 61.2991 143.213 1.1408e-14 155.488 -93.1221 
-81.2237 61.2574 143.169 2.28913e-14 155.574 -93.011 
-81.1858 61.2157 143.124 -3.44506e-14 155.66 -92.8996 
-81.148 61.1743 143.08 -0 155.746 -92.7881 
-81.1104 61.133 143.036 -2.312e-14 155.831 -92.6764 
-81.0729 61.0919 142.991 2.31972e-14 155.917 -92.5645 
-81.0356 61.0509 142.947 4.65497e-14 156.002 -92.4525 
-80.9985 61.0102 142.902 2.3353e-14 156.087 -92.3403 
-80.9615 60.9695 142.858 -1.17158e-14 156.173 -92.228 
-80.9247 60.9291 142.813 1.17553e-14 156.258 -92.1155 
-80.8881 60.8888 142.768 -2.35903e-14 156.343 -92.0029 
-80.8516 60.8487 142.724 3.55055e-14 156.428 -91.8901 
-80.8153 60.8087 142.679 3.56264e-14 156.512 -91.7771 
-80.7791 60.7689 142.634 -2.3832e-14 156.597 -91.664 
-80.7431 60.7292 142.589 2.39136e-14 156.682 -91.5507 
-80.7072 60.6898 142.544 -1.19979e-14 156.766 -91.4373 
-80.6715 60.6505 142.499 -0 156.851 -91.3237 
-80.6359 60.6113 142.454 -2.41615e-14 156.935 -91.21 
-80.6005 60.5723 142.409 4.84903e-14 157.019 -91.0961 
-80.5652 60.5335 142.363 1.21647e-14 157.103 -90.982 
-80.5301 60.4948 142.318 -0 157.187 -90.8679 
-80.4951 60.4563 142.273 1.22497e-14 157.271 -90.7535 
-80.4603 60.4179 142.227 -1.22926e-14 157.355 -90.639 
-80.4256 60.3798 142.182 -0 157.438 -90.5244 
-80.3911 60.3417 142.136 1.23793e-14 157.522 -90.4097 
-80.3567 60.3039 142.091 1.2423e-14 157.605 -90.2947 
-80.3225 60.2662 142.045 -1.2467e-14 157.689 -90.1797 
-80.2884 60.2286 141.999 3.7534e-14 157.772 -90.0645 
-80.2544 60.1912 141.954 -5.02238e-14 157.855 -89.9491 
-80.2206 60.154 141.908 -1.26008e-14 157.938 -89.8337 
-80.1869 60.1169 141.862 -5.05842e-14 158.021 -89.718 
-80.1534 60.08 141.816 -3.80746e-14 158.104 -89.6023 
-80.12 60.0432 141.77 5.09492e-14 158.187 -89.4864 
-80.0867 60.0066 141.724 -2.55668e-14 158.269 -89.3703 
-80.0536 59.9702 141.678 3.84894e-14 158.352 -89.2542 
-80.0206 59.9339 141.632 -5.1506e-14 158.434 -89.1379 
-79.9877 59.8978 141.585 5.1694e-14 158.517 -89.0214 
-79.955 59.8618 141.539 3.89125e-14 158.599 -88.9048 
-79.9224 59.826 141.493 -0 158.681 -88.7881 
-79.8899 59.7903 141.446 1.30664e-14 158.763 -88.6713 
-79.8576 59.7548 141.4 1.31147e-14 158.845 -88.5543 
-79.8254 59.7195 141.354 -0 158.927 -88.4372 
-79.7934 59.6843 141.307 -5.28491e-14 159.009 -88.32 
-79.7614 59.6492 141.26 2.65231e-14 159.09 -88.2026 
-79.7296 59.6143 141.214 1.33112e-14 159.172 -88.0851 
-79.6979 59.5796 141.167 -0 159.253 -87.9675 
-79.6664 59.545 141.12 -8.04685e-14 159.335 -87.8497 
-79.635 59.5106 141.073 1.34621e-14 159.416 -87.7318 
-79.6037 59.4763 141.026 -4.05391e-14 159.497 -87.6138 
-79.5725 59.4422 140.979 4.06931e-14 159.578 -87.4957 
-79.5415 59.4082 140.932 1.36161e-14 159.659 -87.3775 
-79.5105 59.3744 140.885 2.73363e-14 159.74 -87.2591 
-79.4797 59.3407 140.838 1.37206e-14 159.821 -87.1406 
-79.4491 59.3072 140.791 -0 159.902 -87.022 
-79.4185 59.2738 140.744 -6.91325e-14 159.982 -86.9032 
-79.3881 59.2406 140.697 5.55202e-14 160.063 -86.7844 
-79.3577 59.2076 140.649 5.57358e-14 160.143 -86.6654 
-79.3275 59.1746 140.602 1.39883e-14 160.223 -86.5463 
-79.2975 59.1419 140.554 -0 160.304 -86.4271 
-79.2675 59.1093 140.507 -1.4098e-14 160.384 -86.3077 
-79.2377 59.0768 140.459 1.41535e-14 160.464 -86.1883 
-79.2079 59.0445 140.412 1.42094e-14 160.544 -86.0687 
-79.1783 59.0123 140.364 1.42656e-14 160.623 -85.949 
-79.1488 58.9803 140.317 -0 160.703 -85.8292 
-79.1194 58.9484 140.269 -2.87588e-14 160.783 -85.7093 
-79.0902 58.9167 140.221 4.33107e-14 160.862 -85.5892 
-79.061 58.8851 140.173 -0 160.942 -85.4691 
-79.032 58.8537 140.125 2.91064e-14 161.021 -85.3488 
-79.003 58.8224 140.077 -2.92239e-14 161.1 -85.2285 
-78.9742 58.7913 140.029 2.93424e-14 161.18 -85.108 
-78.9455 58.7603 139.981 -4.41925e-14 161.259 -84.9874 
-78.9169 58.7294 139.933 5.91637e-14 161.338 -84.8667 
-78.8884 58.6987 139.885 2.9703e-14 161.416 -84.7459 
-78.86 58.6682 139.837 7.45624e-14 161.495 -84.6249 
-78.8318 58.6377 139.788 -0 161.574 -84.5039 
-78.8036 58.6075 139.74 -3.00717e-14 161.653 -84.3828 
-78.7756 58.5774 139.692 -3.01965e-14 161.731 -84.2615 
-78.7476 58.5474 139.643 1.51611e-14 161.809 -84.1402 
-78.7198 58.5175 139.595 -1.52245e-14 161.888 -84.0187 
-78.692 58.4879 139.546 -3.05766e-14 161.966 -83.8972 
-78.6644 58.4583 139.498 4.60579e-14 162.044 -83.7755 
-78.6369 58.4289 139.449 -6.16698e-14 162.122 -83.6537 
-78.6094 58.3996 139.4 -1.54828e-14 162.2 -83.5318 
-78.5821 58.3705 139.351 -1.55486e-14 162.278 -83.4099 
-78.5549 58.3415 139.303 -3.12299e-14 162.356 -83.2878 
-78.5278 58.3127 139.254 -1.56818e-14 162.433 -83.1656 
-78.5008 58.284 139.205 -0 162.511 -83.0433 
-78.4738 58.2554 139.156 -1.58171e-14 162.589 -82.9209 
-78.447 58.227 139.107 6.35421e-14 162.666 -82.7984 
-78.4203 58.1988 139.058 1.59545e-14 162.743 -82.6759 
-78.3937 58.1706 139.009 -1.60241e-14 162.821 -82.5532 
-78.3672 58.1426 138.96 -0 162.898 -82.4304 
-78.3408 58.1148 138.911 8.08241e-14 162.975 -82.3075 
-78.3144 58.0871 138.861 -1.62361e-14 163.052 -82.1845 
-78.2882 58.0595 138.812 -1.63079e-14 163.129 -82.0615 
-78.2621 58.032 138.763 -4.91408e-14 163.205 -81.9383 
-78.2361 58.0047 138.713 -6.5813e-14 163.282 -81.815 
-78.2101 57.9776 138.664 6.61073e-14 163.359 -81.6917 
-78.1843 57.9505 138.614 4.9803e-14 163.435 -81.5682 
-78.1585 57.9237 138.565 1.66758e-14 163.512 -81.4446 
-78.1329 57.8969 138.515 -0 163.588 -81.321 
-78.1073 57.8703 138.466 6.7309e-14 163.664 -81.1973 
-78.0818 57.8438 138.416 -1.69039e-14 163.74 -81.0734 
-78.0565 57.8175 138.366 -0 163.816 -80.9495 
-78.0312 57.7913 138.316 -0 163.892 -80.8255 
-78.006 57.7652 138.267 -6.85514e-14 163.968 -80.7014 
-77.9809 57.7392 138.217 3.44343e-14 164.044 -80.5772 
-77.9559 57.7134 138.167 -3.45943e-14 164.12 -80.4529 
-77.931 57.6878 138.117 -6.95112e-14 164.195 -80.3285 
-77.9061 57.6622 138.067 -3.49183e-14 164.271 -80.204 
-77.8814 57.6368 138.017 -1.75412e-14 164.346 -80.0795 
-77.8567 57.6116 137.967 3.52479e-14 164.422 -79.9548 
-77.8322 57.5864 137.916 7.08298e-14 164.497 -79.8301 
-77.8077 57.5614 137.866 -0 164.572 -79.7053 
-77.7833 57.5366 137.816 -3.57532e-14 164.647 -79.5804 
-77.759 57.5118 137.766 -0 164.722 -79.4554 
-77.7348 57.4872 137.715 -0 164.797 -79.3303 
-77.7106 57.4628 137.665 -0 164.872 -79.2051 
-77.6866 57.4384 137.614 5.4672e-14 164.947 -79.0799 
-77.6626 57.4142 137.564 -0 165.022 -78.9545 
-77.6388 57.3901 137.513 9.20119e-14 165.096 -78.8291 
-77.615 57.3662 137.463 5.54784e-14 165.171 -78.7036 
-77.5913 57.3424 137.412 -0 165.245 -78.578 
-77.5676 57.3187 137.362 -3.73521e-14 165.32 -78.4523 
-77.5441 57.2951 137.311 -1.8769e-14 165.394 -78.3266 
-77.5206 57.2717 137.26 5.65882e-14 165.468 -78.2007 
-77.4972 57.2484 137.209 7.58294e-14 165.542 -78.0748 
-77.4739 57.2252 137.158 -5.71586e-14 165.616 -77.9488 
-77.4507 57.2022 137.107 -0 165.69 -77.8227 
-77.4276 57.1792 137.057 -1.92465e-14 165.764 -77.6965 
-77.4045 57.1565 137.006 1.93448e-14 165.838 -77.5703 
-77.3816 57.1338 136.954 5.83317e-14 165.912 -77.444 
-77.3587 57.1113 136.903 1.17264e-13 165.985 -77.3176 
-77.3359 57.0889 136.852 -0 166.059 -77.1911 
-77.3131 57.0666 136.801 -9.87352e-14 166.132 -77.0645 
-77.2905 57.0444 136.75 7.94002e-14 166.206 -76.9379 
-77.2679 57.0224 136.699 -0 166.279 -76.8112 
-77.2454 57.0005 136.647 4.01181e-14 166.352 -76.6844 
-77.2229 56.9787 136.596 1.00825e-13 166.425 -76.5575 
-77.2006 56.9571 136.544 -4.05443e-14 166.498 -76.4305 
-77.1783 56.9356 136.493 8.15211e-14 166.571 -76.3035 
-77.1561 56.9142 136.442 1.22937e-13 166.644 -76.1764 
-77.134 56.8929 136.39 -4.11995e-14 166.717 -76.0492 
-77.1119 56.8717 136.338 -6.21335e-14 166.79 -75.922 
-77.09 56.8507 136.287 -4.16474e-14 166.863 -75.7947 
-77.0681 56.8298 136.235 2.09373e-14 166.935 -75.6673 
-77.0462 56.809 136.183 -4.21043e-14 167.008 -75.5398 
-77.0245 56.7884 136.132 -2.11681e-14 167.08 -75.4122 
-77.0028 56.7678 136.08 -8.51413e-14 167.152 -75.2846 
-76.9812 56.7474 136.028 -1.07019e-13 167.225 -75.1569 
-76.9597 56.7271 135.976 -4.30467e-14 167.297 -75.0291 
-76.9382 56.7069 135.924 8.65768e-14 167.369 -74.9013 
-76.9168 56.6869 135.872 -1.08832e-13 167.441 -74.7734 
-76.8955 56.667 135.82 -2.18898e-14 167.513 -74.6454 
-76.8743 56.6472 135.768 6.60435e-14 167.585 -74.5173 
-76.8531 56.6275 135.716 -2.21406e-14 167.657 -74.3892 
-76.832 56.6079 135.664 4.45359e-14 167.728 -74.261 
-76.8109 56.5885 135.611 1.11984e-13 167.8 -74.1328 
-76.79 56.5691 135.559 -4.50538e-14 167.872 -74.0044 
-76.7691 56.5499 135.507 -4.5317e-14 167.943 -73.876 
-76.7483 56.5308 135.455 -0 168.015 -73.7475 
-76.7275 56.5119 135.402 -0 168.086 -73.619 
-76.7068 56.493 135.35 9.22481e-14 168.157 -73.4904 
-76.6862 56.4743 135.297 -0 168.228 -73.3617 
-76.6656 56.4557 135.245 -4.66771e-14 168.299 -73.233 
