11.2477 67.3359 148.482 -4.04383e-15 144.182 130.092 
11.247 67.3352 148.482 -0 144.183 130.093 
11.2458 67.3339 148.482 -4.04403e-15 144.184 130.094 
11.2441 67.3321 148.482 -0 144.186 130.096 
11.2419 67.3298 148.482 -4.04441e-15 144.188 130.097 
11.2393 67.327 148.482 -4.04468e-15 144.191 130.1 
11.2361 67.3237 148.482 -4.04499e-15 144.194 130.103 
11.2325 67.3198 148.482 4.04535e-15 144.198 130.106 
11.2284 67.3155 148.483 -4.04576e-15 144.202 130.109 
11.2238 67.3106 148.483 4.04622e-15 144.207 130.113 
11.2187 67.3052 148.483 -0 144.212 130.118 
11.2132 67.2994 148.483 -0 144.217 130.123 
11.2071 67.293 148.483 -4.04788e-15 144.224 130.128 
11.2006 67.2861 148.484 -4.04853e-15 144.23 130.134 
11.1936 67.2786 148.484 -4.04923e-15 144.237 130.14 
11.1861 67.2707 148.484 -4.04998e-15 144.245 130.146 
11.1781 67.2623 148.485 -0 144.253 130.153 
11.1697 67.2533 148.485 4.05162e-15 144.262 130.161 
11.1608 67.2439 148.485 -0 144.271 130.168 
11.1514 67.2339 148.486 -0 144.28 130.177 
11.1415 67.2234 148.486 -0 144.291 130.185 
11.1311 67.2124 148.487 -4.05549e-15 144.301 130.194 
11.1203 67.2009 148.487 -4.05659e-15 144.312 130.204 
11.109 67.1889 148.487 -0 144.324 130.214 
11.0972 67.1763 148.488 -4.05892e-15 144.336 130.224 
11.0849 67.1633 148.488 4.06016e-15 144.348 130.235 
11.0722 67.1497 148.489 -4.06145e-15 144.361 130.246 
11.059 67.1356 148.489 -0 144.375 130.257 
11.0453 67.121 148.49 -0 144.389 130.269 
11.0311 67.1059 148.49 4.06562e-15 144.404 130.282 
11.0165 67.0903 148.491 -4.06712e-15 144.419 130.294 
11.0014 67.0742 148.492 -0 144.434 130.307 
10.9859 67.0576 148.492 -0 144.45 130.321 
10.9698 67.0404 148.493 -4.0719e-15 144.467 130.335 
10.9533 67.0228 148.493 8.14719e-15 144.484 130.349 
10.9364 67.0046 148.494 4.07534e-15 144.501 130.364 
10.9189 66.9859 148.495 4.07714e-15 144.519 130.379 
10.9011 66.9667 148.495 4.079e-15 144.538 130.395 
10.8827 66.947 148.496 -4.0809e-15 144.557 130.411 
10.8639 66.9268 148.497 -0 144.577 130.427 
10.8446 66.906 148.497 -4.08487e-15 144.597 130.444 
10.8249 66.8848 148.498 -4.08693e-15 144.617 130.461 
10.8047 66.863 148.499 4.08904e-15 144.638 130.479 
10.784 66.8407 148.5 -4.09121e-15 144.66 130.497 
10.7629 66.8179 148.5 -0 144.682 130.515 
10.7414 66.7946 148.501 4.09571e-15 144.704 130.534 
10.7194 66.7708 148.502 4.09804e-15 144.727 130.553 
10.6969 66.7464 148.503 -0 144.751 130.573 
10.674 66.7216 148.503 -0 144.775 130.593 
10.6506 66.6962 148.504 -0 144.8 130.613 
10.6268 66.6703 148.505 -0 144.825 130.634 
10.6026 66.644 148.506 -4.11051e-15 144.85 130.655 
10.5779 66.617 148.507 -4.11318e-15 144.876 130.676 
10.5527 66.5896 148.507 -0 144.903 130.698 
10.5271 66.5617 148.508 -0 144.93 130.72 
10.5011 66.5332 148.509 4.1215e-15 144.958 130.743 
10.4746 66.5043 148.51 -4.12439e-15 144.986 130.766 
10.4477 66.4748 148.511 -4.12733e-15 145.015 130.79 
10.4204 66.4448 148.512 4.13034e-15 145.044 130.813 
10.3927 66.4143 148.512 -0 145.073 130.837 
10.3645 66.3832 148.513 4.13652e-15 145.104 130.862 
10.3358 66.3517 148.514 4.1397e-15 145.134 130.887 
10.3068 66.3196 148.515 -0 145.165 130.912 
10.2773 66.2871 148.516 -4.14624e-15 145.197 130.938 
10.2474 66.254 148.517 -8.29921e-15 145.229 130.964 
10.217 66.2204 148.517 -4.15303e-15 145.262 130.99 
10.1863 66.1863 148.518 4.15651e-15 145.295 131.017 
10.1551 66.1516 148.519 -0 145.329 131.044 
10.1235 66.1165 148.52 4.16366e-15 145.364 131.071 
10.0915 66.0808 148.521 4.16733e-15 145.398 131.099 
10.0591 66.0446 148.522 -0 145.434 131.127 
10.0263 66.0079 148.522 -0 145.47 131.155 
9.99305 65.9707 148.523 -0 145.506 131.184 
9.9594 65.933 148.524 -4.18264e-15 145.543 131.213 
9.92535 65.8948 148.525 -4.18663e-15 145.58 131.243 
9.8909 65.856 148.526 -4.19068e-15 145.618 131.273 
9.85604 65.8167 148.526 -0 145.657 131.303 
9.82078 65.7769 148.527 4.19899e-15 145.696 131.333 
9.78512 65.7366 148.528 4.20324e-15 145.735 131.364 
9.74907 65.6958 148.529 -0 145.776 131.395 
9.71263 65.6545 148.529 -4.21195e-15 145.816 131.427 
9.67579 65.6126 148.53 4.21641e-15 145.857 131.459 
9.63857 65.5703 148.531 -0 145.899 131.491 
9.60096 65.5274 148.531 4.22553e-15 145.941 131.523 
9.56296 65.484 148.532 4.2302e-15 145.984 131.556 
9.52458 65.44 148.533 4.23494e-15 146.027 131.589 
9.48582 65.3956 148.533 -0 146.071 131.623 
9.44668 65.3507 148.534 -0 146.115 131.657 
9.40717 65.3052 148.535 -8.49918e-15 146.16 131.691 
9.36728 65.2592 148.535 -4.25462e-15 146.206 131.725 
9.32702 65.2127 148.536 -4.25972e-15 146.251 131.76 
9.2864 65.1657 148.536 4.2649e-15 146.298 131.795 
9.2454 65.1182 148.537 -0 146.345 131.83 
9.20404 65.0702 148.537 -4.27549e-15 146.392 131.866 
9.16232 65.0216 148.538 -4.28089e-15 146.441 131.902 
9.12024 64.9725 148.538 -0 146.489 131.938 
9.0778 64.9229 148.539 4.29194e-15 146.538 131.974 
9.03501 64.8728 148.539 -0 146.588 132.011 
8.99187 64.8222 148.539 4.30331e-15 146.638 132.048 
8.94837 64.7711 148.54 -0 146.689 132.086 
8.90453 64.7194 148.54 -0 146.74 132.124 
8.86034 64.6673 148.54 -0 146.792 132.161 
8.81581 64.6146 148.541 8.65404e-15 146.845 132.2 
8.77094 64.5614 148.541 -4.33316e-15 146.898 132.238 
8.72573 64.5077 148.541 -4.33938e-15 146.951 132.277 
8.68019 64.4535 148.541 -0 147.005 132.316 
8.63431 64.3988 148.541 -0 147.06 132.356 
8.5881 64.3435 148.541 -4.35856e-15 147.115 132.395 
8.54157 64.2878 148.541 4.36513e-15 147.171 132.435 
8.49471 64.2315 148.541 -0 147.227 132.475 
8.44753 64.1747 148.541 -4.37854e-15 147.284 132.516 
8.40003 64.1175 148.541 -0 147.342 132.556 
8.35221 64.0597 148.541 -0 147.399 132.597 
8.30408 64.0013 148.541 -4.39934e-15 147.458 132.638 
8.25563 63.9425 148.54 -4.40646e-15 147.517 132.68 
8.20688 63.8832 148.54 4.41368e-15 147.577 132.722 
8.15782 63.8233 148.54 -0 147.637 132.763 
8.10845 63.763 148.539 4.4284e-15 147.698 132.806 
8.05879 63.7021 148.539 -0 147.759 132.848 
8.00882 63.6407 148.538 4.44352e-15 147.821 132.891 
7.95856 63.5788 148.538 -0 147.883 132.934 
7.908 63.5165 148.537 -0 147.946 132.977 
7.85716 63.4536 148.537 4.46696e-15 148.01 133.02 
7.80602 63.3901 148.536 4.47498e-15 148.074 133.064 
7.7546 63.3262 148.535 -4.48311e-15 148.139 133.107 
7.7029 63.2618 148.534 4.49134e-15 148.204 133.151 
7.65092 63.1969 148.534 -4.49968e-15 148.27 133.196 
7.59866 63.1314 148.533 -0 148.336 133.24 
7.54613 63.0655 148.532 -0 148.403 133.285 
7.49332 62.9991 148.53 -0 148.47 133.33 
7.44025 62.9321 148.529 -0 148.539 133.375 
7.3869 62.8646 148.528 -4.54305e-15 148.607 133.42 
7.3333 62.7967 148.527 4.55207e-15 148.676 133.466 
7.27943 62.7282 148.525 -0 148.746 133.511 
7.22531 62.6593 148.524 -0 148.817 133.557 
7.17093 62.5898 148.523 -0 148.888 133.603 
7.1163 62.5198 148.521 -0 148.959 133.65 
7.06142 62.4494 148.519 -0 149.031 133.696 
7.00629 62.3784 148.518 -0 149.104 133.743 
6.95092 62.307 148.516 -0 149.177 133.79 
6.8953 62.235 148.514 -0 149.251 133.837 
6.83945 62.1626 148.512 -0 149.325 133.884 
6.78336 62.0896 148.51 -0 149.4 133.931 
6.72704 62.0162 148.508 -0 149.476 133.979 
6.67049 61.9422 148.506 -4.66988e-15 149.552 134.026 
6.61371 61.8678 148.503 -0 149.629 134.074 
6.5567 61.7929 148.501 -0 149.706 134.122 
6.49947 61.7174 148.499 -0 149.784 134.17 
6.44203 61.6415 148.496 -0 149.862 134.219 
6.38436 61.5651 148.493 -4.72462e-15 149.942 134.267 
6.32649 61.4882 148.491 -0 150.021 134.316 
6.2684 61.4109 148.488 4.74753e-15 150.101 134.365 
6.21011 61.333 148.485 4.75921e-15 150.182 134.414 
6.1516 61.2546 148.482 -0 150.264 134.463 
6.0929 61.1758 148.479 -0 150.346 134.512 
6.034 61.0965 148.475 -0 150.428 134.562 
5.9749 61.0167 148.472 -0 150.511 134.611 
5.9156 60.9364 148.469 4.81992e-15 150.595 134.661 
5.85612 60.8556 148.465 -0 150.679 134.71 
5.79644 60.7744 148.461 4.84533e-15 150.764 134.76 
5.73658 60.6927 148.458 -0 150.85 134.81 
5.67654 60.6105 148.454 4.87142e-15 150.936 134.861 
5.61631 60.5278 148.45 -4.88472e-15 151.022 134.911 
5.55591 60.4446 148.446 4.8982e-15 151.11 134.961 
5.49534 60.361 148.441 -4.91185e-15 151.198 135.012 
5.43459 60.2769 148.437 -0 151.286 135.062 
5.37367 60.1924 148.433 -0 151.375 135.113 
5.31259 60.1073 148.428 -0 151.465 135.164 
5.25134 60.0218 148.423 -0 151.555 135.215 
5.18993 59.9358 148.419 -4.98287e-15 151.646 135.266 
5.12836 59.8494 148.414 -0 151.737 135.317 
5.06663 59.7625 148.408 -5.01263e-15 151.829 135.368 
5.00476 59.6752 148.403 -0 151.922 135.42 
4.94273 59.5873 148.398 -0 152.015 135.471 
4.88055 59.4991 148.392 -0 152.108 135.523 
4.81823 59.4103 148.387 -2.53728e-15 152.203 135.574 
4.75577 59.3211 148.381 5.09056e-15 152.298 135.626 
4.69317 59.2315 148.375 2.55339e-15 152.393 135.677 
4.63043 59.1414 148.369 -2.56161e-15 152.489 135.729 
4.56756 59.0508 148.363 2.56994e-15 152.586 135.781 
4.50455 58.9598 148.357 -0 152.683 135.833 
4.44142 58.8684 148.35 -0 152.781 135.885 
4.37816 58.7765 148.344 -0 152.88 135.937 
4.31478 58.6842 148.337 -0 152.979 135.989 
4.25127 58.5914 148.33 -2.61334e-15 153.078 136.042 
4.18765 58.4982 148.323 2.62238e-15 153.179 136.094 
4.12391 58.4045 148.316 -0 153.28 136.146 
4.06006 58.3105 148.309 -5.28168e-15 153.381 136.199 
3.99609 58.2159 148.301 -2.65026e-15 153.483 136.251 
3.93202 58.121 148.293 5.31962e-15 153.586 136.304 
3.86785 58.0256 148.286 -2.6695e-15 153.689 136.356 
3.80357 57.9298 148.278 -0 153.793 136.409 
3.73919 57.8336 148.269 -5.37855e-15 153.897 136.461 
3.67471 57.7369 148.261 -0 154.002 136.514 
3.61014 57.6398 148.253 2.70961e-15 154.108 136.566 
3.54547 57.5423 148.244 2.72e-15 154.214 136.619 
3.48071 57.4444 148.235 -0 154.32 136.672 
3.41587 57.3461 148.226 -2.74122e-15 154.428 136.725 
3.35094 57.2474 148.217 -0 154.536 136.777 
3.28593 57.1482 148.208 2.76305e-15 154.644 136.83 
3.221 57.0489 148.198 -0 154.753 136.883 
3.15631 56.9497 148.188 -0 154.862 136.935 
3.09187 56.8506 148.179 -0 154.971 136.988 
3.02767 56.7515 148.169 -0 155.08 137.04 
2.9637 56.6526 148.159 2.81972e-15 155.189 137.091 
2.89998 56.5537 148.149 -0 155.298 137.143 
2.83649 56.455 148.138 -0 155.407 137.194 
2.77325 56.3563 148.128 -0 155.516 137.245 
2.71023 56.2578 148.117 -0 155.625 137.296 
2.64745 56.1593 148.107 -0 155.734 137.346 
2.5849 56.061 148.096 -0 155.843 137.397 
2.52259 55.9627 148.085 -2.9037e-15 155.952 137.447 
2.46051 55.8645 148.074 -2.91616e-15 156.062 137.497 
2.39865 55.7665 148.063 2.92875e-15 156.171 137.546 
2.33703 55.6685 148.051 -0 156.28 137.596 
2.27563 55.5707 148.04 -0 156.39 137.645 
2.21446 55.473 148.028 1.48363e-15 156.499 137.694 
2.15351 55.3753 148.016 -1.49017e-15 156.608 137.742 
2.09279 55.2778 148.005 -0 156.718 137.791 
2.03229 55.1804 147.993 3.0069e-15 156.827 137.839 
1.97201 55.0831 147.98 -1.51019e-15 156.936 137.887 
1.91195 54.9859 147.968 -0 157.046 137.935 
1.85211 54.8888 147.956 -0 157.155 137.983 
1.79249 54.7918 147.943 -0 157.265 138.03 
1.73309 54.6949 147.931 1.53784e-15 157.374 138.077 
1.67391 54.5982 147.918 1.54493e-15 157.484 138.124 
1.61494 54.5016 147.905 -0 157.593 138.171 
1.55618 54.4051 147.892 -1.55932e-15 157.703 138.217 
1.49764 54.3087 147.879 -1.56663e-15 157.812 138.264 
1.43931 54.2124 147.866 -0 157.922 138.31 
1.38119 54.1162 147.852 1.58147e-15 158.032 138.356 
1.32329 54.0202 147.839 -0 158.141 138.401 
1.26559 53.9242 147.825 -0 158.251 138.447 
1.2081 53.8284 147.811 -0 158.36 138.492 
1.15082 53.7327 147.797 -0 158.47 138.537 
1.09374 53.6372 147.783 1.61995e-15 158.579 138.582 
1.03687 53.5418 147.769 8.13944e-16 158.689 138.626 
0.9802 53.4464 147.755 -0 158.799 138.671 
0.923736 53.3513 147.74 -8.22012e-16 158.908 138.715 
0.867474 53.2562 147.726 -0 159.018 138.759 
0.811414 53.1613 147.711 8.30253e-16 159.128 138.803 
0.755553 53.0665 147.696 -8.34441e-16 159.237 138.847 
0.699893 52.9718 147.682 -0 159.347 138.89 
0.64443 52.8772 147.666 8.42954e-16 159.456 138.933 
0.589165 52.7828 147.651 -8.4728e-16 159.566 138.976 
0.534096 52.6885 147.636 4.25827e-16 159.676 139.019 
0.479223 52.5944 147.621 -0 159.785 139.062 
0.424545 52.5004 147.605 -0 159.895 139.104 
0.37006 52.4065 147.589 -0 160.004 139.146 
0.315768 52.3127 147.574 -0 160.114 139.188 
0.261667 52.2191 147.558 -4.37131e-16 160.223 139.23 
0.207758 52.1256 147.542 -2.19734e-16 160.333 139.272 
0.154038 52.0323 147.525 -0 160.442 139.313 
0.100508 51.939 147.509 -0 160.552 139.355 
0.0471656 51.846 147.493 -5.58302e-17 160.661 139.396 
-0.00598938 51.753 147.476 -7.01699e-18 160.771 139.437 
-0.058958 51.6602 147.459 -0 160.88 139.477 
-0.111741 51.5676 147.443 1.13516e-16 160.99 139.518 
-0.16434 51.4751 147.426 -0 161.099 139.558 
-0.216755 51.3827 147.409 -2.29579e-16 161.209 139.599 
-0.268987 51.2905 147.391 -0 161.318 139.639 
-0.321037 51.1984 147.374 4.64373e-16 161.427 139.678 
-0.372906 51.1064 147.357 4.67027e-16 161.537 139.718 
-0.424594 51.0146 147.339 -4.69713e-16 161.646 139.757 
-0.476104 50.923 147.322 -0 161.755 139.797 
-0.527434 50.8315 147.304 -0 161.865 139.836 
-0.578587 50.7401 147.286 -9.5593e-16 161.974 139.875 
-0.629564 50.6489 147.268 -0 162.083 139.913 
-0.680364 50.5578 147.25 -0 162.193 139.952 
-0.730989 50.4669 147.231 -9.73045e-16 162.302 139.99 
-0.781439 50.3761 147.213 -0 162.411 140.029 
-0.831716 50.2855 147.195 -0 162.52 140.067 
-0.881821 50.195 147.176 -0 162.629 140.104 
-0.931753 50.1047 147.157 9.96872e-16 162.738 140.142 
-0.981514 50.0145 147.138 -0 162.847 140.18 
-1.03111 49.9245 147.119 -2.01848e-15 162.956 140.217 
-1.08053 49.8347 147.1 -0 163.065 140.254 
-1.12978 49.745 147.081 -0 163.174 140.291 
-1.17886 49.6554 147.062 -2.05679e-15 163.283 140.328 
-1.22778 49.566 147.042 -0 163.392 140.365 
-1.27653 49.4767 147.022 -2.08316e-15 163.501 140.401 
-1.32512 49.3876 147.003 -0 163.61 140.438 
-1.37354 49.2987 146.983 -0 163.718 140.474 
-1.4218 49.2099 146.963 -0 163.827 140.51 
-1.46989 49.1213 146.943 -0 163.936 140.546 
-1.51782 49.0328 146.923 -2.1522e-15 164.044 140.581 
-1.56559 48.9445 146.902 -2.16657e-15 164.153 140.617 
-1.6132 48.8564 146.882 -0 164.262 140.652 
-1.66065 48.7684 146.861 -0 164.37 140.687 
-1.70794 48.6806 146.841 2.21087e-15 164.479 140.723 
-1.75507 48.5929 146.82 2.22605e-15 164.587 140.757 
-1.80204 48.5054 146.799 2.24143e-15 164.696 140.792 
-1.84885 48.4181 146.778 -0 164.804 140.827 
-1.89551 48.3309 146.757 -0 164.912 140.861 
-1.94201 48.2439 146.736 -0 165.021 140.895 
-1.98836 48.157 146.714 2.30519e-15 165.129 140.929 
-2.03455 48.0703 146.693 -2.3217e-15 165.237 140.963 
-2.08059 47.9838 146.671 -0 165.345 140.997 
-2.12648 47.8974 146.649 -0 165.453 141.031 
-2.17221 47.8112 146.628 -4.74538e-15 165.561 141.064 
-2.21779 47.7252 146.606 -0 165.669 141.098 
-2.26322 47.6393 146.584 -0 165.777 141.131 
-2.3085 47.5536 146.561 -0 165.885 141.164 
-2.35363 47.4681 146.539 4.88855e-15 165.993 141.197 
-2.39862 47.3827 146.517 4.9257e-15 166.101 141.23 
-2.44345 47.2975 146.494 4.96342e-15 166.208 141.262 
-2.48814 47.2125 146.472 -1.00034e-14 166.316 141.295 
-2.53268 47.1276 146.449 -0 166.424 141.327 
-2.57707 47.0429 146.426 -0 166.531 141.359 
-2.62132 46.9584 146.403 -0 166.639 141.391 
-2.66542 46.874 146.38 -5.161e-15 166.746 141.423 
-2.70938 46.7899 146.357 -0 166.854 141.455 
-2.7532 46.7058 146.333 -0 166.961 141.486 
-2.79687 46.622 146.31 -0 167.068 141.518 
-2.8404 46.5383 146.286 -0 167.175 141.549 
-2.88379 46.4548 146.263 -5.37486e-15 167.283 141.58 
-2.92704 46.3715 146.239 -0 167.39 141.611 
-2.97014 46.2884 146.215 5.46541e-15 167.497 141.642 
-3.01311 46.2054 146.191 -0 167.604 141.673 
-3.05594 46.1226 146.167 -0 167.711 141.703 
-3.09863 46.0399 146.143 -5.60705e-15 167.817 141.734 
-3.14118 45.9575 146.118 5.65589e-15 167.924 141.764 
-3.1836 45.8752 146.094 -0 168.031 141.794 
-3.22588 45.7931 146.069 -0 168.138 141.824 
-3.26802 45.7112 146.045 -0 168.244 141.854 
-3.31003 45.6294 146.02 -5.85996e-15 168.351 141.884 
-3.3519 45.5478 145.995 -0 168.457 141.914 
-3.39364 45.4664 145.97 -0 168.564 141.943 
-3.43525 45.3852 145.945 -6.02282e-15 168.67 141.972 
-3.47672 45.3041 145.92 -0 168.776 142.002 
-3.51806 45.2232 145.894 -0 168.882 142.031 
-3.55927 45.1425 145.869 6.19485e-15 168.989 142.06 
-3.60034 45.062 145.843 -0 169.095 142.089 
-3.64129 44.9817 145.818 1.263e-14 169.201 142.117 
-3.68211 44.9015 145.792 -6.37683e-15 169.307 142.146 
-3.7228 44.8215 145.766 -6.43985e-15 169.412 142.174 
-3.76335 44.7417 145.74 1.30082e-14 169.518 142.203 
-3.80378 44.6621 145.714 -0 169.624 142.231 
-3.84409 44.5826 145.688 -0 169.73 142.259 
-3.88426 44.5034 145.661 1.34094e-14 169.835 142.287 
-3.92431 44.4243 145.635 1.35485e-14 169.941 142.315 
-3.96423 44.3454 145.608 -0 170.046 142.342 
-4.00403 44.2666 145.582 -0 170.152 142.37 
-4.0437 44.1881 145.555 1.39836e-14 170.257 142.397 
-4.08325 44.1097 145.528 -0 170.362 142.425 
-4.12267 44.0315 145.501 -0 170.467 142.452 
-4.16198 43.9535 145.474 -0 170.572 142.479 
-4.20115 43.8757 145.447 -1.46082e-14 170.677 142.506 
-4.24021 43.7981 145.42 -0 170.782 142.533 
-4.27914 43.7206 145.392 1.49415e-14 170.887 142.559 
-4.31796 43.6433 145.365 -1.51138e-14 170.992 142.586 
-4.35665 43.5662 145.337 -0 171.096 142.612 
-4.39522 43.4893 145.31 -0 171.201 142.639 
-4.43368 43.4126 145.282 -0 171.306 142.665 
-4.47201 43.336 145.254 -0 171.41 142.691 
-4.51022 43.2597 145.226 -1.60372e-14 171.514 142.717 
-4.54832 43.1835 145.198 -0 171.619 142.743 
-4.5863 43.1075 145.17 -1.64383e-14 171.723 142.769 
-4.62416 43.0317 145.141 1.66462e-14 171.827 142.794 
-4.66191 42.9561 145.113 -0 171.931 142.82 
-4.69954 42.8806 145.084 -0 172.035 142.845 
-4.73706 42.8054 145.056 -0 172.139 142.87 
-4.77446 42.7303 145.027 1.75324e-14 172.243 142.896 
-4.81174 42.6554 144.998 -0 172.346 142.921 
-4.84891 42.5807 144.969 1.8011e-14 172.45 142.945 
-4.88597 42.5061 144.94 1.82601e-14 172.554 142.97 
-4.92292 42.4318 144.911 -1.8516e-14 172.657 142.995 
-4.95975 42.3577 144.882 -1.8779e-14 172.76 143.02 
-4.99647 42.2837 144.853 -0 172.864 143.044 
-5.03308 42.2099 144.823 -0 172.967 143.068 
-5.06958 42.1363 144.794 -0 173.07 143.093 
-5.10596 42.0629 144.764 -0 173.173 143.117 
-5.14224 41.9897 144.734 2.02119e-14 173.276 143.141 
-5.17841 41.9166 144.704 -0 173.379 143.165 
-5.21447 41.8438 144.674 -0 173.482 143.189 
-5.25042 41.7711 144.644 -0 173.585 143.212 
-5.28626 41.6986 144.614 -0 173.687 143.236 
-5.32199 41.6263 144.584 -2.1876e-14 173.79 143.259 
-5.35762 41.5542 144.554 -0 173.892 143.283 
-5.39314 41.4823 144.523 -0 173.995 143.306 
-5.42855 41.4105 144.493 2.30098e-14 174.097 143.329 
-5.46386 41.339 144.462 -2.34137e-14 174.199 143.352 
-5.49906 41.2676 144.431 -0 174.301 143.375 
-5.53416 41.1964 144.4 -0 174.403 143.398 
-5.56915 41.1254 144.369 -2.47135e-14 174.505 143.421 
-5.60404 41.0546 144.338 2.51787e-14 174.607 143.444 
-5.63882 40.984 144.307 -0 174.709 143.466 
-5.6735 40.9136 144.276 5.23256e-14 174.81 143.489 
-5.70808 40.8433 144.245 -0 174.912 143.511 
-5.74255 40.7733 144.213 -0 175.013 143.533 
-5.77693 40.7034 144.182 -0 175.115 143.555 
-5.8112 40.6337 144.15 -0 175.216 143.577 
-5.84537 40.5642 144.118 -2.8988e-14 175.317 143.599 
-5.87944 40.4949 144.087 -0 175.418 143.621 
-5.91341 40.4258 144.055 -3.02931e-14 175.52 143.643 
-5.94728 40.3569 144.023 -3.09899e-14 175.62 143.664 
-5.98104 40.2881 143.991 -3.17189e-14 175.721 143.686 
-6.01472 40.2195 143.958 -0 175.822 143.707 
-6.04829 40.1512 143.926 3.3283e-14 175.923 143.729 
-6.08176 40.083 143.894 3.41234e-14 176.023 143.75 
-6.11514 40.015 143.861 -0 176.124 143.771 
-6.14842 39.9472 143.829 -0 176.224 143.792 
-6.1816 39.8795 143.796 -0 176.324 143.813 
-6.21468 39.8121 143.763 3.79483e-14 176.425 143.834 
-6.24767 39.7448 143.73 -3.90401e-14 176.525 143.855 
-6.28056 39.6778 143.697 4.01956e-14 176.625 143.875 
-6.31336 39.6109 143.664 -4.14206e-14 176.725 143.896 
-6.34606 39.5442 143.631 -0 176.825 143.916 
-6.37867 39.4777 143.598 -0 176.924 143.937 
-6.41118 39.4114 143.565 4.55807e-14 177.024 143.957 
-6.4436 39.3452 143.531 -0 177.123 143.977 
-6.47593 39.2793 143.498 9.76883e-14 177.223 143.997 
-6.50816 39.2135 143.464 -5.06552e-14 177.322 144.017 
-6.5403 39.1479 143.43 -0 177.422 144.037 
-6.57235 39.0826 143.397 -5.47067e-14 177.521 144.057 
-6.6043 39.0174 143.363 -0 177.62 144.077 
-6.63617 38.9524 143.329 5.94536e-14 177.719 144.096 
-6.66794 38.8875 143.295 -1.24292e-13 177.818 144.116 
-6.69962 38.8229 143.261 6.50915e-14 177.916 144.135 
-6.73122 38.7584 143.226 6.83267e-14 178.015 144.155 
-6.76272 38.6942 143.192 -0 178.114 144.174 
-6.79413 38.6301 143.158 -0 178.212 144.193 
-6.82545 38.5662 143.123 -0 178.311 144.212 
-6.85668 38.5025 143.089 3.40934e-13 178.409 144.231 
-6.88783 38.439 143.054 -0 178.507 144.25 
-6.91888 38.3756 143.019 -0 178.605 144.269 
-6.94985 38.3125 142.984 -2.09156e-13 178.703 144.288 
-6.98073 38.2495 142.949 -2.26239e-13 178.801 144.306 
-7.01153 38.1867 142.914 2.4634e-13 178.899 144.325 
-7.04223 38.1241 142.879 2.70336e-13 178.997 144.343 
-7.07285 38.0617 142.844 -2.99481e-13 179.094 144.362 
-7.10339 37.9995 142.808 -0 179.192 144.38 
-7.13384 37.9375 142.773 -3.81652e-13 179.289 144.398 
-7.1642 37.8756 142.738 -4.42233e-13 179.387 144.416 
-7.19448 37.814 142.702 -0 179.484 144.434 
-7.22467 37.7525 142.666 -0 179.581 144.452 
-7.25478 37.6912 142.631 -8.4277e-13 179.678 144.47 
-7.2848 37.6301 142.595 -0 179.775 144.488 
-7.31474 37.5691 142.559 -0 179.872 144.506 
-7.3446 37.5084 142.523 -8.6891e-12 179.969 144.523 
-7.37437 37.4478 142.487 180 179.935 -35.4593 
-7.40406 37.3875 142.451 180 179.838 -35.4419 
-7.43367 37.3273 142.414 180 179.742 -35.4245 
-7.46319 37.2673 142.378 -180 179.645 -35.4072 
-7.49264 37.2075 142.341 180 179.549 -35.39 
-7.522 37.1478 142.305 180 179.453 -35.3729 
-7.55128 37.0884 142.268 180 179.357 -35.3558 
-7.58048 37.0291 142.232 -180 179.261 -35.3389 
-7.6096 36.97 142.195 -180 179.165 -35.322 
-7.63864 36.9111 142.158 180 179.069 -35.3052 
-7.6676 36.8524 142.121 180 178.973 -35.2885 
-7.69648 36.7939 142.084 180 178.878 -35.2718 
-7.72529 36.7355 142.047 180 178.782 -35.2553 
-7.75401 36.6773 142.01 180 178.687 -35.2388 
-7.78265 36.6194 141.972 180 178.592 -35.2224 
-7.81122 36.5616 141.935 -180 178.496 -35.2061 
-7.8397 36.5039 141.897 180 178.401 -35.1898 
-7.86811 36.4465 141.86 180 178.306 -35.1737 
-7.89644 36.3892 141.822 180 178.212 -35.1576 
-7.9247 36.3322 141.785 180 178.117 -35.1415 
-7.95288 36.2753 141.747 -180 178.022 -35.1256 
-7.98098 36.2186 141.709 180 177.927 -35.1097 
-8.009 36.162 141.671 180 177.833 -35.094 
-8.03695 36.1057 141.633 180 177.739 -35.0783 
-8.06483 36.0495 141.595 180 177.644 -35.0626 
-8.09262 35.9935 141.557 180 177.55 -35.0471 
-8.12035 35.9377 141.518 -180 177.456 -35.0316 
-8.148 35.8821 141.48 180 177.362 -35.0162 
-8.17557 35.8266 141.441 180 177.268 -35.0008 
-8.20307 35.7714 141.403 -180 177.174 -34.9856 
-8.2305 35.7163 141.364 180 177.081 -34.9704 
-8.25785 35.6614 141.326 180 176.987 -34.9553 
-8.28513 35.6066 141.287 180 176.894 -34.9402 
-8.31233 35.5521 141.248 180 176.8 -34.9253 
-8.33947 35.4977 141.209 180 176.707 -34.9104 
-8.36653 35.4435 141.17 -180 176.614 -34.8956 
-8.39352 35.3895 141.131 -180 176.521 -34.8808 
-8.42043 35.3357 141.092 -180 176.428 -34.8661 
-8.44728 35.282 141.053 180 176.335 -34.8515 
-8.47405 35.2286 141.013 180 176.242 -34.837 
-8.50075 35.1753 140.974 -180 176.149 -34.8225 
-8.52738 35.1221 140.934 180 176.057 -34.8081 
-8.55394 35.0692 140.895 180 175.964 -34.7938 
-8.58044 35.0164 140.855 180 175.872 -34.7796 
-8.60686 34.9638 140.815 180 175.779 -34.7654 
-8.63321 34.9114 140.776 180 175.687 -34.7513 
-8.65949 34.8592 140.736 180 175.595 -34.7372 
-8.6857 34.8071 140.696 -180 175.503 -34.7233 
-8.71184 34.7553 140.656 180 175.411 -34.7094 
-8.73792 34.7036 140.616 180 175.319 -34.6955 
-8.76392 34.652 140.575 -180 175.228 -34.6818 
-8.78986 34.6007 140.535 -180 175.136 -34.6681 
-8.81573 34.5495 140.495 -180 175.044 -34.6544 
-8.84153 34.4985 140.454 180 174.953 -34.6409 
-8.86727 34.4477 140.414 180 174.862 -34.6274 
-8.89294 34.397 140.373 180 174.77 -34.614 
-8.91854 34.3465 140.333 -180 174.679 -34.6006 
-8.94407 34.2962 140.292 180 174.588 -34.5873 
-8.96954 34.2461 140.251 180 174.497 -34.5741 
-8.99494 34.1962 140.21 180 174.407 -34.5609 
-9.02027 34.1464 140.169 180 174.316 -34.5478 
-9.04554 34.0968 140.128 180 174.225 -34.5348 
-9.07075 34.0473 140.087 180 174.135 -34.5218 
-9.09589 33.9981 140.046 180 174.044 -34.5089 
-9.12096 33.949 140.005 180 173.954 -34.4961 
-9.14597 33.9001 139.964 180 173.864 -34.4833 
-9.17092 33.8513 139.922 -180 173.773 -34.4706 
-9.1958 33.8028 139.881 180 173.683 -34.458 
-9.22061 33.7544 139.839 180 173.594 -34.4454 
-9.24537 33.7061 139.798 180 173.504 -34.4329 
-9.27006 33.6581 139.756 180 173.414 -34.4204 
-9.29468 33.6102 139.714 180 173.324 -34.4081 
-9.31924 33.5625 139.672 180 173.235 -34.3957 
-9.34375 33.5149 139.63 180 173.145 -34.3835 
-9.36818 33.4676 139.588 -180 173.056 -34.3713 
-9.39256 33.4204 139.546 -180 172.967 -34.3591 
-9.41687 33.3733 139.504 -180 172.877 -34.3471 
-9.44112 33.3265 139.462 -180 172.788 -34.3351 
-9.46531 33.2798 139.42 -180 172.699 -34.3231 
-9.48944 33.2332 139.377 -180 172.611 -34.3112 
