-78.867 98.9794 154.994 1.23109e-15 106.026 -131.598 
-78.8659 98.9783 154.994 -6.15547e-16 106.027 -131.599 
-78.864 98.9765 154.995 -6.15552e-16 106.029 -131.599 
-78.8613 98.974 154.995 -9.23337e-16 106.031 -131.6 
-78.8579 98.9707 154.996 -1.23113e-15 106.034 -131.601 
-78.8538 98.9668 154.996 -3.07788e-16 106.037 -131.602 
-78.8489 98.962 154.997 3.07795e-16 106.041 -131.604 
-78.8433 98.9566 154.998 -6.15603e-16 106.045 -131.606 
-78.837 98.9505 154.999 -3.07809e-16 106.051 -131.607 
-78.8299 98.9436 155 9.23455e-16 106.056 -131.61 
-78.8222 98.936 155.001 -6.15656e-16 106.063 -131.612 
-78.8137 98.9276 155.003 3.07839e-16 106.07 -131.614 
-78.8045 98.9186 155.004 -6.15701e-16 106.077 -131.617 
-78.7947 98.9088 155.006 -0 106.085 -131.62 
-78.7841 98.8983 155.008 3.07877e-16 106.094 -131.623 
-78.7729 98.887 155.01 9.23674e-16 106.103 -131.626 
-78.7611 98.8751 155.012 -3.07907e-16 106.113 -131.629 
-78.7486 98.8624 155.014 -9.2377e-16 106.124 -131.632 
-78.7354 98.849 155.016 -0 106.135 -131.636 
-78.7217 98.8348 155.018 1.5398e-15 106.147 -131.639 
-78.7073 98.82 155.021 -3.07978e-16 106.159 -131.643 
-78.6924 98.8044 155.023 -3.07999e-16 106.172 -131.647 
-78.6769 98.788 155.026 9.2406e-16 106.186 -131.651 
-78.6608 98.771 155.029 3.08042e-16 106.2 -131.654 
-78.6442 98.7532 155.032 9.24196e-16 106.215 -131.658 
-78.627 98.7347 155.035 6.16179e-16 106.231 -131.662 
-78.6094 98.7154 155.038 -0 106.247 -131.666 
-78.5912 98.6955 155.041 9.24423e-16 106.263 -131.67 
-78.5726 98.6748 155.044 1.23267e-15 106.281 -131.674 
-78.5535 98.6533 155.048 -0 106.299 -131.677 
-78.5339 98.6312 155.052 -9.24677e-16 106.317 -131.681 
-78.5139 98.6083 155.055 6.16512e-16 106.336 -131.684 
-78.4935 98.5847 155.059 -1.23315e-15 106.356 -131.688 
-78.4727 98.5603 155.063 -0 106.377 -131.691 
-78.4516 98.5352 155.067 3.08352e-16 106.398 -131.694 
-78.43 98.5094 155.071 -6.16773e-16 106.419 -131.697 
-78.4082 98.4828 155.076 -0 106.441 -131.7 
-78.3859 98.4555 155.08 -0 106.464 -131.703 
-78.3634 98.4275 155.085 -9.25487e-16 106.488 -131.705 
-78.3406 98.3987 155.089 -0 106.512 -131.707 
-78.3175 98.3692 155.094 -6.17148e-16 106.537 -131.709 
-78.2941 98.339 155.099 -6.17229e-16 106.562 -131.711 
-78.2705 98.308 155.104 -3.08656e-16 106.588 -131.713 
-78.2467 98.2763 155.109 -3.08699e-16 106.615 -131.714 
-78.2226 98.2438 155.114 6.17485e-16 106.642 -131.715 
-78.1983 98.2107 155.12 -6.17575e-16 106.67 -131.715 
-78.1739 98.1767 155.125 -9.26501e-16 106.698 -131.715 
-78.1493 98.1421 155.131 -9.26642e-16 106.727 -131.715 
-78.1245 98.1066 155.136 -6.17858e-16 106.757 -131.714 
-78.0996 98.0705 155.142 -6.17957e-16 106.788 -131.714 
-78.0746 98.0336 155.148 -6.18058e-16 106.819 -131.712 
-78.0494 97.996 155.154 -9.27242e-16 106.85 -131.711 
-78.0242 97.9576 155.16 6.18267e-16 106.883 -131.708 
-77.9988 97.9184 155.166 -0 106.916 -131.706 
-77.9734 97.8786 155.172 -1.23697e-15 106.949 -131.703 
-77.9479 97.838 155.179 -3.09299e-16 106.983 -131.699 
-77.9224 97.7966 155.185 -6.18713e-16 107.018 -131.695 
-77.8969 97.7545 155.192 -6.18831e-16 107.054 -131.691 
-77.8713 97.7116 155.198 -0 107.09 -131.686 
-77.8457 97.668 155.205 -1.54768e-15 107.127 -131.68 
-77.8201 97.6236 155.212 -3.09599e-16 107.164 -131.674 
-77.7945 97.5785 155.219 1.23865e-15 107.202 -131.668 
-77.769 97.5327 155.226 6.19456e-16 107.241 -131.661 
-77.7434 97.4861 155.233 -0 107.28 -131.653 
-77.7179 97.4387 155.241 -0 107.321 -131.645 
-77.6925 97.3906 155.248 -0 107.361 -131.636 
-77.6671 97.3417 155.256 1.24e-15 107.403 -131.627 
-77.6417 97.2921 155.263 3.10072e-16 107.445 -131.617 
-77.6165 97.2417 155.271 -9.30433e-16 107.487 -131.607 
-77.5913 97.1905 155.279 -6.20437e-16 107.531 -131.596 
-77.5662 97.1386 155.287 9.30882e-16 107.575 -131.584 
-77.5412 97.086 155.295 9.31112e-16 107.619 -131.572 
-77.5163 97.0326 155.303 -0 107.665 -131.559 
-77.4915 96.9784 155.311 9.31585e-16 107.711 -131.545 
-77.4668 96.9234 155.319 9.31828e-16 107.758 -131.531 
-77.4422 96.8677 155.327 3.10692e-16 107.805 -131.516 
-77.4178 96.8113 155.336 -0 107.853 -131.501 
-77.3935 96.754 155.344 -0 107.902 -131.484 
-77.3693 96.696 155.353 6.21895e-16 107.951 -131.468 
-77.3453 96.6373 155.362 -6.22071e-16 108.001 -131.45 
-77.3214 96.5778 155.37 -1.2445e-15 108.052 -131.432 
-77.2976 96.5175 155.379 1.24487e-15 108.103 -131.413 
-77.2741 96.4564 155.388 1.24524e-15 108.155 -131.394 
-77.2506 96.3946 155.397 -6.22807e-16 108.208 -131.374 
-77.2274 96.332 155.406 -0 108.262 -131.353 
-77.2042 96.2686 155.415 -1.24639e-15 108.316 -131.331 
-77.1813 96.2044 155.425 -0 108.371 -131.309 
-77.1585 96.1395 155.434 1.24718e-15 108.426 -131.286 
-77.1359 96.0738 155.443 -6.23797e-16 108.483 -131.263 
-77.1135 96.0073 155.453 -6.24005e-16 108.54 -131.238 
-77.0912 95.9401 155.463 -6.24216e-16 108.597 -131.213 
-77.0692 95.872 155.472 -6.2443e-16 108.656 -131.188 
-77.0473 95.8032 155.482 -6.24648e-16 108.715 -131.161 
-77.0255 95.7336 155.492 1.87461e-15 108.775 -131.134 
-77.004 95.6633 155.502 1.25019e-15 108.835 -131.106 
-76.9827 95.5921 155.512 -6.25322e-16 108.896 -131.078 
-76.9615 95.5202 155.522 1.25111e-15 108.958 -131.049 
-76.9405 95.4475 155.532 1.25158e-15 109.021 -131.019 
-76.9197 95.374 155.542 1.87808e-15 109.084 -130.988 
-76.8991 95.2997 155.552 1.25254e-15 109.148 -130.957 
-76.8787 95.2246 155.562 6.26517e-16 109.213 -130.925 
-76.8585 95.1488 155.573 1.25353e-15 109.279 -130.892 
-76.8384 95.0721 155.583 -1.88106e-15 109.345 -130.859 
-76.8186 94.9947 155.594 1.88184e-15 109.412 -130.825 
-76.7989 94.9164 155.604 -1.88262e-15 109.479 -130.79 
-76.7794 94.8374 155.615 -6.27806e-16 109.548 -130.754 
-76.7601 94.7576 155.625 -2.5123e-15 109.617 -130.718 
-76.741 94.677 155.636 -0 109.687 -130.681 
-76.7221 94.5956 155.647 -0 109.758 -130.643 
-76.7034 94.5134 155.658 6.28909e-16 109.829 -130.605 
-76.6849 94.4304 155.669 -6.29195e-16 109.901 -130.565 
-76.6665 94.3466 155.68 -0 109.974 -130.526 
-76.6484 94.262 155.691 2.51912e-15 110.047 -130.485 
-76.6304 94.1766 155.702 -0 110.122 -130.444 
-76.6126 94.0904 155.713 -6.30382e-16 110.197 -130.402 
-76.595 94.0034 155.724 1.26138e-15 110.273 -130.359 
-76.5776 93.9156 155.735 -0 110.349 -130.316 
-76.5604 93.827 155.746 1.26264e-15 110.427 -130.272 
-76.5433 93.7376 155.757 1.26328e-15 110.505 -130.227 
-76.5264 93.6474 155.769 6.31967e-16 110.584 -130.181 
-76.5097 93.5564 155.78 -6.32298e-16 110.664 -130.135 
-76.4932 93.4645 155.791 -3.16317e-15 110.744 -130.088 
-76.4769 93.3719 155.803 1.89892e-15 110.825 -130.041 
-76.4607 93.2784 155.814 -0 110.907 -129.992 
-76.4447 93.1842 155.826 -1.26734e-15 110.99 -129.943 
-76.4289 93.0891 155.837 6.34025e-16 111.074 -129.894 
-76.4132 92.9932 155.849 -2.53754e-15 111.158 -129.843 
-76.3977 92.8965 155.86 -6.34751e-16 111.243 -129.792 
-76.3824 92.799 155.872 1.27024e-15 111.329 -129.741 
-76.3673 92.7007 155.884 1.271e-15 111.416 -129.688 
-76.3523 92.6015 155.895 3.1794e-15 111.503 -129.635 
-76.3375 92.5016 155.907 -1.27253e-15 111.591 -129.581 
-76.3228 92.4008 155.919 1.90998e-15 111.68 -129.527 
-76.3084 92.2992 155.931 -0 111.77 -129.472 
-76.294 92.1968 155.942 -6.37461e-16 111.861 -129.416 
-76.2799 92.0936 155.954 -1.27574e-15 111.952 -129.359 
-76.2658 91.9895 155.966 -6.38285e-16 112.045 -129.302 
-76.252 91.8846 155.978 -1.27741e-15 112.138 -129.244 
-76.2383 91.7789 155.989 -1.9174e-15 112.232 -129.185 
-76.2247 91.6724 156.001 -1.27913e-15 112.326 -129.126 
-76.2114 91.565 156.013 -1.28001e-15 112.422 -129.066 
-76.1981 91.4569 156.025 -2.5618e-15 112.518 -129.006 
-76.185 91.3479 156.037 1.2818e-15 112.615 -128.944 
-76.1721 91.238 156.049 -2.56544e-15 112.713 -128.882 
-76.1593 91.1274 156.06 3.85095e-15 112.812 -128.82 
-76.1466 91.0159 156.072 -1.28459e-15 112.912 -128.756 
-76.1341 90.9036 156.084 -0 113.012 -128.693 
-76.1217 90.7904 156.096 -0 113.114 -128.628 
-76.1095 90.6765 156.108 -0 113.216 -128.563 
-76.0974 90.5617 156.12 2.57698e-15 113.319 -128.497 
-76.0854 90.446 156.131 2.579e-15 113.423 -128.43 
-76.0736 90.3296 156.143 -1.29052e-15 113.527 -128.363 
-76.0619 90.2123 156.155 -2.58312e-15 113.633 -128.295 
-76.0503 90.0941 156.167 -3.87784e-15 113.739 -128.226 
-76.0389 89.9752 156.178 1.29368e-15 113.846 -128.157 
-76.0276 89.8554 156.19 -1.29476e-15 113.954 -128.087 
-76.0164 89.7348 156.202 -3.88758e-15 114.063 -128.017 
-76.0053 89.6133 156.214 3.89091e-15 114.173 -127.946 
-75.9944 89.491 156.225 1.2981e-15 114.284 -127.874 
-75.9836 89.3679 156.237 -0 114.395 -127.802 
-75.9729 89.2439 156.248 1.3004e-15 114.508 -127.728 
-75.9623 89.1191 156.26 -3.90473e-15 114.621 -127.655 
-75.9519 88.9935 156.272 1.30277e-15 114.735 -127.58 
-75.9416 88.867 156.283 -2.60795e-15 114.85 -127.505 
-75.9314 88.7397 156.294 2.6104e-15 114.966 -127.43 
-75.9213 88.6115 156.306 -2.61289e-15 115.083 -127.353 
-75.9113 88.4826 156.317 2.6154e-15 115.2 -127.277 
-75.9014 88.3527 156.329 2.61796e-15 115.319 -127.199 
-75.8916 88.2221 156.34 2.62054e-15 115.438 -127.121 
-75.882 88.0906 156.351 -0 115.558 -127.042 
-75.8724 87.9583 156.362 2.62583e-15 115.679 -126.963 
-75.863 87.8251 156.373 -2.62853e-15 115.801 -126.883 
-75.8537 87.6911 156.385 -0 115.924 -126.802 
-75.8444 87.5563 156.396 -2.63404e-15 116.048 -126.721 
-75.8353 87.4206 156.407 2.63685e-15 116.173 -126.639 
-75.8263 87.2841 156.417 -1.31985e-15 116.298 -126.556 
-75.8173 87.1468 156.428 -0 116.425 -126.473 
-75.8085 87.0086 156.439 3.96827e-15 116.552 -126.389 
-75.7998 86.8696 156.45 3.97273e-15 116.681 -126.305 
-75.7911 86.7298 156.46 1.32575e-15 116.81 -126.22 
-75.7826 86.5891 156.471 -2.65455e-15 116.94 -126.134 
-75.7742 86.4476 156.481 -0 117.071 -126.048 
-75.7658 86.3052 156.492 -1.33039e-15 117.203 -125.961 
-75.7576 86.1621 156.502 -0 117.336 -125.873 
-75.7494 86.0181 156.512 2.66719e-15 117.47 -125.785 
-75.7413 85.8733 156.523 -4.0057e-15 117.604 -125.696 
-75.7333 85.7276 156.533 1.33689e-15 117.74 -125.607 
-75.7254 85.5811 156.543 -2.67714e-15 117.876 -125.517 
-75.7176 85.4338 156.552 -2.68055e-15 118.014 -125.426 
-75.7099 85.2857 156.562 1.342e-15 118.152 -125.335 
-75.7022 85.1367 156.572 1.34376e-15 118.291 -125.244 
-75.6946 84.9869 156.581 4.0366e-15 118.432 -125.151 
-75.6871 84.8363 156.591 -0 118.573 -125.058 
-75.6797 84.6849 156.6 2.69832e-15 118.715 -124.965 
-75.6724 84.5326 156.61 -1.35101e-15 118.858 -124.87 
-75.6652 84.3796 156.619 -0 119.002 -124.776 
-75.658 84.2257 156.628 2.70958e-15 119.147 -124.68 
-75.6509 84.071 156.637 -4.07016e-15 119.292 -124.584 
-75.6439 83.9155 156.646 1.35868e-15 119.439 -124.488 
-75.637 83.7591 156.654 -2.72132e-15 119.587 -124.39 
-75.6301 83.6024 156.663 -2.72533e-15 119.735 -124.293 
-75.6234 83.4456 156.671 4.09406e-15 119.883 -124.195 
-75.6167 83.2888 156.679 2.73346e-15 120.032 -124.098 
-75.6102 83.132 156.687 -4.10637e-15 120.181 -124 
-75.6038 82.9752 156.695 8.2252e-15 120.33 -123.902 
-75.5974 82.8183 156.703 -2.74592e-15 120.479 -123.804 
-75.5912 82.6614 156.71 5.50031e-15 120.628 -123.706 
-75.585 82.5046 156.718 4.13163e-15 120.778 -123.607 
-75.579 82.3477 156.725 1.37936e-15 120.927 -123.509 
-75.573 82.1908 156.732 -4.14459e-15 121.077 -123.411 
-75.5671 82.0339 156.739 -1.38372e-15 121.227 -123.312 
-75.5613 81.877 156.746 -0 121.378 -123.214 
-75.5556 81.7201 156.752 -0 121.528 -123.115 
-75.5499 81.5632 156.758 -1.3904e-15 121.678 -123.016 
-75.5444 81.4062 156.765 1.39267e-15 121.829 -122.917 
-75.5389 81.2493 156.771 -4.18485e-15 121.98 -122.818 
-75.5335 81.0925 156.776 5.58902e-15 122.131 -122.719 
-75.5281 80.9356 156.782 1.39958e-15 122.282 -122.62 
-75.5229 80.7787 156.788 2.80385e-15 122.434 -122.521 
-75.5177 80.6219 156.793 -5.61716e-15 122.585 -122.422 
-75.5126 80.465 156.798 5.6267e-15 122.737 -122.323 
-75.5075 80.3082 156.803 2.81816e-15 122.889 -122.224 
-75.5025 80.1514 156.808 -0 123.041 -122.124 
-75.4976 79.9946 156.812 2.82791e-15 123.193 -122.025 
-75.4928 79.8379 156.817 2.83285e-15 123.345 -121.925 
-75.488 79.6811 156.821 -2.83782e-15 123.498 -121.826 
-75.4833 79.5245 156.825 -0 123.65 -121.726 
-75.4786 79.3678 156.829 5.69581e-15 123.803 -121.626 
-75.474 79.2112 156.833 -0 123.956 -121.526 
-75.4694 79.0546 156.837 2.85816e-15 124.109 -121.427 
-75.4649 78.898 156.84 -0 124.262 -121.327 
-75.4605 78.7415 156.843 5.73718e-15 124.415 -121.227 
-75.4561 78.5851 156.846 -2.87387e-15 124.569 -121.127 
-75.4518 78.4286 156.849 2.8792e-15 124.722 -121.027 
-75.4475 78.2723 156.852 -0 124.876 -120.927 
-75.4433 78.116 156.855 5.77996e-15 125.029 -120.826 
-75.4392 77.9597 156.857 2.89544e-15 125.183 -120.726 
-75.435 77.8035 156.859 5.8019e-15 125.337 -120.626 
-75.431 77.6473 156.861 2.9065e-15 125.491 -120.526 
-75.427 77.4912 156.863 -0 125.645 -120.425 
-75.423 77.3352 156.865 -5.83549e-15 125.8 -120.325 
-75.4191 77.1792 156.867 2.92344e-15 125.954 -120.224 
-75.4152 77.0233 156.868 -8.78754e-15 126.109 -120.124 
-75.4114 76.8675 156.869 2.93497e-15 126.263 -120.023 
-75.4076 76.7117 156.87 -2.9408e-15 126.418 -119.923 
-75.4038 76.556 156.871 2.94669e-15 126.573 -119.822 
-75.4001 76.4004 156.872 -0 126.728 -119.721 
-75.3965 76.2449 156.872 5.91721e-15 126.883 -119.621 
-75.3928 76.0895 156.873 -5.92928e-15 127.038 -119.52 
-75.3893 75.9341 156.873 -0 127.193 -119.419 
-75.3857 75.7788 156.873 -2.97686e-15 127.348 -119.318 
-75.3822 75.6236 156.873 -0 127.504 -119.217 
-75.3788 75.4685 156.872 -0 127.659 -119.116 
-75.3754 75.3135 156.872 -5.99113e-15 127.815 -119.015 
-75.372 75.1585 156.871 -0 127.97 -118.914 
-75.3686 75.0037 156.87 6.01659e-15 128.126 -118.813 
-75.3653 74.849 156.869 -3.01474e-15 128.282 -118.712 
-75.3621 74.6944 156.868 3.02123e-15 128.438 -118.611 
-75.3588 74.5398 156.867 -0 128.594 -118.51 
-75.3556 74.3854 156.865 6.06877e-15 128.75 -118.409 
-75.3525 74.2311 156.863 3.04104e-15 128.906 -118.308 
-75.3493 74.0769 156.861 -3.04776e-15 129.062 -118.206 
-75.3462 73.9228 156.859 1.22181e-14 129.218 -118.105 
-75.3431 73.7688 156.857 6.1227e-15 129.374 -118.004 
-75.3401 73.615 156.855 3.06823e-15 129.53 -117.903 
-75.3371 73.4612 156.852 -0 129.687 -117.801 
-75.3341 73.3076 156.849 6.16431e-15 129.843 -117.7 
-75.3312 73.1541 156.846 -3.0892e-15 129.999 -117.598 
-75.3283 73.0008 156.843 3.09631e-15 130.156 -117.497 
-75.3254 72.8475 156.84 -0 130.312 -117.395 
-75.3225 72.6944 156.837 3.1107e-15 130.469 -117.294 
-75.3197 72.5414 156.833 -1.24719e-14 130.626 -117.192 
-75.3169 72.3886 156.829 -0 130.782 -117.091 
-75.3141 72.2359 156.825 -6.26544e-15 130.939 -116.989 
-75.3114 72.0833 156.821 9.42055e-15 131.096 -116.887 
-75.3087 71.9309 156.817 9.44311e-15 131.252 -116.786 
-75.306 71.7786 156.812 -3.15529e-15 131.409 -116.684 
-75.3033 71.6265 156.808 -0 131.566 -116.582 
-75.3007 71.4745 156.803 -0 131.723 -116.481 
-75.2981 71.3226 156.798 3.17841e-15 131.88 -116.379 
-75.2955 71.1709 156.793 -6.37248e-15 132.036 -116.277 
-75.2929 71.0194 156.787 9.58241e-15 132.193 -116.175 
-75.2904 70.868 156.782 -3.20209e-15 132.35 -116.073 
-75.2879 70.7168 156.776 -3.21012e-15 132.507 -115.972 
-75.2854 70.5657 156.77 3.21821e-15 132.664 -115.87 
-75.2829 70.4148 156.764 -9.67909e-15 132.821 -115.768 
-75.2805 70.2641 156.758 3.23458e-15 132.978 -115.666 
-75.278 70.1135 156.752 -1.62144e-14 133.135 -115.564 
-75.2756 69.9631 156.745 -0 133.292 -115.462 
-75.2733 69.8129 156.739 -6.5193e-15 133.448 -115.36 
-75.2709 69.6628 156.732 -3.26814e-15 133.605 -115.258 
-75.2686 69.5129 156.725 -0 133.762 -115.156 
-75.2663 69.3632 156.718 -3.28533e-15 133.919 -115.054 
-75.264 69.2137 156.71 -9.88207e-15 134.076 -114.952 
-75.2617 69.0644 156.703 3.30279e-15 134.233 -114.85 
-75.2594 68.9152 156.695 9.93489e-15 134.39 -114.747 
-75.2572 68.7662 156.687 9.96163e-15 134.547 -114.645 
-75.255 68.6174 156.679 9.98858e-15 134.703 -114.543 
-75.2528 68.4688 156.671 1.33543e-14 134.86 -114.441 
-75.2506 68.3204 156.663 -3.34771e-15 135.017 -114.339 
-75.2485 68.1722 156.654 3.35691e-15 135.174 -114.236 
-75.2463 68.0242 156.645 3.36619e-15 135.331 -114.134 
-75.2442 67.8764 156.636 -0 135.487 -114.032 
-75.2421 67.7287 156.627 3.38497e-15 135.644 -113.93 
-75.2401 67.5813 156.618 -3.39447e-15 135.801 -113.827 
-75.238 67.4341 156.609 -0 135.957 -113.725 
-75.236 67.2871 156.599 1.02411e-14 136.114 -113.623 
-75.2339 67.1402 156.59 6.84689e-15 136.27 -113.52 
-75.2319 66.9936 156.58 6.86652e-15 136.427 -113.418 
-75.2299 66.8472 156.57 1.03295e-14 136.583 -113.316 
-75.2279 66.7011 156.559 3.45313e-15 136.74 -113.213 
-75.226 66.5551 156.549 1.38527e-14 136.896 -113.111 
-75.224 66.4093 156.539 3.47332e-15 137.052 -113.008 
-75.2221 66.2638 156.528 1.39341e-14 137.208 -112.906 
-75.2202 66.1185 156.517 -1.04815e-14 137.365 -112.803 
-75.2183 65.9734 156.506 7.00844e-15 137.521 -112.701 
-75.2164 65.8285 156.495 -1.75735e-14 137.677 -112.598 
-75.2146 65.6839 156.483 1.4101e-14 137.833 -112.496 
-75.2127 65.5394 156.472 3.53588e-15 137.989 -112.393 
-75.2109 65.3952 156.46 3.54661e-15 138.145 -112.291 
-75.2091 65.2513 156.448 -0 138.3 -112.188 
-75.2073 65.1076 156.436 -7.13665e-15 138.456 -112.086 
-75.2055 64.9641 156.424 1.78966e-14 138.612 -111.983 
-75.2037 64.8208 156.412 -3.59039e-15 138.768 -111.88 
-75.2019 64.6778 156.399 -3.60156e-15 138.923 -111.778 
-75.2002 64.535 156.387 -0 139.079 -111.675 
-75.1985 64.3924 156.374 1.44967e-14 139.234 -111.573 
-75.1967 64.2501 156.361 7.27123e-15 139.389 -111.47 
-75.195 64.108 156.348 -3.64715e-15 139.544 -111.367 
-75.1933 63.9662 156.334 -1.09763e-14 139.7 -111.265 
-75.1917 63.8246 156.321 -7.34102e-15 139.855 -111.162 
-75.19 63.6833 156.307 1.47293e-14 140.01 -111.059 
-75.1883 63.5422 156.293 -1.4777e-14 140.164 -110.956 
-75.1867 63.4014 156.279 -3.70626e-15 140.319 -110.854 
-75.1851 63.2608 156.265 -0 140.474 -110.751 
-75.1834 63.1205 156.251 7.46119e-15 140.629 -110.648 
-75.1818 62.9805 156.236 -0 140.783 -110.545 
-75.1802 62.8407 156.222 -7.51064e-15 140.937 -110.443 
-75.1787 62.7011 156.207 -3.76784e-15 141.092 -110.34 
-75.1771 62.5618 156.192 -0 141.246 -110.237 
-75.1755 62.4228 156.177 -0 141.4 -110.134 
-75.174 62.284 156.162 1.5224e-14 141.554 -110.031 
-75.1725 62.1455 156.146 7.63789e-15 141.708 -109.928 
-75.1709 62.0073 156.131 1.1496e-14 141.862 -109.826 
-75.1694 61.8693 156.115 7.69027e-15 142.015 -109.723 
-75.1679 61.7316 156.099 3.85839e-15 142.169 -109.62 
-75.1664 61.5942 156.083 -0 142.322 -109.517 
-75.165 61.457 156.067 -1.5541e-14 142.476 -109.414 
-75.1635 61.3202 156.051 -1.16965e-14 142.629 -109.311 
-75.162 61.1836 156.034 -3.91253e-15 142.782 -109.208 
-75.1606 61.0472 156.018 -1.57054e-14 142.935 -109.105 
-75.1591 60.9112 156.001 -1.97014e-14 143.088 -109.002 
-75.1577 60.7754 155.984 3.95433e-15 143.241 -108.899 
-75.1563 60.6399 155.967 -1.19055e-14 143.393 -108.796 
-75.1549 60.5047 155.949 -0 143.546 -108.693 
-75.1535 60.3697 155.932 -3.99718e-15 143.698 -108.59 
-75.1521 60.2351 155.914 -8.02342e-15 143.85 -108.488 
-75.1507 60.1007 155.897 -1.20791e-14 144.003 -108.384 
-75.1494 59.9666 155.879 -0 144.155 -108.281 
-75.148 59.8328 155.861 1.62241e-14 144.306 -108.178 
-75.1467 59.6993 155.843 -1.62841e-14 144.458 -108.075 
-75.1453 59.566 155.824 1.63447e-14 144.61 -107.972 
-75.144 59.4331 155.806 8.20291e-15 144.761 -107.869 
-75.1427 59.3005 155.787 -1.64674e-14 144.912 -107.766 
-75.1414 59.1681 155.768 8.26478e-15 145.064 -107.663 
-75.1401 59.036 155.749 8.29611e-15 145.215 -107.56 
-75.1388 58.9043 155.73 -8.32771e-15 145.365 -107.457 
-75.1375 58.7728 155.711 -8.35957e-15 145.516 -107.354 
-75.1362 58.6416 155.692 -8.39171e-15 145.667 -107.251 
-75.1349 58.5107 155.672 2.52724e-14 145.817 -107.148 
-75.1337 58.3802 155.652 8.45681e-15 145.967 -107.045 
-75.1324 58.2499 155.633 -8.48978e-15 146.118 -106.941 
-75.1312 58.1199 155.613 8.52303e-15 146.268 -106.838 
-75.1299 57.9902 155.592 -1.71131e-14 146.417 -106.735 
-75.1287 57.8608 155.572 8.5904e-15 146.567 -106.632 
-75.1275 57.7318 155.552 -1.7249e-14 146.717 -106.529 
-75.1263 57.603 155.531 8.65894e-15 146.866 -106.426 
-75.1251 57.4745 155.51 8.69365e-15 147.015 -106.323 
-75.1239 57.3464 155.489 8.72866e-15 147.164 -106.219 
-75.1227 57.2185 155.468 -0 147.313 -106.116 
-75.1215 57.0909 155.447 2.63988e-14 147.462 -106.013 
-75.1204 56.9637 155.426 -8.83555e-15 147.61 -105.91 
-75.1192 56.8368 155.404 2.66154e-14 147.759 -105.807 
-75.118 56.7101 155.383 -0 147.907 -105.703 
-75.1169 56.5838 155.361 -1.78905e-14 148.055 -105.6 
-75.1158 56.4578 155.339 1.7965e-14 148.203 -105.497 
-75.1146 56.3321 155.317 9.02003e-15 148.351 -105.394 
-75.1135 56.2068 155.295 9.0579e-15 148.498 -105.29 
-75.1124 56.0817 155.273 9.09612e-15 148.646 -105.187 
-75.1113 55.9569 155.25 -0 148.793 -105.084 
-75.1102 55.8325 155.228 -0 148.94 -104.981 
-75.1091 55.7084 155.205 -9.21281e-15 149.087 -104.877 
-75.108 55.5846 155.182 1.85048e-14 149.234 -104.774 
-75.1069 55.4611 155.159 -0 149.38 -104.671 
-75.1058 55.3379 155.136 -9.33265e-15 149.526 -104.567 
-75.1047 55.2151 155.112 9.37332e-15 149.673 -104.464 
-75.1037 55.0925 155.089 -1.88287e-14 149.819 -104.361 
-75.1026 54.9703 155.065 -0 149.964 -104.257 
-75.1016 54.8484 155.042 -9.49755e-15 150.11 -104.154 
-75.1005 54.7269 155.018 -1.90794e-14 150.256 -104.051 
-75.0995 54.6056 154.994 -0 150.401 -103.947 
-75.0984 54.4847 154.969 -0 150.546 -103.844 
-75.0974 54.3641 154.945 -9.66853e-15 150.691 -103.741 
-75.0964 54.2438 154.921 -9.71226e-15 150.835 -103.637 
-75.0954 54.1238 154.896 9.75639e-15 150.98 -103.534 
-75.0944 54.0042 154.871 1.96019e-14 151.124 -103.431 
-75.0934 53.8849 154.847 9.84589e-15 151.269 -103.327 
-75.0924 53.7659 154.822 2.96738e-14 151.413 -103.224 
-75.0914 53.6472 154.797 1.98741e-14 151.556 -103.12 
-75.0904 53.5289 154.771 1.99665e-14 151.7 -103.017 
-75.0894 53.4109 154.746 -1.00299e-14 151.843 -102.914 
-75.0884 53.2932 154.72 -1.0077e-14 151.986 -102.81 
-75.0875 53.1758 154.695 -1.01245e-14 152.129 -102.707 
-75.0865 53.0588 154.669 -3.05176e-14 152.272 -102.603 
-75.0856 52.9421 154.643 2.04419e-14 152.415 -102.5 
-75.0846 52.8257 154.617 1.02699e-14 152.557 -102.397 
-75.0837 52.7096 154.591 -0 152.7 -102.293 
-75.0827 52.5939 154.564 -0 152.842 -102.19 
-75.0818 52.4785 154.538 -0 152.984 -102.086 
-75.0809 52.3635 154.511 2.09403e-14 153.125 -101.983 
-75.0799 52.2487 154.485 -0 153.267 -101.879 
-75.079 52.1343 154.458 -0 153.408 -101.776 
-75.0781 52.0202 154.431 -2.12511e-14 153.549 -101.672 
-75.0772 51.9065 154.404 -0 153.69 -101.569 
-75.0763 51.7931 154.377 -0 153.83 -101.465 
-75.0754 51.68 154.349 3.23564e-14 153.971 -101.362 
-75.0745 51.5672 154.322 1.08398e-14 154.111 -101.258 
-75.0736 51.4548 154.294 -0 154.251 -101.155 
-75.0727 51.3427 154.266 4.38007e-14 154.391 -101.051 
-75.0719 51.231 154.238 1.10062e-14 154.531 -100.948 
-75.071 51.1195 154.21 3.31882e-14 154.67 -100.844 
-75.0701 51.0084 154.182 1.11199e-14 154.809 -100.741 
-75.0693 50.8977 154.154 2.23551e-14 154.948 -100.637 
-75.0684 50.7872 154.126 -1.12358e-14 155.087 -100.534 
-75.0675 50.6771 154.097 2.25894e-14 155.226 -100.43 
-75.0667 50.5674 154.068 -2.27083e-14 155.364 -100.327 
-75.0659 50.4579 154.04 -3.42427e-14 155.502 -100.223 
-75.065 50.3488 154.011 -0 155.64 -100.12 
-75.0642 50.24 153.982 -0 155.778 -100.016 
-75.0634 50.1316 153.953 1.15981e-14 155.916 -99.9126 
-75.0625 50.0235 153.923 -1.16607e-14 156.053 -99.8091 
-75.0617 49.9157 153.894 -1.1724e-14 156.19 -99.7055 
-75.0609 49.8083 153.865 -0 156.327 -99.6019 
-75.0601 49.7012 153.835 2.37048e-14 156.464 -99.4984 
-75.0593 49.5944 153.805 4.76705e-14 156.6 -99.3948 
-75.0585 49.4879 153.775 -0 156.737 -99.2912 
-75.0577 49.3818 153.745 6.02508e-14 156.873 -99.1876 
-75.0569 49.276 153.715 1.21175e-14 157.009 -99.0841 
-75.0561 49.1706 153.685 -3.65566e-14 157.144 -98.9805 
-75.0553 49.0655 153.655 -2.45086e-14 157.28 -98.8769 
-75.0545 48.9607 153.624 -2.46476e-14 157.415 -98.7733 
-75.0537 48.8562 153.594 -0 157.55 -98.6697 
-75.053 48.7521 153.563 -0 157.685 -98.5661 
-75.0522 48.6483 153.532 2.50738e-14 157.82 -98.4625 
-75.0514 48.5449 153.501 1.26095e-14 157.954 -98.3588 
-75.0507 48.4418 153.47 -2.53658e-14 158.088 -98.2552 
-75.0499 48.339 153.439 1.27571e-14 158.222 -98.1516 
-75.0492 48.2365 153.407 -0 158.356 -98.048 
-75.0484 48.1344 153.376 -2.58159e-14 158.49 -97.9443 
-75.0477 48.0326 153.345 -3.8954e-14 158.623 -97.8407 
-75.0469 47.9311 153.313 1.30622e-14 158.756 -97.7371 
-75.0462 47.83 153.281 2.62813e-14 158.889 -97.6334 
-75.0454 47.7292 153.249 3.966e-14 159.022 -97.5298 
-75.0447 47.6287 153.217 -0 159.154 -97.4261 
-75.044 47.5286 153.185 2.67628e-14 159.286 -97.3225 
-75.0433 47.4288 153.153 -0 159.418 -97.2188 
-75.0425 47.3293 153.121 -1.35465e-14 159.55 -97.1152 
-75.0418 47.2301 153.088 -5.4522e-14 159.682 -97.0115 
-75.0411 47.1313 153.055 -0 159.813 -96.9078 
-75.0404 47.0328 153.023 -2.76029e-14 159.944 -96.8042 
-75.0397 46.9347 152.99 1.38884e-14 160.075 -96.7005 
-75.039 46.8368 152.957 -4.19293e-14 160.206 -96.5968 
-75.0383 46.7393 152.924 2.8131e-14 160.337 -96.4931 
-75.0376 46.6422 152.891 -0 160.467 -96.3894 
-75.0369 46.5453 152.858 2.84937e-14 160.597 -96.2857 
-75.0362 46.4488 152.824 -0 160.727 -96.182 
-75.0355 46.3526 152.791 2.88652e-14 160.856 -96.0783 
-75.0349 46.2568 152.757 2.90543e-14 160.986 -95.9746 
-75.0342 46.1612 152.724 1.46229e-14 161.115 -95.8709 
-75.0335 46.066 152.69 -1.47198e-14 161.244 -95.7672 
-75.0328 45.9711 152.656 -1.48179e-14 161.373 -95.6635 
-75.0322 45.8766 152.622 2.98346e-14 161.501 -95.5598 
-75.0315 45.7824 152.588 3.00357e-14 161.63 -95.4561 
-75.0308 45.6885 152.554 7.55986e-14 161.758 -95.3524 
-75.0302 45.5949 152.519 -6.08914e-14 161.886 -95.2487 
-75.0295 45.5016 152.485 3.06546e-14 162.013 -95.1449 
-75.0289 45.4087 152.45 4.62993e-14 162.141 -95.0412 
-75.0282 45.3161 152.416 -0 162.268 -94.9375 
-75.0276 45.2238 152.381 -0 162.395 -94.8337 
-75.0269 45.1319 152.346 -0 162.522 -94.73 
-75.0263 45.0402 152.311 7.93509e-14 162.649 -94.6263 
-75.0257 44.9489 152.276 3.19661e-14 162.775 -94.5225 
-75.025 44.8579 152.241 -3.21948e-14 162.901 -94.4188 
-75.0244 44.7672 152.206 1.62133e-14 163.027 -94.315 
-75.0238 44.6769 152.17 -3.26615e-14 163.153 -94.2113 
-75.0231 44.5869 152.135 -4.93494e-14 163.278 -94.1075 
-75.0225 44.4972 152.099 8.28523e-14 163.404 -94.0037 
-75.0219 44.4078 152.063 -0 163.529 -93.9 
-75.0213 44.3187 152.028 3.36335e-14 163.654 -93.7962 
-75.0207 44.23 151.992 -1.69424e-14 163.778 -93.6924 
-75.0201 44.1416 151.956 6.82796e-14 163.903 -93.5887 
-75.0195 44.0534 151.92 -3.43983e-14 164.027 -93.4849 
-75.0189 43.9657 151.883 1.73302e-14 164.151 -93.3811 
-75.0182 43.8782 151.847 -1.74631e-14 164.275 -93.2773 
-75.0177 43.791 151.811 -3.51959e-14 164.398 -93.1736 
-75.0171 43.7042 151.774 1.77347e-14 164.522 -93.0698 
-75.0165 43.6177 151.738 3.57469e-14 164.645 -92.966 
-75.0159 43.5315 151.701 -1.80142e-14 164.768 -92.8622 
-75.0153 43.4456 151.664 -1.8157e-14 164.89 -92.7584 
-75.0147 43.36 151.627 1.83019e-14 165.013 -92.6546 
-75.0141 43.2747 151.59 -1.8449e-14 165.135 -92.5508 
-75.0135 43.1898 151.553 -0 165.257 -92.447 
-75.013 43.1051 151.516 -3.74997e-14 165.379 -92.3432 
-75.0124 43.0208 151.479 -3.78074e-14 165.5 -92.2394 
-75.0118 42.9368 151.441 1.90599e-14 165.622 -92.1356 
-75.0112 42.8531 151.404 -0 165.743 -92.0318 
-75.0107 42.7697 151.366 3.87592e-14 165.864 -91.928 
-75.0101 42.6866 151.329 1.95432e-14 165.985 -91.8241 
-75.0096 42.6039 151.291 -0 166.105 -91.7203 
-75.009 42.5214 151.253 1.98781e-14 166.226 -91.6165 
-75.0084 42.4393 151.215 -0 166.346 -91.5127 
-75.0079 42.3574 151.177 4.04477e-14 166.466 -91.4089 
-75.0073 42.2759 151.139 -2.04009e-14 166.585 -91.305 
-75.0068 42.1947 151.101 -8.23236e-14 166.705 -91.2012 
-75.0062 42.1137 151.062 -4.15277e-14 166.824 -91.0974 
-75.0057 42.0331 151.024 -4.18996e-14 166.943 -90.9935 
-75.0051 41.9528 150.985 -0 167.062 -90.8897 
-75.0046 41.8728 150.947 -6.39935e-14 167.181 -90.7858 
-75.0041 41.7931 150.908 -4.30534e-14 167.299 -90.682 
-75.0035 41.7137 150.869 -0 167.417 -90.5782 
-75.003 41.6346 150.83 -4.38559e-14 167.535 -90.4743 
-75.0025 41.5559 150.791 -0 167.653 -90.3705 
-75.0019 41.4774 150.752 -2.23433e-14 167.77 -90.2666 
-75.0014 41.3992 150.713 -0 167.888 -90.1627 
-75.0009 41.3213 150.674 4.55469e-14 168.005 -90.0589 
-75.0004 41.2437 150.634 -0 168.122 -89.955 
-74.9999 41.1664 150.595 9.28773e-14 168.239 -89.8512 
-74.9993 41.0894 150.556 2.34484e-14 168.355 -89.7473 
-74.9988 41.0128 150.516 -7.1045e-14 168.471 -89.6434 
-74.9983 40.9364 150.476 2.39193e-14 168.587 -89.5396 
-74.9978 40.8603 150.436 -0 168.703 -89.4357 
-74.9973 40.7845 150.397 2.44082e-14 168.819 -89.3318 
-74.9968 40.709 150.357 -2.46596e-14 168.934 -89.2279 
-74.9963 40.6338 150.317 4.98319e-14 169.05 -89.1241 
-74.9958 40.5589 150.276 -5.03546e-14 169.165 -89.0202 
-74.9953 40.4843 150.236 2.54438e-14 169.28 -88.9163 
-74.9948 40.4099 150.196 -5.14313e-14 169.394 -88.8124 
-74.9943 40.3359 150.155 -1.29965e-13 169.509 -88.7085 
-74.9938 40.2622 150.115 -7.88275e-14 169.623 -88.6046 
-74.9933 40.1887 150.074 -0 169.737 -88.5008 
-74.9928 40.1156 150.034 5.37186e-14 169.851 -88.3969 
-74.9923 40.0427 149.993 8.14805e-14 169.964 -88.293 
-74.9918 39.9702 149.952 2.74674e-14 170.078 -88.1891 
-74.9914 39.8979 149.911 5.55625e-14 170.191 -88.0852 
-74.9909 39.8259 149.87 -8.43055e-14 170.304 -87.9813 
-74.9904 39.7542 149.829 5.68589e-14 170.417 -87.8774 
-74.9899 39.6828 149.788 -0 170.529 -87.7735 
-74.9895 39.6116 149.747 5.82131e-14 170.642 -87.6696 
-74.989 39.5408 149.705 -2.94566e-14 170.754 -87.5657 
-74.9885 39.4702 149.664 -0 170.866 -87.4617 
-74.988 39.3999 149.622 -0 170.978 -87.3578 
-74.9876 39.3299 149.581 -3.05556e-14 171.089 -87.2539 
-74.9871 39.2602 149.539 -0 171.201 -87.15 
-74.9866 39.1908 149.497 -9.3996e-14 171.312 -87.0461 
-74.9862 39.1217 149.456 -6.34686e-14 171.423 -86.9422 
-74.9857 39.0528 149.414 -0 171.533 -86.8382 
-74.9853 38.9842 149.372 6.51374e-14 171.644 -86.7343 
-74.9848 38.9159 149.33 -3.30016e-14 171.754 -86.6304 
-74.9844 38.8479 149.288 -1.00336e-13 171.865 -86.5265 
-74.9839 38.7802 149.245 -0 171.975 -86.4225 
-74.9835 38.7127 149.203 1.03103e-13 172.084 -86.3186 
-74.983 38.6455 149.161 3.48472e-14 172.194 -86.2147 
-74.9826 38.5786 149.118 -0 172.303 -86.1107 
-74.9821 38.512 149.076 2.15069e-13 172.412 -86.0068 
-74.9817 38.4456 149.033 -3.63642e-14 172.521 -85.9029 
-74.9812 38.3795 148.99 -3.6898e-14 172.63 -85.7989 
-74.9808 38.3137 148.947 -7.48936e-14 172.739 -85.695 
-74.9803 38.2482 148.905 -0 172.847 -85.591 
-74.9799 38.1829 148.862 7.71843e-14 172.955 -85.4871 
-74.9795 38.1179 148.819 3.91901e-14 173.063 -85.3832 
-74.979 38.0532 148.776 -7.96117e-14 173.171 -85.2792 
-74.9786 37.9887 148.732 -2.42642e-13 173.279 -85.1753 
-74.9782 37.9245 148.689 8.21884e-14 173.386 -85.0713 
-74.9778 37.8606 148.646 -0 173.494 -84.9674 
-74.9773 37.797 148.602 4.24642e-14 173.601 -84.8634 
-74.9769 37.7336 148.559 1.29547e-13 173.707 -84.7594 
-74.9765 37.6705 148.515 2.1962e-13 173.814 -84.6555 
-74.9761 37.6076 148.472 -4.46903e-14 173.921 -84.5515 
-74.9756 37.5451 148.428 -2.27412e-13 174.027 -84.4476 
-74.9752 37.4828 148.384 -4.6302e-14 174.133 -84.3436 
-74.9748 37.4207 148.34 1.4145e-13 174.239 -84.2396 
-74.9744 37.3589 148.296 4.80285e-14 174.345 -84.1357 
-74.974 37.2974 148.252 -9.78776e-14 174.45 -84.0317 
-74.9736 37.2361 148.208 -1.49648e-13 174.555 -83.9277 
-74.9732 37.1751 148.164 2.5431e-13 174.661 -83.8238 
-74.9727 37.1144 148.12 -0 174.766 -83.7198 
-74.9723 37.0539 148.076 1.58807e-13 174.87 -83.6158 
-74.9719 36.9937 148.031 2.70172e-13 174.975 -83.5118 
-74.9715 36.9338 147.987 -0 175.079 -83.4079 
-74.9711 36.8741 147.942 2.25476e-13 175.184 -83.3039 
-74.9707 36.8146 147.898 -0 175.288 -83.1999 
-74.9703 36.7554 147.853 1.17811e-13 175.391 -83.0959 
-74.9699 36.6965 147.808 6.02581e-14 175.495 -82.9919 
-74.9695 36.6378 147.764 -6.16718e-14 175.599 -82.888 
-74.9691 36.5794 147.719 1.26302e-13 175.702 -82.784 
-74.9687 36.5212 147.674 1.94101e-13 175.805 -82.68 
-74.9684 36.4633 147.629 2.65299e-13 175.908 -82.576 
-74.968 36.4057 147.584 6.80299e-14 176.011 -82.472 
-74.9676 36.3483 147.539 -2.09466e-13 176.113 -82.368 
-74.9672 36.2911 147.493 -1.43416e-13 176.216 -82.264 
-74.9668 36.2342 147.448 1.47391e-13 176.318 -82.16 
-74.9664 36.1776 147.403 3.78962e-13 176.42 -82.056 
-74.966 36.1212 147.357 1.56017e-13 176.522 -81.952 
-74.9657 36.065 147.312 -0 176.623 -81.848 
-74.9653 36.0091 147.266 8.28409e-14 176.725 -81.744 
-74.9649 35.9534 147.221 8.54819e-14 176.826 -81.64 
-74.9645 35.898 147.175 -1.76584e-13 176.927 -81.536 
-74.9641 35.8429 147.129 -1.82576e-13 177.028 -81.432 
-74.9638 35.7879 147.083 -9.44892e-14 177.129 -81.328 
-74.9634 35.7333 147.037 9.7917e-14 177.229 -81.224 
-74.963 35.6788 146.991 4.06386e-13 177.33 -81.12 
-74.9627 35.6246 146.945 -4.22225e-13 177.43 -81.016 
-74.9623 35.5707 146.899 -2.1966e-13 177.53 -80.912 
-74.9619 35.517 146.853 5.7228e-13 177.63 -80.8079 
-74.9615 35.4635 146.807 4.77921e-13 177.73 -80.7039 
-74.9612 35.4103 146.76 -3.74869e-13 177.829 -80.5999 
-74.9608 35.3573 146.714 -0 177.929 -80.4959 
-74.9605 35.3046 146.668 -2.75062e-13 178.028 -80.3919 
-74.9601 35.252 146.621 -1.44798e-13 178.127 -80.2879 
-74.9597 35.1998 146.575 -4.58587e-13 178.226 -80.1838 
-74.9594 35.1477 146.528 -1.61861e-13 178.324 -80.0798 
-74.959 35.096 146.481 -5.15904e-13 178.423 -79.9758 
-74.9587 35.0444 146.434 -3.66801e-13 178.521 -79.8718 
-74.9583 34.9931 146.388 5.89312e-13 178.619 -79.7677 
-74.958 34.942 146.341 -2.11442e-13 178.717 -79.6637 
-74.9576 34.8911 146.294 4.57794e-13 178.815 -79.5597 
-74.9573 34.8405 146.247 -2.49455e-13 178.913 -79.4557 
-74.9569 34.7901 146.2 -8.22072e-13 179.01 -79.3516 
-74.9566 34.7399 146.152 -0 179.108 -79.2476 
-74.9562 34.69 146.105 -0 179.205 -79.1436 
-74.9559 34.6403 146.058 -0 179.302 -79.0395 
-74.9555 34.5908 146.011 -1.80368e-12 179.399 -78.9355 
-74.9552 34.5416 145.963 -1.07452e-12 179.495 -78.8315 
-74.9548 34.4926 145.916 1.32845e-12 179.592 -78.7274 
-74.9545 34.4438 145.868 -0 179.688 -78.6234 
-74.9541 34.3953 145.821 5.0266e-12 179.784 -78.5193 
-74.9538 34.3469 145.773 -0 179.88 -78.4153 
-74.9535 34.2988 145.725 2.26168e-11 179.976 -78.3112 
-74.9531 34.2509 145.677 180 179.928 101.793 
-74.9528 34.2033 145.63 -180 179.833 101.897 
-74.9525 34.1559 145.582 180 179.737 102.001 
-74.9521 34.1087 145.534 -180 179.642 102.105 
-74.9518 34.0617 145.486 180 179.547 102.209 
-74.9515 34.0149 145.438 -180 179.452 102.313 
-74.9511 33.9684 145.389 -180 179.358 102.417 
-74.9508 33.922 145.341 180 179.263 102.521 
-74.9505 33.8759 145.293 180 179.169 102.625 
-74.9502 33.8301 145.245 -180 179.075 102.729 
-74.9498 33.7844 145.196 180 178.981 102.833 
-74.9495 33.739 145.148 180 178.887 102.937 
-74.9492 33.6937 145.099 -180 178.793 103.041 
-74.9489 33.6487 145.051 -180 178.699 103.145 
-74.9485 33.6039 145.002 -180 178.606 103.25 
-74.9482 33.5593 144.953 -180 178.513 103.354 
-74.9479 33.515 144.905 180 178.42 103.458 
-74.9476 33.4708 144.856 180 178.327 103.562 
-74.9473 33.4269 144.807 180 178.234 103.666 
-74.947 33.3832 144.758 180 178.141 103.77 
-74.9466 33.3396 144.709 180 178.049 103.874 
-74.9463 33.2963 144.66 180 177.956 103.978 
-74.946 33.2533 144.611 180 177.864 104.082 
-74.9457 33.2104 144.562 180 177.772 104.186 
-74.9454 33.1677 144.513 180 177.68 104.29 
-74.9451 33.1252 144.463 180 177.589 104.394 
-74.9448 33.083 144.414 -180 177.497 104.498 
-74.9445 33.0409 144.365 180 177.406 104.602 
-74.9442 32.9991 144.315 180 177.314 104.706 
-74.9439 32.9575 144.266 180 177.223 104.811 
-74.9436 32.9161 144.216 180 177.132 104.915 
-74.9432 32.8748 144.166 180 177.041 105.019 
-74.9429 32.8338 144.117 180 176.951 105.123 
-74.9426 32.793 144.067 180 176.86 105.227 
-74.9423 32.7524 144.017 180 176.77 105.331 
-74.942 32.712 143.967 -180 176.679 105.435 
-74.9417 32.6718 143.918 180 176.589 105.539 
-74.9415 32.6318 143.868 180 176.499 105.643 
-74.9412 32.592 143.818 -180 176.41 105.747 
-74.9409 32.5524 143.768 180 176.32 105.851 
-74.9406 32.513 143.718 -180 176.23 105.955 
-74.9403 32.4738 143.667 -180 176.141 106.06 
-74.94 32.4348 143.617 -180 176.052 106.164 
-74.9397 32.396 143.567 180 175.963 106.268 
-74.9394 32.3574 143.517 180 175.874 106.372 
-74.9391 32.319 143.466 180 175.785 106.476 
-74.9388 32.2807 143.416 -180 175.696 106.58 
-74.9385 32.2427 143.365 180 175.608 106.684 
-74.9382 32.2049 143.315 180 175.52 106.788 
-74.938 32.1673 143.264 180 175.431 106.892 
-74.9377 32.1298 143.213 180 175.343 106.996 
-74.9374 32.0926 143.163 180 175.255 107.1 
-74.9371 32.0555 143.112 -180 175.168 107.205 
-74.9368 32.0187 143.061 -180 175.08 107.309 
-74.9365 31.982 143.01 -180 174.992 107.413 
-74.9363 31.9455 142.959 180 174.905 107.517 
-74.936 31.9093 142.909 -180 174.818 107.621 
-74.9357 31.8732 142.858 180 174.731 107.725 
-74.9354 31.8373 142.806 180 174.644 107.829 
-74.9351 31.8015 142.755 180 174.557 107.933 
-74.9349 31.766 142.704 -180 174.47 108.037 
-74.9346 31.7307 142.653 180 174.384 108.142 
-74.9343 31.6955 142.602 180 174.297 108.246 
-74.934 31.6605 142.55 180 174.211 108.35 
-74.9338 31.6258 142.499 -180 174.125 108.454 
-74.9335 31.5912 142.448 -180 174.039 108.558 
-74.9332 31.5567 142.396 -180 173.953 108.662 
-74.933 31.5225 142.345 -180 173.867 108.766 
-74.9327 31.4885 142.293 -180 173.781 108.87 
-74.9324 31.4546 142.241 180 173.696 108.974 
-74.9322 31.4209 142.19 -180 173.611 109.078 
-74.9319 31.3874 142.138 180 173.525 109.183 
-74.9316 31.3541 142.086 180 173.44 109.287 
-74.9314 31.321 142.034 -180 173.355 109.391 
-74.9311 31.288 141.982 180 173.27 109.495 
