-125.403 63.4701 145.012 -7.93982e-14 151.518 -84.5788 
-125.403 63.4704 145.012 3.96982e-14 151.517 -84.578 
-125.403 63.4711 145.013 -3.96966e-14 151.516 -84.5767 
-125.403 63.472 145.014 5.95417e-14 151.514 -84.5748 
-125.403 63.4731 145.015 -3.96917e-14 151.512 -84.5723 
-125.404 63.4745 145.016 1.98442e-14 151.509 -84.5693 
-125.404 63.4762 145.018 -1.98421e-14 151.506 -84.5658 
-125.405 63.4781 145.019 3.96797e-14 151.503 -84.5617 
-125.405 63.4803 145.021 -7.93489e-14 151.499 -84.5571 
-125.406 63.4827 145.023 -1.98343e-14 151.494 -84.552 
-125.407 63.4854 145.026 -3.96621e-14 151.489 -84.5463 
-125.407 63.4883 145.028 3.9655e-14 151.483 -84.54 
-125.408 63.4915 145.031 -5.9471e-14 151.477 -84.5332 
-125.409 63.4949 145.034 1.98195e-14 151.471 -84.5259 
-125.41 63.4986 145.038 3.96301e-14 151.464 -84.518 
-125.411 63.5026 145.041 3.96205e-14 151.456 -84.5096 
-125.412 63.5068 145.045 -3.96104e-14 151.448 -84.5007 
-125.413 63.5113 145.049 -1.97998e-14 151.44 -84.4912 
-125.415 63.516 145.053 -9.89706e-14 151.431 -84.4811 
-125.416 63.521 145.058 5.93644e-14 151.421 -84.4705 
-125.417 63.5262 145.062 3.95637e-14 151.411 -84.4594 
-125.419 63.5317 145.067 -0 151.401 -84.4477 
-125.42 63.5375 145.072 5.9305e-14 151.39 -84.4355 
-125.422 63.5435 145.078 5.92834e-14 151.379 -84.4228 
-125.424 63.5498 145.083 -1.97536e-14 151.367 -84.4094 
-125.425 63.5563 145.089 -0 151.355 -84.3956 
-125.427 63.5631 145.095 -3.94755e-14 151.342 -84.3812 
-125.429 63.5702 145.101 -3.94587e-14 151.328 -84.3663 
-125.431 63.5775 145.108 5.91619e-14 151.315 -84.3508 
-125.433 63.5851 145.115 5.91349e-14 151.3 -84.3347 
-125.435 63.5929 145.122 -5.9107e-14 151.285 -84.3182 
-125.437 63.601 145.129 3.93855e-14 151.27 -84.301 
-125.439 63.6094 145.136 -1.96829e-14 151.254 -84.2834 
-125.442 63.6181 145.144 3.93454e-14 151.238 -84.2652 
-125.444 63.627 145.152 3.93244e-14 151.221 -84.2464 
-125.446 63.6361 145.16 -0 151.204 -84.2271 
-125.449 63.6455 145.168 -1.96404e-14 151.186 -84.2073 
-125.451 63.6552 145.177 -3.9258e-14 151.168 -84.1869 
-125.454 63.6652 145.185 7.84695e-14 151.149 -84.1659 
-125.457 63.6754 145.194 -3.92109e-14 151.13 -84.1444 
-125.46 63.6859 145.204 -1.95932e-14 151.11 -84.1224 
-125.462 63.6967 145.213 -1.95807e-14 151.09 -84.0998 
-125.465 63.7077 145.223 1.95679e-14 151.07 -84.0767 
-125.468 63.719 145.233 1.95548e-14 151.048 -84.053 
-125.471 63.7306 145.243 1.95415e-14 151.027 -84.0288 
-125.475 63.7425 145.253 -3.90556e-14 151.004 -84.004 
-125.478 63.7546 145.264 1.95139e-14 150.982 -83.9787 
-125.481 63.767 145.274 5.8499e-14 150.959 -83.9528 
-125.484 63.7796 145.285 1.94852e-14 150.935 -83.9264 
-125.488 63.7926 145.297 -0 150.911 -83.8994 
-125.491 63.8058 145.308 -1.94553e-14 150.886 -83.8719 
-125.495 63.8193 145.32 1.944e-14 150.861 -83.8439 
-125.499 63.833 145.332 -7.76977e-14 150.835 -83.8152 
-125.502 63.8471 145.344 -0 150.809 -83.7861 
-125.506 63.8614 145.356 3.87848e-14 150.782 -83.7564 
-125.51 63.876 145.369 5.81279e-14 150.755 -83.7261 
-125.514 63.8909 145.381 -7.74371e-14 150.728 -83.6953 
-125.518 63.9061 145.394 3.86846e-14 150.699 -83.6639 
-125.522 63.9215 145.408 -1.93251e-14 150.671 -83.632 
-125.526 63.9373 145.421 1.93076e-14 150.642 -83.5995 
-125.53 63.9533 145.435 1.92898e-14 150.612 -83.5665 
-125.535 63.9696 145.449 -1.92718e-14 150.582 -83.5329 
-125.539 63.9862 145.463 -1.92535e-14 150.551 -83.4987 
-125.544 64.0031 145.477 -0 150.52 -83.4641 
-125.548 64.0202 145.492 3.84323e-14 150.488 -83.4288 
-125.553 64.0377 145.506 -0 150.456 -83.393 
-125.558 64.0554 145.521 -1.91778e-14 150.423 -83.3567 
-125.562 64.0735 145.536 3.83164e-14 150.39 -83.3198 
-125.567 64.0918 145.552 5.74152e-14 150.356 -83.2823 
-125.572 64.1105 145.567 -3.82366e-14 150.322 -83.2443 
-125.577 64.1294 145.583 -0 150.287 -83.2057 
-125.583 64.1486 145.599 1.90774e-14 150.252 -83.1666 
-125.588 64.1681 145.616 5.71697e-14 150.216 -83.1269 
-125.593 64.188 145.632 3.8071e-14 150.18 -83.0866 
-125.598 64.2081 145.649 -7.60568e-14 150.143 -83.0458 
-125.604 64.2285 145.666 -7.59706e-14 150.106 -83.0045 
-125.609 64.2492 145.683 5.69125e-14 150.068 -82.9625 
-125.615 64.2703 145.7 -5.68464e-14 150.03 -82.92 
-125.621 64.2916 145.718 -0 149.991 -82.877 
-125.627 64.3133 145.736 5.67121e-14 149.951 -82.8334 
-125.632 64.3352 145.753 -3.77626e-14 149.911 -82.7892 
-125.638 64.3575 145.772 -5.65749e-14 149.871 -82.7445 
-125.644 64.3801 145.79 7.53404e-14 149.83 -82.6992 
-125.651 64.4029 145.809 7.52467e-14 149.788 -82.6534 
-125.657 64.4261 145.827 3.7576e-14 149.746 -82.6069 
-125.663 64.4497 145.847 -7.50565e-14 149.704 -82.56 
-125.67 64.4735 145.866 3.748e-14 149.661 -82.5124 
-125.676 64.4977 145.885 -3.74313e-14 149.617 -82.4643 
-125.683 64.5222 145.905 1.86911e-14 149.573 -82.4156 
-125.689 64.547 145.925 -3.73327e-14 149.528 -82.3664 
-125.696 64.5721 145.945 3.72827e-14 149.483 -82.3166 
-125.703 64.5975 145.965 1.86162e-14 149.437 -82.2662 
-125.71 64.6233 145.986 1.85907e-14 149.391 -82.2153 
-125.717 64.6494 146.006 -1.85651e-14 149.344 -82.1637 
-125.724 64.6759 146.027 -5.56179e-14 149.297 -82.1117 
-125.731 64.7026 146.048 7.4053e-14 149.249 -82.059 
-125.739 64.7297 146.07 5.5461e-14 149.201 -82.0058 
-125.746 64.7572 146.091 -0 149.152 -81.952 
-125.754 64.7849 146.113 -1.84339e-14 149.102 -81.8976 
-125.761 64.8131 146.135 -0 149.052 -81.8427 
-125.769 64.8415 146.157 -1.838e-14 149.002 -81.7872 
-125.777 64.8703 146.179 1.83527e-14 148.951 -81.7311 
-125.785 64.8995 146.202 -3.66506e-14 148.899 -81.6744 
-125.793 64.929 146.224 -1.82977e-14 148.847 -81.6172 
-125.801 64.9588 146.247 5.48095e-14 148.794 -81.5594 
-125.809 64.989 146.27 -0 148.741 -81.501 
-125.818 65.0195 146.294 1.82136e-14 148.687 -81.442 
-125.826 65.0504 146.317 -3.63705e-14 148.632 -81.3825 
-125.834 65.0817 146.341 -3.63134e-14 148.577 -81.3223 
-125.843 65.1133 146.365 -3.62559e-14 148.522 -81.2616 
-125.852 65.1453 146.389 1.8099e-14 148.466 -81.2003 
-125.861 65.1776 146.413 3.61399e-14 148.409 -81.1384 
-125.87 65.2103 146.438 -1.80407e-14 148.352 -81.076 
-125.879 65.2433 146.462 -5.40336e-14 148.294 -81.0129 
-125.888 65.2768 146.487 3.59632e-14 148.236 -80.9493 
-125.897 65.3106 146.512 -0 148.177 -80.8851 
-125.907 65.3448 146.538 1.79218e-14 148.118 -80.8203 
-125.916 65.3793 146.563 -5.36752e-14 148.058 -80.7549 
-125.926 65.4142 146.589 1.78614e-14 147.997 -80.6889 
-125.936 65.4495 146.615 -1.7831e-14 147.936 -80.6224 
-125.945 65.4852 146.641 -1.78004e-14 147.874 -80.5552 
-125.955 65.5213 146.667 -3.55393e-14 147.812 -80.4875 
-125.965 65.5578 146.693 -5.32162e-14 147.749 -80.4191 
-125.976 65.5946 146.72 3.54154e-14 147.685 -80.3502 
-125.986 65.6318 146.747 1.76765e-14 147.621 -80.2807 
-125.996 65.6695 146.774 -1.76451e-14 147.557 -80.2105 
-126.007 65.7075 146.801 3.52272e-14 147.492 -80.1398 
-126.018 65.7459 146.828 -0 147.426 -80.0685 
-126.028 65.7847 146.856 3.51003e-14 147.36 -79.9966 
-126.039 65.824 146.883 3.50364e-14 147.293 -79.924 
-126.051 65.8636 146.911 5.24584e-14 147.225 -79.8509 
-126.062 65.9036 146.939 -5.23618e-14 147.157 -79.7772 
-126.073 65.9441 146.968 3.48431e-14 147.088 -79.7028 
-126.084 65.9849 146.996 3.47782e-14 147.019 -79.6279 
-126.096 66.0262 147.025 5.20695e-14 146.949 -79.5524 
-126.108 66.0679 147.053 -1.73238e-14 146.879 -79.4762 
-126.12 66.11 147.082 -1.72909e-14 146.808 -79.3994 
-126.132 66.1526 147.112 1.72579e-14 146.736 -79.3221 
-126.144 66.1955 147.141 -5.16744e-14 146.664 -79.2441 
-126.156 66.2389 147.17 3.43831e-14 146.591 -79.1655 
-126.168 66.2828 147.2 3.43164e-14 146.517 -79.0863 
-126.181 66.327 147.23 5.13742e-14 146.443 -79.0064 
-126.194 66.3717 147.26 3.41823e-14 146.368 -78.926 
-126.207 66.4169 147.29 -3.4115e-14 146.293 -78.8449 
-126.219 66.4624 147.32 -5.1071e-14 146.217 -78.7632 
-126.233 66.5085 147.351 -1.69898e-14 146.141 -78.6809 
-126.246 66.5549 147.381 -0 146.064 -78.598 
-126.259 66.6019 147.412 -6.76866e-14 145.986 -78.5144 
-126.273 66.6492 147.443 -0 145.907 -78.4302 
-126.287 66.6971 147.475 -8.42655e-14 145.828 -78.3454 
-126.3 66.7454 147.506 5.04561e-14 145.749 -78.2599 
-126.315 66.7941 147.537 -0 145.669 -78.1739 
-126.329 66.8434 147.569 3.34991e-14 145.588 -78.0872 
-126.343 66.8931 147.601 -1.67149e-14 145.506 -77.9998 
-126.358 66.9432 147.633 3.33602e-14 145.424 -77.9118 
-126.372 66.9939 147.665 -1.66452e-14 145.341 -77.8232 
-126.387 67.045 147.697 1.66102e-14 145.258 -77.7339 
-126.402 67.0966 147.73 4.97256e-14 145.174 -77.644 
-126.417 67.1487 147.762 4.96202e-14 145.089 -77.5535 
-126.433 67.2013 147.795 1.65049e-14 145.004 -77.4622 
-126.448 67.2543 147.828 4.94087e-14 144.918 -77.3704 
-126.464 67.3079 147.861 -3.28684e-14 144.831 -77.2779 
-126.48 67.362 147.894 -0 144.744 -77.1847 
-126.496 67.4165 147.928 -3.27265e-14 144.656 -77.0909 
-126.512 67.4716 147.961 -0 144.567 -76.9965 
-126.529 67.5272 147.995 -3.25841e-14 144.478 -76.9013 
-126.545 67.5833 148.029 3.25127e-14 144.388 -76.8055 
-126.562 67.6399 148.063 1.62206e-14 144.297 -76.7091 
-126.579 67.697 148.097 1.61847e-14 144.206 -76.612 
-126.596 67.7546 148.131 -0 144.114 -76.5142 
-126.614 67.8128 148.165 -1.61129e-14 144.022 -76.4157 
-126.631 67.8715 148.2 4.82305e-14 143.929 -76.3166 
-126.649 67.9307 148.235 1.60408e-14 143.835 -76.2168 
-126.667 67.9905 148.269 -1.60047e-14 143.74 -76.1163 
-126.685 68.0508 148.304 1.59685e-14 143.645 -76.0151 
-126.703 68.1117 148.339 -1.59323e-14 143.549 -75.9132 
-126.722 68.1731 148.375 -1.5896e-14 143.452 -75.8107 
-126.741 68.235 148.41 4.75791e-14 143.355 -75.7075 
-126.76 68.2975 148.445 4.747e-14 143.257 -75.6036 
-126.779 68.3606 148.481 -0 143.158 -75.4989 
-126.799 68.4242 148.517 3.1501e-14 143.059 -75.3936 
-126.818 68.4884 148.553 -0 142.959 -75.2876 
-126.838 68.5532 148.589 1.56775e-14 142.858 -75.1809 
-126.859 68.6185 148.625 3.1282e-14 142.757 -75.0735 
-126.879 68.6844 148.661 -3.12088e-14 142.655 -74.9653 
-126.9 68.7509 148.697 4.67035e-14 142.552 -74.8565 
-126.92 68.818 148.734 1.55312e-14 142.448 -74.7469 
-126.942 68.8857 148.77 6.19782e-14 142.344 -74.6366 
-126.963 68.954 148.807 1.54579e-14 142.239 -74.5256 
-126.985 69.0228 148.844 1.54212e-14 142.133 -74.4139 
-127.006 69.0923 148.881 -3.07689e-14 142.027 -74.3014 
-127.029 69.1624 148.918 3.06954e-14 141.92 -74.1882 
-127.051 69.2331 148.955 3.06219e-14 141.812 -74.0743 
-127.074 69.3044 148.992 1.52742e-14 141.703 -73.9596 
-127.097 69.3763 149.03 4.57122e-14 141.594 -73.8442 
-127.12 69.4488 149.067 -0 141.484 -73.7281 
-127.143 69.522 149.105 -1.51638e-14 141.373 -73.6111 
-127.167 69.5958 149.143 -4.53809e-14 141.262 -73.4935 
-127.191 69.6702 149.18 -0 141.149 -73.375 
-127.215 69.7453 149.218 3.01066e-14 141.036 -73.2558 
-127.24 69.8208 149.256 3.00332e-14 140.923 -73.1361 
-127.265 69.8966 149.294 -0 140.809 -73.0163 
-127.29 69.9727 149.332 -1.49437e-14 140.695 -72.8963 
-127.315 70.0491 149.369 1.49075e-14 140.582 -72.7761 
-127.34 70.1257 149.407 -0 140.467 -72.6557 
-127.365 70.2025 149.444 2.96712e-14 140.353 -72.5352 
-127.391 70.2797 149.482 -1.47999e-14 140.239 -72.4144 
-127.417 70.3571 149.519 2.95289e-14 140.124 -72.2935 
-127.443 70.4348 149.556 2.94583e-14 140.009 -72.1724 
-127.469 70.5128 149.593 -0 139.894 -72.0511 
-127.495 70.591 149.63 -0 139.779 -71.9296 
-127.522 70.6695 149.667 2.92485e-14 139.663 -71.8079 
-127.549 70.7483 149.704 1.45896e-14 139.548 -71.686 
-127.576 70.8273 149.741 1.45551e-14 139.432 -71.564 
-127.603 70.9066 149.777 -1.45209e-14 139.316 -71.4417 
-127.63 70.9862 149.814 -2.89735e-14 139.2 -71.3192 
-127.658 71.0661 149.85 4.33584e-14 139.084 -71.1965 
-127.686 71.1462 149.887 -1.4419e-14 138.967 -71.0736 
-127.714 71.2266 149.923 -2.87708e-14 138.851 -70.9506 
-127.742 71.3073 149.959 -1.43519e-14 138.734 -70.8273 
-127.77 71.3883 149.995 -2.1478e-14 138.617 -70.7037 
-127.799 71.4695 150.031 2.85711e-14 138.5 -70.58 
-127.828 71.551 150.067 -1.42526e-14 138.382 -70.4561 
-127.857 71.6328 150.102 7.10988e-15 138.265 -70.3319 
-127.886 71.7148 150.138 2.12807e-14 138.147 -70.2075 
-127.916 71.7972 150.174 7.07732e-15 138.029 -70.0829 
-127.945 71.8798 150.209 -2.11835e-14 137.911 -69.958 
-127.975 71.9627 150.244 -2.11353e-14 137.793 -69.833 
-128.005 72.0458 150.28 1.40582e-14 137.675 -69.7077 
-128.036 72.1292 150.315 2.10395e-14 137.556 -69.5821 
-128.067 72.213 150.35 -6.99732e-15 137.437 -69.4563 
-128.098 72.2969 150.385 -2.79262e-14 137.318 -69.3303 
-128.129 72.3812 150.42 -2.08976e-14 137.199 -69.204 
-128.16 72.4657 150.454 -2.08508e-14 137.08 -69.0775 
-128.192 72.5506 150.489 -2.77389e-14 136.96 -68.9508 
-128.224 72.6357 150.524 6.91927e-15 136.841 -68.8238 
-128.256 72.721 150.558 2.76156e-14 136.721 -68.6965 
-128.288 72.8067 150.592 -1.37772e-14 136.601 -68.5689 
-128.321 72.8926 150.627 6.87335e-15 136.481 -68.4412 
-128.354 72.9788 150.661 1.37164e-14 136.361 -68.3131 
-128.387 73.0653 150.695 -0 136.24 -68.1848 
-128.421 73.1521 150.729 -6.82812e-15 136.119 -68.0562 
-128.454 73.2391 150.762 -0 135.999 -67.9273 
-128.488 73.3264 150.796 2.71933e-14 135.877 -67.7981 
-128.523 73.414 150.83 -2.71342e-14 135.756 -67.6687 
-128.557 73.5019 150.863 -6.76885e-15 135.635 -67.539 
-128.592 73.59 150.897 6.75421e-15 135.513 -67.409 
-128.627 73.6785 150.93 -1.34793e-14 135.392 -67.2787 
-128.663 73.7672 150.963 -6.72516e-15 135.27 -67.1481 
-128.699 73.8562 150.996 1.34215e-14 135.148 -67.0172 
-128.735 73.9454 151.029 2.00892e-14 135.025 -66.886 
-128.771 74.035 151.062 1.33642e-14 134.903 -66.7545 
-128.808 74.1248 151.095 -1.33358e-14 134.78 -66.6226 
-128.845 74.2149 151.127 3.32689e-14 134.658 -66.4905 
-128.882 74.3053 151.16 3.31986e-14 134.535 -66.358 
-128.92 74.3959 151.192 -1.32515e-14 134.412 -66.2253 
-128.958 74.4869 151.225 -1.98354e-14 134.288 -66.0921 
-128.996 74.5781 151.257 6.59796e-15 134.165 -65.9587 
-129.035 74.6696 151.289 -1.97525e-14 134.041 -65.8249 
-129.074 74.7614 151.321 2.62819e-14 133.917 -65.6908 
-129.113 74.8534 151.353 -1.31136e-14 133.794 -65.5563 
-129.153 74.9458 151.385 -1.96297e-14 133.669 -65.4215 
-129.193 75.0384 151.417 -0 133.545 -65.2864 
-129.234 75.1313 151.448 -0 133.421 -65.1508 
-129.274 75.2244 151.48 1.30059e-14 133.296 -65.0149 
-129.316 75.3179 151.511 -0 133.171 -64.8787 
-129.357 75.4116 151.542 -6.4764e-15 133.046 -64.742 
-129.399 75.5056 151.573 -0 132.921 -64.605 
-129.441 75.5999 151.604 -1.29003e-14 132.796 -64.4676 
-129.484 75.6944 151.635 -6.43709e-15 132.67 -64.3298 
-129.527 75.7893 151.666 -1.92724e-14 132.545 -64.1916 
-129.571 75.8844 151.697 -0 132.419 -64.053 
-129.614 75.9798 151.727 -0 132.293 -63.9141 
-129.659 76.0754 151.758 -0 132.167 -63.7747 
-129.703 76.1714 151.788 6.37291e-15 132.041 -63.6348 
-129.749 76.2676 151.818 -6.36027e-15 131.914 -63.4946 
-129.794 76.3641 151.848 -6.3477e-15 131.788 -63.3539 
-129.84 76.4609 151.878 1.26704e-14 131.661 -63.2128 
-129.887 76.5579 151.908 -0 131.534 -63.0712 
-129.934 76.6552 151.938 1.89311e-14 131.407 -62.9292 
-129.981 76.7528 151.968 6.29804e-15 131.28 -62.7868 
-130.029 76.8507 151.997 -6.28578e-15 131.152 -62.6439 
-130.077 76.9489 152.026 -1.25472e-14 131.025 -62.5005 
-130.126 77.0473 152.056 -0 130.897 -62.3566 
-130.175 77.146 152.085 -6.2494e-15 130.769 -62.2123 
-130.225 77.2449 152.114 -0 130.641 -62.0675 
-130.275 77.3442 152.143 -0 130.513 -61.9221 
-130.326 77.4437 152.172 6.21359e-15 130.385 -61.7763 
-130.377 77.5435 152.2 -0 130.256 -61.63 
-130.429 77.6435 152.229 6.19002e-15 130.127 -61.4831 
-130.481 77.7439 152.257 -6.17833e-15 129.999 -61.3357 
-130.534 77.8445 152.286 -6.1667e-15 129.87 -61.1878 
-130.587 77.9453 152.314 -0 129.741 -61.0394 
-130.641 78.0465 152.342 -6.14363e-15 129.611 -60.8904 
-130.695 78.1479 152.37 -1.22644e-14 129.482 -60.7408 
-130.75 78.2496 152.398 1.22416e-14 129.352 -60.5906 
-130.806 78.3515 152.426 -0 129.223 -60.4399 
-130.862 78.4537 152.453 -0 129.093 -60.2886 
-130.919 78.5562 152.481 1.2174e-14 128.963 -60.1367 
-130.976 78.659 152.508 2.43034e-14 128.833 -59.9842 
-131.034 78.762 152.535 1.81943e-14 128.703 -59.8311 
-131.093 78.8653 152.563 1.21075e-14 128.572 -59.6774 
-131.152 78.9688 152.59 -1.20856e-14 128.442 -59.523 
-131.212 79.0726 152.616 -0 128.311 -59.368 
-131.273 79.1767 152.643 -0 128.18 -59.2123 
-131.334 79.281 152.67 -1.20205e-14 128.049 -59.056 
-131.396 79.3856 152.696 2.39981e-14 127.918 -58.899 
-131.459 79.4905 152.723 -0 127.787 -58.7413 
-131.522 79.5956 152.749 -1.19565e-14 127.655 -58.5829 
-131.586 79.701 152.775 -5.96768e-15 127.524 -58.4238 
-131.651 79.8066 152.801 -1.19144e-14 127.392 -58.264 
-131.716 79.9125 152.827 -0 127.26 -58.1034 
-131.782 80.0187 152.853 -0 127.129 -57.9421 
-131.849 80.1251 152.878 1.77781e-14 126.997 -57.7801 
-131.917 80.2318 152.904 1.18316e-14 126.864 -57.6172 
-131.985 80.3387 152.929 -1.77167e-14 126.732 -57.4536 
-132.055 80.4459 152.955 -1.17908e-14 126.6 -57.2892 
-132.125 80.5533 152.98 -0 126.467 -57.124 
-132.196 80.661 153.005 -1.17506e-14 126.334 -56.9579 
-132.268 80.7689 153.029 1.75959e-14 126.202 -56.791 
-132.34 80.8771 153.054 -2.34215e-14 126.069 -56.6233 
-132.414 80.9855 153.079 -5.84551e-15 125.936 -56.4546 
-132.488 81.0942 153.103 -1.75071e-14 125.803 -56.2851 
-132.563 81.2031 153.128 -0 125.669 -56.1147 
-132.64 81.3123 153.152 -5.81624e-15 125.536 -55.9434 
-132.717 81.4217 153.176 5.80659e-15 125.402 -55.7711 
-132.795 81.5313 153.2 -0 125.269 -55.5979 
-132.874 81.6412 153.224 -5.78746e-15 125.135 -55.4237 
-132.954 81.7514 153.247 -1.73339e-14 125.001 -55.2485 
-133.035 81.8617 153.271 -0 124.867 -55.0724 
-133.117 81.9723 153.294 -5.75919e-15 124.733 -54.8952 
-133.2 82.0832 153.318 1.14997e-14 124.599 -54.7169 
-133.285 82.1943 153.341 -0 124.465 -54.5376 
-133.37 82.3056 153.364 -5.7314e-15 124.331 -54.3572 
-133.456 82.4171 153.387 5.72225e-15 124.196 -54.1757 
-133.544 82.5289 153.409 -0 124.062 -53.9931 
-133.633 82.6409 153.432 1.14082e-14 123.927 -53.8093 
-133.722 82.7531 153.454 -1.13902e-14 123.792 -53.6244 
-133.813 82.8656 153.477 -1.13723e-14 123.658 -53.4382 
-133.906 82.9783 153.499 -1.13546e-14 123.523 -53.2509 
-133.999 83.0912 153.521 -1.13369e-14 123.388 -53.0623 
-134.094 83.2043 153.543 -5.65968e-15 123.253 -52.8725 
-134.19 83.3177 153.565 1.13019e-14 123.118 -52.6813 
-134.287 83.4312 153.586 -5.64229e-15 122.982 -52.4889 
-134.386 83.545 153.608 -0 122.847 -52.2951 
-134.486 83.659 153.629 -5.6251e-15 122.712 -52.0999 
-134.587 83.7732 153.651 5.61659e-15 122.576 -51.9033 
-134.69 83.8876 153.672 5.60813e-15 122.441 -51.7053 
-134.795 84.0022 153.693 -5.59972e-15 122.305 -51.5059 
-134.901 84.117 153.714 -5.59137e-15 122.169 -51.305 
-135.008 84.232 153.734 -0 122.034 -51.1025 
-135.117 84.3473 153.755 -0 121.898 -50.8985 
-135.227 84.4627 153.775 5.56661e-15 121.762 -50.6929 
-135.339 84.5783 153.796 5.55847e-15 121.626 -50.4857 
-135.453 84.6941 153.816 5.55037e-15 121.49 -50.2769 
-135.568 84.8101 153.836 -0 121.354 -50.0664 
-135.686 84.9263 153.856 5.53434e-15 121.218 -49.8541 
-135.805 85.0427 153.875 5.5264e-15 121.082 -49.6401 
-135.925 85.1593 153.895 5.51851e-15 120.946 -49.4242 
-136.048 85.276 153.914 -8.26601e-15 120.81 -49.2066 
-136.172 85.3929 153.934 -8.25433e-15 120.673 -48.987 
-136.299 85.51 153.953 1.64854e-14 120.537 -48.7656 
-136.427 85.6273 153.972 5.48747e-15 120.401 -48.5421 
-136.557 85.7447 153.991 -1.09597e-14 120.265 -48.3167 
-136.69 85.8623 154.009 -5.47225e-15 120.128 -48.0892 
-136.824 85.9801 154.028 -2.73236e-15 119.992 -47.8595 
-136.961 86.098 154.046 -1.09145e-14 119.856 -47.6278 
-137.1 86.2161 154.065 -0 119.719 -47.3938 
-137.241 86.3343 154.083 8.16364e-15 119.583 -47.1575 
-137.384 86.4527 154.101 -5.4351e-15 119.446 -46.919 
-137.53 86.5713 154.119 5.42782e-15 119.31 -46.678 
-137.678 86.6899 154.136 -2.71029e-15 119.174 -46.4347 
-137.829 86.8088 154.154 8.12011e-15 119.037 -46.1888 
-137.983 86.9277 154.171 -0 118.901 -45.9405 
-138.138 87.0468 154.189 -2.6996e-15 118.764 -45.6895 
-138.297 87.166 154.206 -0 118.628 -45.4358 
-138.458 87.2853 154.223 5.38519e-15 118.492 -45.1794 
-138.622 87.4048 154.24 5.37827e-15 118.356 -44.9201 
-138.789 87.5243 154.256 2.68569e-15 118.219 -44.658 
-138.959 87.644 154.273 -1.07291e-14 118.083 -44.393 
-139.132 87.7638 154.289 5.35778e-15 117.947 -44.1249 
-139.308 87.8837 154.306 5.35105e-15 117.811 -43.8537 
-139.488 88.0036 154.322 -0 117.675 -43.5793 
-139.67 88.1237 154.338 8.0066e-15 117.539 -43.3016 
-139.856 88.2438 154.354 -7.99673e-15 117.403 -43.0206 
-140.046 88.3641 154.369 -2.66231e-15 117.267 -42.7361 
-140.239 88.4844 154.385 -0 117.131 -42.4481 
-140.435 88.6047 154.4 -2.65585e-15 116.995 -42.1564 
-140.635 88.7252 154.415 7.95799e-15 116.86 -41.861 
-140.84 88.8457 154.43 -5.29899e-15 116.724 -41.5618 
-141.048 88.9662 154.445 2.64635e-15 116.589 -41.2586 
-141.26 89.0868 154.46 7.9297e-15 116.453 -40.9513 
-141.476 89.2074 154.475 -2.64014e-15 116.318 -40.6399 
-141.697 89.328 154.489 2.63707e-15 116.183 -40.3242 
-141.922 89.4487 154.503 -1.05361e-14 116.048 -40.0041 
-142.151 89.5694 154.518 -0 115.913 -39.6794 
-142.385 89.69 154.532 2.62802e-15 115.778 -39.3501 
-142.625 89.8107 154.545 -2.62505e-15 115.644 -39.0159 
-142.869 89.9314 154.559 -5.2442e-15 115.509 -38.6768 
-143.118 90.052 154.573 2.61918e-15 115.375 -38.3327 
-143.372 90.1727 154.586 -0 115.241 -37.9832 
-143.632 90.2933 154.599 2.61341e-15 115.107 -37.6284 
-143.897 90.4138 154.613 -5.22113e-15 114.974 -37.268 
-144.168 90.5343 154.625 -7.82324e-15 114.84 -36.9019 
-144.445 90.6547 154.638 -2.60495e-15 114.707 -36.5299 
-144.728 90.775 154.651 5.20435e-15 114.574 -36.1517 
-145.017 90.8953 154.663 -2.59943e-15 114.441 -35.7673 
-145.313 91.0155 154.676 2.59671e-15 114.309 -35.3765 
-145.615 91.1355 154.688 2.59401e-15 114.177 -34.9789 
-145.925 91.2554 154.7 -0 114.045 -34.5745 
-146.241 91.3752 154.712 -2.58869e-15 113.913 -34.1629 
-146.565 91.4948 154.724 -0 113.782 -33.744 
-146.896 91.6143 154.735 5.16695e-15 113.651 -33.3175 
-147.236 91.7336 154.747 -0 113.52 -32.8832 
-147.583 91.8527 154.758 5.15671e-15 113.39 -32.4409 
-147.938 91.9716 154.769 5.15167e-15 113.26 -31.9902 
-148.303 92.0902 154.78 2.57334e-15 113.13 -31.5308 
-148.676 92.2086 154.791 5.14174e-15 113.001 -31.0626 
-149.058 92.3268 154.801 -3.85264e-15 112.872 -30.5852 
-149.45 92.4447 154.812 -2.56601e-15 112.744 -30.0982 
-149.852 92.5623 154.822 -5.12723e-15 112.616 -29.6015 
-150.263 92.6795 154.832 -3.84187e-15 112.488 -29.0945 
-150.686 92.7964 154.842 -1.27945e-15 112.361 -28.5771 
-151.119 92.913 154.852 1.2783e-15 112.235 -28.0487 
-151.563 93.0292 154.862 -3.83146e-15 112.109 -27.5092 
-152.02 93.1449 154.871 -1.27602e-15 111.984 -26.958 
-152.488 93.2603 154.881 -5.09962e-15 111.859 -26.3947 
-152.968 93.3751 154.89 3.8214e-15 111.735 -25.819 
-153.462 93.4895 154.899 -0 111.611 -25.2304 
-153.969 93.6034 154.908 -2.54327e-15 111.489 -24.6285 
-154.489 93.7167 154.917 3.81171e-15 111.367 -24.0128 
-155.024 93.8294 154.925 2.53904e-15 111.245 -23.3827 
-155.574 93.9416 154.934 1.26849e-15 111.125 -22.7379 
-156.139 94.0531 154.942 1.26747e-15 111.005 -22.0778 
-156.72 94.1639 154.95 1.26646e-15 110.886 -21.4019 
-157.317 94.2739 154.958 -2.53093e-15 110.768 -20.7096 
-157.931 94.3833 154.966 3.79347e-15 110.651 -20.0003 
-158.563 94.4918 154.973 5.05411e-15 110.535 -19.2735 
-159.213 94.5995 154.981 3.78774e-15 110.42 -18.5286 
-159.881 94.7063 154.988 -1.26165e-15 110.305 -17.7648 
-160.569 94.8121 154.995 1.26073e-15 110.192 -16.9818 
-161.277 94.917 155.002 -2.51965e-15 110.081 -16.1786 
-162.006 95.0208 155.009 1.25894e-15 109.97 -15.3548 
-162.756 95.1236 155.016 -3.14517e-15 109.86 -14.5096 
-163.528 95.2251 155.023 4.40025e-15 109.752 -13.6423 
-164.323 95.3255 155.029 2.51275e-15 109.646 -12.7522 
-165.142 95.4246 155.035 -6.27777e-16 109.54 -11.8388 
-165.984 95.5224 155.041 -0 109.437 -10.9011 
-166.852 95.6187 155.047 -3.1349e-15 109.334 -9.93857 
-167.745 95.7136 155.053 -3.13298e-15 109.234 -8.95047 
-168.664 95.8069 155.058 1.25244e-15 109.135 -7.93611 
-169.61 95.8986 155.064 2.50341e-15 109.038 -6.8948 
-170.584 95.9886 155.069 -2.18923e-15 108.942 -5.82588 
-171.586 96.0768 155.074 -0 108.849 -4.72872 
-172.617 96.1631 155.079 6.24807e-16 108.758 -3.6027 
-173.677 96.2475 155.084 -9.36717e-16 108.669 -2.44725 
-174.767 96.3298 155.088 -0 108.582 -1.26187 
-175.888 96.4099 155.093 6.2385e-16 108.497 -0.0460746 
-177.04 96.4878 155.097 -1.09122e-15 108.415 1.20052 
-178.222 96.5633 155.101 3.11632e-16 108.336 2.47823 
-179.436 96.6364 155.105 3.30962e-16 108.258 3.7873 
179.318 96.707 155.109 -2.84116e-15 108.184 5.12784 
178.041 96.7748 155.113 -1.24493e-15 108.113 6.49989 
176.733 96.8399 155.116 -2.17778e-15 108.044 7.90332 
175.394 96.9022 155.119 -7.77489e-16 107.979 9.3379 
174.023 96.9614 155.122 -2.64253e-15 107.916 10.8032 
172.623 97.0176 155.125 -2.48626e-15 107.857 12.2988 
171.193 97.0706 155.128 -9.32056e-16 107.801 13.8238 
169.735 97.1202 155.131 -6.21188e-16 107.749 15.3775 
168.248 97.1665 155.133 -9.31529e-16 107.7 16.9586 
166.736 97.2093 155.136 -1.24173e-15 107.655 18.566 
165.199 97.2485 155.138 1.86216e-15 107.614 20.1982 
163.639 97.284 155.14 -6.20592e-16 107.576 21.8535 
162.057 97.3157 155.142 -3.10239e-15 107.542 23.5302 
160.457 97.3436 155.143 1.86113e-15 107.513 25.2261 
158.839 97.3676 155.145 1.86087e-15 107.487 26.9391 
157.206 97.3877 155.146 2.48086e-15 107.466 28.6668 
155.561 97.4037 155.148 -2.48063e-15 107.449 30.4069 
153.906 97.4156 155.149 3.10057e-15 107.436 32.1566 
152.245 97.4235 155.15 -3.10042e-15 107.427 33.9133 
150.579 97.4272 155.15 1.24014e-15 107.423 35.6742 
148.912 97.4268 155.151 1.8602e-15 107.422 37.4365 
147.246 97.4223 155.151 2.48033e-15 107.426 39.1975 
145.584 97.4137 155.151 1.24022e-15 107.435 40.9542 
143.93 97.401 155.151 -1.24031e-15 107.448 42.7039 
142.285 97.3842 155.151 -0 107.464 44.4439 
140.652 97.3634 155.151 -1.24056e-15 107.486 46.1717 
139.034 97.3386 155.151 -2.48147e-15 107.511 47.8847 
137.433 97.3099 155.15 -2.48187e-15 107.54 49.5807 
135.852 97.2774 155.149 2.48233e-15 107.573 51.2573 
134.292 97.2411 155.148 1.24142e-15 107.61 52.9127 
132.754 97.2011 155.147 3.72511e-15 107.652 54.5449 
131.242 97.1575 155.146 -0 107.696 56.1523 
129.756 97.1104 155.145 -0 107.745 57.7335 
128.298 97.0599 155.143 -0 107.797 59.2872 
126.868 97.0061 155.142 1.2431e-15 107.852 60.8122 
125.467 96.9491 155.14 -3.73053e-15 107.911 62.3078 
124.097 96.8891 155.138 -1.24395e-15 107.973 63.7732 
122.757 96.826 155.135 -1.24441e-15 108.039 65.2078 
121.449 96.76 155.133 -0 108.107 66.6113 
120.172 96.6913 155.131 -1.2454e-15 108.178 67.9834 
118.926 96.6199 155.128 -0 108.252 69.3239 
117.712 96.5459 155.125 3.73944e-15 108.329 70.633 
116.53 96.4695 155.122 -3.74117e-15 108.409 71.9108 
115.378 96.3907 155.119 3.74295e-15 108.49 73.1574 
114.258 96.3097 155.115 -0 108.575 74.3733 
113.167 96.2265 155.112 -1.2489e-15 108.662 75.5587 
112.107 96.1412 155.108 -0 108.751 76.7142 
111.076 96.0539 155.104 1.87535e-15 108.842 77.8402 
110.074 95.9648 155.101 -0 108.935 78.9374 
109.1 95.8739 155.096 6.25823e-16 109.03 80.0064 
108.154 95.7812 155.092 2.50476e-15 109.127 81.0477 
107.235 95.6869 155.088 2.50626e-15 109.225 82.0621 
106.341 95.5911 155.083 -1.88085e-15 109.326 83.0502 
105.474 95.4937 155.078 3.13671e-15 109.428 84.0128 
104.631 95.395 155.073 -1.25549e-15 109.532 84.9505 
103.813 95.2948 155.068 6.28154e-16 109.637 85.864 
103.018 95.1934 155.063 -2.51429e-15 109.744 86.754 
102.246 95.0908 155.057 2.516e-15 109.852 87.6213 
101.496 94.987 155.052 -6.29435e-16 109.961 88.4666 
100.767 94.8822 155.046 2.51951e-15 110.072 89.2904 
100.059 94.7762 155.04 1.89098e-15 110.184 90.0936 
99.3709 94.6693 155.034 -1.26157e-15 110.297 90.8767 
98.7023 94.5614 155.028 -1.26251e-15 110.411 91.6404 
98.0524 94.4526 155.021 2.21104e-15 110.526 92.3854 
97.4207 94.343 155.015 -3.47714e-15 110.642 93.1122 
96.8065 94.2326 155.008 6.32697e-16 110.759 93.8215 
96.2093 94.1214 155.001 -1.26639e-15 110.877 94.5139 
95.6284 94.0094 154.994 1.58424e-15 110.996 95.1898 
95.0634 93.8968 154.987 -0 111.116 95.8499 
94.5137 93.7835 154.98 -0 111.237 96.4948 
93.9788 93.6696 154.972 2.54099e-15 111.358 97.1248 
93.4581 93.5551 154.965 2.06629e-15 111.48 97.7405 
92.9513 93.44 154.957 -6.36319e-16 111.603 98.3425 
92.4578 93.3244 154.949 -1.59216e-16 111.727 98.9311 
91.9772 93.2083 154.941 4.78062e-16 111.851 99.5068 
91.509 93.0918 154.932 2.39241e-16 111.976 100.07 
91.0529 92.9748 154.924 -3.19271e-16 112.101 100.621 
90.6084 92.8574 154.915 1.23828e-15 112.227 101.161 
90.1752 92.7395 154.907 -2.26891e-15 112.354 101.689 
89.7528 92.6214 154.898 -2.0809e-15 112.481 102.207 
89.341 92.5028 154.888 1.60218e-16 112.609 102.714 
88.9393 92.384 154.879 -1.68386e-15 112.737 103.21 
88.5475 92.2648 154.87 3.37089e-15 112.865 103.697 
88.1651 92.1453 154.86 -3.37411e-15 112.994 104.175 
87.792 92.0256 154.851 1.76909e-15 113.124 104.643 
87.4278 91.9056 154.841 3.21965e-16 113.254 105.102 
87.0721 91.7854 154.831 2.73939e-15 113.384 105.553 
86.7249 91.6649 154.82 -1.2904e-15 113.515 105.995 
86.3857 91.5443 154.81 1.29169e-15 113.646 106.43 
86.0543 91.4234 154.8 1.93948e-15 113.777 106.856 
85.7305 91.3024 154.789 -3.23576e-15 113.909 107.275 
85.414 91.1813 154.778 3.56298e-15 114.041 107.687 
85.1047 91.06 154.767 2.59394e-15 114.173 108.091 
84.8022 90.9385 154.756 -6.4916e-16 114.305 108.489 
84.5065 90.8169 154.745 -3.24921e-15 114.438 108.88 
84.2171 90.6953 154.733 1.95159e-15 114.571 109.264 
83.9341 90.5735 154.722 1.30245e-15 114.705 109.642 
83.6572 90.4516 154.71 -2.60771e-15 114.838 110.014 
83.3862 90.3297 154.698 1.30527e-15 114.972 110.38 
83.1209 90.2077 154.686 -1.96004e-15 115.106 110.741 
82.8611 90.0856 154.674 -0 115.241 111.096 
82.6068 89.9635 154.661 3.27397e-15 115.375 111.445 
82.3577 89.8414 154.649 1.96658e-15 115.51 111.789 
82.1137 89.7192 154.636 -2.62506e-15 115.645 112.128 
81.8747 89.597 154.623 -0 115.78 112.462 
81.6405 89.4748 154.61 4.60433e-15 115.915 112.792 
81.4109 89.3526 154.597 2.63408e-15 116.05 113.116 
81.1859 89.2304 154.584 -0 116.185 113.437 
80.9653 89.1083 154.571 -4.62037e-15 116.321 113.752 
80.7489 88.9861 154.557 3.30415e-15 116.457 114.064 
80.5368 88.864 154.543 3.30806e-15 116.593 114.371 
80.3287 88.7419 154.529 2.6496e-15 116.729 114.674 
80.1245 88.6198 154.515 1.32639e-15 116.865 114.973 
79.9242 88.4978 154.501 -2.65599e-15 117.001 115.269 
79.7277 88.3758 154.487 -2.65922e-15 117.137 115.561 
79.5347 88.2539 154.472 2.66248e-15 117.274 115.849 
79.3454 88.1321 154.458 6.6644e-15 117.41 116.133 
79.1594 88.0103 154.443 1.33453e-15 117.547 116.414 
78.9769 87.8887 154.428 -0 117.683 116.692 
78.7976 87.7671 154.413 -2.67575e-15 117.82 116.966 
78.6215 87.6455 154.398 -1.33957e-15 117.957 117.237 
78.4485 87.5241 154.382 2.68254e-15 118.094 117.505 
78.2785 87.4028 154.367 -1.34299e-15 118.23 117.77 
78.1115 87.2816 154.351 -1.34472e-15 118.367 118.033 
77.9474 87.1604 154.335 4.03938e-15 118.504 118.292 
77.7861 87.0394 154.319 -1.34821e-15 118.641 118.548 
77.6275 86.9185 154.303 1.34998e-15 118.778 118.802 
77.4716 86.7978 154.287 5.40704e-15 118.915 119.053 
77.3183 86.6771 154.27 -1.35355e-15 119.052 119.301 
77.1676 86.5566 154.254 -2.71072e-15 119.19 119.547 
77.0194 86.4362 154.237 1.35718e-15 119.327 119.791 
76.8735 86.316 154.22 -2.71801e-15 119.464 120.031 
76.7301 86.1959 154.203 4.08255e-15 119.601 120.27 
76.5889 86.0759 154.186 -2.72542e-15 119.738 120.506 
76.45 85.9561 154.169 -5.45831e-15 119.875 120.74 
76.3134 85.8364 154.151 -1.36646e-15 120.012 120.972 
76.1788 85.7169 154.134 -0 120.149 121.202 
76.0464 85.5975 154.116 -1.37026e-15 120.287 121.429 
75.9161 85.4783 154.098 -4.11656e-15 120.424 121.655 
75.7877 85.3593 154.08 4.12236e-15 120.561 121.878 
75.6614 85.2404 154.062 -8.2564e-15 120.698 122.1 
75.5369 85.1217 154.044 4.13408e-15 120.835 122.319 
75.4144 85.0032 154.025 1.38e-15 120.972 122.537 
75.2936 84.8848 154.006 -4.14596e-15 121.109 122.753 
75.1747 84.7667 153.988 -2.76798e-15 121.246 122.967 
75.0576 84.6487 153.969 2.772e-15 121.383 123.179 
74.9421 84.5309 153.95 5.55211e-15 121.519 123.389 
74.8284 84.4132 153.931 2.78013e-15 121.656 123.598 
74.7163 84.2958 153.911 -0 121.793 123.805 
74.6058 84.1785 153.892 -5.57674e-15 121.93 124.011 
74.4969 84.0615 153.872 -5.58506e-15 122.066 124.215 
74.3896 83.9446 153.852 2.79671e-15 122.203 124.417 
74.2837 83.828 153.833 -0 122.339 124.618 
74.1794 83.7115 153.813 5.61033e-15 122.476 124.818 
74.0765 83.5952 153.792 -5.61886e-15 122.612 125.016 
73.9751 83.4792 153.772 -8.44117e-15 122.749 125.212 
73.875 83.3633 153.752 -2.81804e-15 122.885 125.408 
73.7763 83.2477 153.731 1.12896e-14 123.021 125.601 
73.6789 83.1323 153.71 -8.48029e-15 123.157 125.794 
73.5829 83.017 153.689 -0 123.293 125.985 
73.4882 82.902 153.668 -5.67118e-15 123.429 126.175 
73.3947 82.7872 153.647 -0 123.565 126.363 
73.3024 82.6727 153.626 8.53359e-15 123.701 126.551 
73.2114 82.5583 153.605 -8.54712e-15 123.837 126.737 
73.1216 82.4442 153.583 5.70716e-15 123.973 126.922 
73.0329 82.3303 153.561 5.71629e-15 124.108 127.106 
72.9454 82.2166 153.54 -5.72548e-15 124.244 127.288 
72.859 82.1031 153.518 8.60208e-15 124.379 127.47 
72.7737 81.9899 153.496 -5.74402e-15 124.515 127.65 
72.6895 81.8769 153.473 5.75337e-15 124.65 127.829 
72.6064 81.7642 153.451 -2.88139e-15 124.785 128.008 
72.5243 81.6516 153.428 -0 124.92 128.185 
72.4432 81.5393 153.406 -5.78177e-15 125.055 128.361 
72.3631 81.4272 153.383 2.89567e-15 125.19 128.536 
72.284 81.3154 153.36 -2.90049e-15 125.324 128.71 
72.2059 81.2038 153.337 -8.71601e-15 125.459 128.884 
72.1287 81.0925 153.314 -1.16408e-14 125.594 129.056 
72.0525 80.9814 153.291 5.83023e-15 125.728 129.227 
71.9772 80.8705 153.267 2.92005e-15 125.862 129.398 
71.9028 80.7599 153.244 -0 125.997 129.567 
71.8293 80.6495 153.22 -0 126.131 129.736 
71.7566 80.5393 153.196 -2.93501e-15 126.265 129.904 
71.6848 80.4295 153.172 -5.88012e-15 126.398 130.07 
71.6139 80.3198 153.148 -2.94514e-15 126.532 130.237 
71.5438 80.2104 153.124 -2.95024e-15 126.666 130.402 
71.4745 80.1013 153.099 -5.91075e-15 126.799 130.566 
71.4059 79.9924 153.075 -2.96054e-15 126.933 130.73 
71.3382 79.8837 153.05 5.93147e-15 127.066 130.893 
71.2712 79.7753 153.026 -8.91287e-15 127.199 131.055 
71.205 79.6672 153.001 -0 127.332 131.216 
71.1396 79.5593 152.976 5.96298e-15 127.465 131.377 
71.0749 79.4517 152.951 -2.9868e-15 127.598 131.536 
71.0109 79.3443 152.925 -5.98429e-15 127.73 131.695 
70.9476 79.2372 152.9 -2.99752e-15 127.863 131.854 
70.885 79.1304 152.874 -1.20117e-14 127.995 132.012 
70.8231 79.0238 152.849 3.00835e-15 128.127 132.169 
70.7619 78.9175 152.823 -3.01381e-15 128.26 132.325 
70.7013 78.8114 152.797 -9.05791e-15 128.392 132.481 
70.6414 78.7056 152.771 -0 128.523 132.636 
70.5821 78.6 152.745 6.06076e-15 128.655 132.79 
70.5235 78.4948 152.719 -0 128.787 132.944 
70.4655 78.3897 152.692 -6.08315e-15 128.918 133.097 
70.4081 78.285 152.666 -0 129.049 133.249 
70.3513 78.1805 152.639 -3.0529e-15 129.18 133.401 
70.2951 78.0763 152.612 -3.05861e-15 129.311 133.553 
70.2395 77.9723 152.585 1.22574e-14 129.442 133.703 
70.1845 77.8686 152.558 -3.07011e-15 129.573 133.853 
70.13 77.7652 152.531 3.07592e-15 129.704 134.003 
70.0761 77.6621 152.504 -6.1635e-15 129.834 134.152 
70.0227 77.5592 152.477 -6.17522e-15 129.964 134.3 
69.9699 77.4566 152.449 -6.18702e-15 130.094 134.448 
69.9176 77.3542 152.421 -3.09944e-15 130.224 134.596 
69.8659 77.2521 152.394 1.24216e-14 130.354 134.743 
69.8147 77.1503 152.366 -6.22277e-15 130.484 134.889 
69.7639 77.0488 152.338 6.23482e-15 130.613 135.035 
69.7137 76.9475 152.31 -6.24693e-15 130.743 135.18 
69.664 76.8466 152.281 6.25911e-15 130.872 135.325 
69.6148 76.7458 152.253 -0 131.001 135.469 
69.566 76.6454 152.225 -0 131.13 135.613 
69.5177 76.5452 152.196 -6.29603e-15 131.259 135.756 
69.4699 76.4453 152.167 6.30847e-15 131.387 135.899 
69.4226 76.3457 152.138 -0 131.516 136.042 
69.3757 76.2464 152.109 6.33354e-15 131.644 136.184 
69.3292 76.1473 152.08 -0 131.772 136.325 
69.2832 76.0485 152.051 -0 131.9 136.466 
69.2376 75.95 152.022 6.37165e-15 132.028 136.607 
69.1925 75.8518 151.992 -0 132.156 136.747 
69.1478 75.7538 151.963 1.27948e-14 132.283 136.887 
69.1035 75.6561 151.933 6.41037e-15 132.411 137.027 
69.0596 75.5587 151.903 -0 132.538 137.166 
69.0161 75.4616 151.874 -1.2873e-14 132.665 137.304 
68.973 75.3647 151.844 -0 132.792 137.442 
68.9303 75.2682 151.813 -0 132.918 137.58 
68.888 75.1719 151.783 6.47626e-15 133.045 137.718 
68.8461 75.0758 151.753 -1.29793e-14 133.171 137.855 
68.8046 74.9801 151.722 1.30062e-14 133.298 137.991 
68.7634 74.8846 151.692 -6.51662e-15 133.424 138.128 
68.7226 74.7894 151.661 -0 133.549 138.263 
68.6822 74.6945 151.63 6.54388e-15 133.675 138.399 
68.6422 74.5999 151.599 -0 133.801 138.534 
68.6024 74.5056 151.568 6.57142e-15 133.926 138.669 
68.5631 74.4115 151.537 -6.58529e-15 134.051 138.803 
68.5241 74.3177 151.506 -6.59924e-15 134.176 138.938 
68.4854 74.2242 151.475 6.61326e-15 134.301 139.071 
68.4471 74.131 151.443 6.62735e-15 134.426 139.205 
68.4091 74.038 151.412 6.64152e-15 134.55 139.338 
68.3714 73.9453 151.38 -6.65576e-15 134.675 139.471 
68.334 73.853 151.348 6.67007e-15 134.799 139.603 
68.297 73.7608 151.316 -0 134.923 139.735 
68.2603 73.669 151.284 -0 135.047 139.867 
68.2239 73.5775 151.252 -0 135.171 139.999 
68.1878 73.4862 151.22 -0 135.294 140.13 
68.152 73.3952 151.187 1.34855e-14 135.417 140.261 
68.1165 73.3045 151.155 -6.75748e-15 135.541 140.391 
68.0813 73.2141 151.122 -0 135.664 140.522 
68.0464 73.1239 151.09 6.78722e-15 135.786 140.652 
68.0118 73.034 151.057 -1.36044e-14 135.909 140.781 
67.9774 72.9444 151.024 -6.81726e-15 136.032 140.911 
67.9434 72.8551 150.991 -6.8324e-15 136.154 141.04 
67.9096 72.7661 150.958 -0 136.276 141.169 
67.8761 72.6773 150.925 6.8629e-15 136.398 141.297 
67.8429 72.5889 150.891 1.37565e-14 136.52 141.426 
67.8099 72.5007 150.858 6.89371e-15 136.641 141.554 
67.7772 72.4128 150.824 -0 136.763 141.682 
67.7448 72.3251 150.791 6.92484e-15 136.884 141.809 
67.7126 72.2378 150.757 1.3881e-14 137.005 141.936 
67.6807 72.1507 150.723 -2.08688e-14 137.126 142.063 
67.6491 72.0639 150.689 -0 137.247 142.19 
67.6177 71.9774 150.655 -0 137.367 142.317 
67.5865 71.8912 150.621 1.40081e-14 137.488 142.443 
67.5556 71.8052 150.587 -1.40402e-14 137.608 142.569 
67.5249 71.7195 150.553 -7.03628e-15 137.728 142.695 
67.4945 71.6341 150.518 -7.05253e-15 137.848 142.82 
67.4643 71.549 150.484 -7.06886e-15 137.967 142.946 
67.4343 71.4641 150.449 1.41705e-14 138.087 143.071 
67.4045 71.3796 150.414 1.42035e-14 138.206 143.195 
67.375 71.2953 150.379 7.11833e-15 138.325 143.32 
67.3458 71.2113 150.344 -0 138.444 143.444 
67.3167 71.1275 150.309 -7.15173e-15 138.563 143.569 
67.2878 71.0441 150.274 1.43371e-14 138.682 143.693 
67.2592 70.9609 150.239 -0 138.8 143.816 
67.2308 70.878 150.203 1.44049e-14 138.919 143.94 
67.2026 70.7954 150.168 -7.21955e-15 139.037 144.063 
67.1746 70.713 150.132 -7.23672e-15 139.155 144.186 
67.1468 70.6309 150.097 -7.25398e-15 139.272 144.309 
67.1193 70.5491 150.061 -7.27132e-15 139.39 144.432 
67.0919 70.4676 150.025 -2.9155e-14 139.507 144.554 
67.0647 70.3863 149.989 -7.30627e-15 139.624 144.677 
67.0378 70.3054 149.953 -7.32388e-15 139.741 144.799 
67.011 70.2247 149.917 7.34157e-15 139.858 144.921 
66.9844 70.1442 149.881 -2.20781e-14 139.975 145.042 
66.958 70.0641 149.844 -1.47545e-14 140.091 145.164 
66.9318 69.9842 149.808 -0 140.208 145.285 
66.9058 69.9046 149.772 -0 140.324 145.406 
66.88 69.8253 149.735 -0 140.44 145.527 
66.8544 69.7462 149.698 -0 140.556 145.648 
66.8289 69.6674 149.661 7.46796e-15 140.671 145.768 
66.8036 69.5889 149.624 -7.48638e-15 140.787 145.889 
66.7786 69.5107 149.587 1.50098e-14 140.902 146.009 
66.7536 69.4327 149.55 2.25705e-14 141.017 146.129 
66.7289 69.355 149.513 2.26266e-14 141.132 146.249 
66.7043 69.2776 149.476 2.2683e-14 141.247 146.368 
66.6799 69.2004 149.439 -0 141.361 146.488 
66.6557 69.1235 149.401 -0 141.475 146.607 
66.6316 69.0469 149.364 -7.61797e-15 141.59 146.726 
66.6078 68.9706 149.326 7.63715e-15 141.704 146.845 
66.584 68.8945 149.288 3.06257e-14 141.817 146.964 
66.5605 68.8187 149.25 7.6758e-15 141.931 147.083 
66.5371 68.7431 149.212 -0 142.045 147.201 
66.5138 68.6678 149.174 1.54297e-14 142.158 147.32 
66.4907 68.5928 149.136 -0 142.271 147.438 
66.4678 68.5181 149.098 7.75428e-15 142.384 147.556 
66.445 68.4436 149.06 -7.77415e-15 142.497 147.674 
66.4224 68.3694 149.021 1.55882e-14 142.609 147.792 
66.3999 68.2955 148.983 -2.34426e-14 142.722 147.909 
66.3776 68.2218 148.944 -7.83437e-15 142.834 148.027 
66.3554 68.1484 148.906 2.35639e-14 142.946 148.144 
66.3334 68.0753 148.867 7.87503e-15 143.058 148.261 
66.3115 68.0024 148.828 -2.36865e-14 143.169 148.378 
66.2898 67.9298 148.789 -7.9161e-15 143.281 148.495 
66.2682 67.8574 148.75 2.38104e-14 143.392 148.612 
66.2467 67.7853 148.711 -1.59152e-14 143.504 148.728 
66.2254 67.7135 148.672 -1.5957e-14 143.615 148.845 
66.2043 67.6419 148.633 7.99951e-15 143.725 148.961 
66.1832 67.5706 148.593 -8.02063e-15 143.836 149.077 
66.1623 67.4996 148.554 -0 143.946 149.193 
66.1416 67.4288 148.514 -8.0632e-15 144.057 149.309 
66.1209 67.3583 148.475 1.61693e-14 144.167 149.425 
