-56.108 49.9059 162.235 8.8966e-15 147.859 -168.906 
-56.1095 49.9065 162.235 1.77928e-14 147.859 -168.905 
-56.1119 49.9075 162.235 -0 147.857 -168.904 
-56.1152 49.9089 162.236 -8.89554e-15 147.855 -168.902 
-56.1195 49.9108 162.237 1.77898e-14 147.853 -168.9 
-56.1248 49.9131 162.237 8.89413e-15 147.849 -168.897 
-56.131 49.9157 162.239 -8.89321e-15 147.846 -168.894 
-56.1382 49.9188 162.24 -8.89215e-15 147.841 -168.89 
-56.1464 49.9223 162.241 8.89096e-15 147.837 -168.886 
-56.1555 49.9262 162.243 8.88962e-15 147.831 -168.881 
-56.1656 49.9305 162.244 -8.88814e-15 147.825 -168.876 
-56.1766 49.9353 162.246 8.88652e-15 147.819 -168.87 
-56.1886 49.9404 162.248 -0 147.812 -168.864 
-56.2016 49.946 162.25 -0 147.804 -168.858 
-56.2156 49.9519 162.253 -0 147.796 -168.85 
-56.2305 49.9583 162.255 -0 147.787 -168.843 
-56.2463 49.9651 162.258 8.87633e-15 147.777 -168.835 
-56.2632 49.9723 162.26 -0 147.767 -168.826 
-56.281 49.9799 162.263 8.87129e-15 147.757 -168.817 
-56.2998 49.988 162.266 -0 147.746 -168.807 
-56.3196 49.9964 162.27 -0 147.734 -168.797 
-56.3404 50.0053 162.273 -8.86268e-15 147.722 -168.786 
-56.3621 50.0145 162.277 -0 147.709 -168.775 
-56.3848 50.0242 162.28 -0 147.695 -168.763 
-56.4086 50.0343 162.284 8.85284e-15 147.681 -168.751 
-56.4333 50.0448 162.288 -0 147.667 -168.738 
-56.4589 50.0557 162.293 -8.84561e-15 147.652 -168.725 
-56.4856 50.0671 162.297 8.84178e-15 147.636 -168.711 
-56.5133 50.0788 162.301 -8.83783e-15 147.62 -168.697 
-56.542 50.091 162.306 -0 147.603 -168.682 
-56.5717 50.1036 162.311 8.82951e-15 147.586 -168.666 
-56.6023 50.1166 162.316 -0 147.568 -168.65 
-56.634 50.13 162.321 -0 147.549 -168.634 
-56.6667 50.1438 162.326 -8.81604e-15 147.53 -168.617 
-56.7004 50.1581 162.332 -0 147.51 -168.599 
-56.7352 50.1727 162.337 -8.80641e-15 147.49 -168.581 
-56.7709 50.1878 162.343 -0 147.469 -168.563 
-56.8077 50.2033 162.349 -0 147.448 -168.543 
-56.8455 50.2192 162.355 -8.79098e-15 147.426 -168.523 
-56.8843 50.2355 162.361 8.78558e-15 147.403 -168.503 
-56.9242 50.2523 162.367 -0 147.38 -168.482 
-56.9651 50.2694 162.374 -8.77439e-15 147.357 -168.461 
-57.0071 50.287 162.38 8.76861e-15 147.333 -168.439 
-57.0501 50.305 162.387 -0 147.308 -168.416 
-57.0941 50.3234 162.394 -1.75133e-14 147.282 -168.393 
-57.1392 50.3422 162.401 -8.75051e-15 147.257 -168.369 
-57.1854 50.3615 162.408 -8.74423e-15 147.23 -168.344 
-57.2326 50.3812 162.416 8.73783e-15 147.203 -168.319 
-57.2809 50.4012 162.423 8.73131e-15 147.175 -168.294 
-57.3303 50.4218 162.431 -8.72466e-15 147.147 -168.268 
-57.3808 50.4427 162.439 8.71789e-15 147.119 -168.241 
-57.4323 50.464 162.447 -1.7422e-14 147.089 -168.213 
-57.4849 50.4858 162.455 1.7408e-14 147.059 -168.185 
-57.5387 50.508 162.463 8.69688e-15 147.029 -168.156 
-57.5935 50.5306 162.471 8.68964e-15 146.998 -168.127 
-57.6494 50.5536 162.48 8.68228e-15 146.966 -168.097 
-57.7065 50.5771 162.489 8.67481e-15 146.934 -168.066 
-57.7647 50.601 162.497 1.73345e-14 146.902 -168.035 
-57.824 50.6252 162.506 8.65953e-15 146.869 -168.003 
-57.8844 50.65 162.515 8.65172e-15 146.835 -167.971 
-57.9459 50.6751 162.524 8.6438e-15 146.8 -167.937 
-58.0086 50.7007 162.534 8.63576e-15 146.766 -167.903 
-58.0725 50.7266 162.543 -0 146.73 -167.869 
-58.1375 50.753 162.553 8.61937e-15 146.694 -167.834 
-58.2036 50.7799 162.563 -8.61101e-15 146.658 -167.797 
-58.271 50.8071 162.572 8.60254e-15 146.62 -167.761 
-58.3395 50.8348 162.582 -0 146.583 -167.723 
-58.4092 50.8629 162.593 -1.71706e-14 146.545 -167.685 
-58.4801 50.8914 162.603 -0 146.506 -167.646 
-58.5521 50.9203 162.613 -0 146.467 -167.607 
-58.6254 50.9497 162.624 1.71173e-14 146.427 -167.567 
-58.6999 50.9795 162.634 8.54957e-15 146.386 -167.525 
-58.7756 51.0097 162.645 2.56212e-14 146.345 -167.484 
-58.8526 51.0403 162.656 -0 146.304 -167.441 
-58.9307 51.0713 162.667 -0 146.262 -167.398 
-59.0101 51.1028 162.678 -0 146.219 -167.354 
-59.0908 51.1347 162.689 -1.70054e-14 146.176 -167.309 
-59.1727 51.167 162.701 -8.49303e-15 146.132 -167.263 
-59.2559 51.1997 162.712 8.48328e-15 146.088 -167.217 
-59.3404 51.2329 162.724 8.47344e-15 146.043 -167.169 
-59.4262 51.2665 162.735 8.4635e-15 145.998 -167.121 
-59.5132 51.3005 162.747 1.6907e-14 145.952 -167.072 
-59.6016 51.3349 162.759 -0 145.906 -167.022 
-59.6912 51.3697 162.771 8.43318e-15 145.859 -166.972 
-59.7822 51.405 162.783 8.42289e-15 145.812 -166.92 
-59.8745 51.4407 162.796 -0 145.764 -166.868 
-59.9682 51.4768 162.808 -8.40208e-15 145.715 -166.815 
-60.0632 51.5133 162.821 -8.39156e-15 145.666 -166.761 
-60.1595 51.5502 162.833 8.38095e-15 145.617 -166.706 
-60.2573 51.5876 162.846 -0 145.566 -166.65 
-60.3564 51.6253 162.859 -8.3595e-15 145.516 -166.593 
-60.4569 51.6635 162.872 8.34866e-15 145.465 -166.535 
-60.5588 51.7021 162.885 8.33775e-15 145.413 -166.477 
-60.6621 51.7411 162.898 -1.66535e-14 145.361 -166.417 
-60.7669 51.7806 162.911 8.31571e-15 145.308 -166.356 
-60.873 51.8204 162.924 8.30458e-15 145.255 -166.295 
-60.9806 51.8607 162.938 8.29339e-15 145.202 -166.232 
-61.0897 51.9013 162.951 8.28212e-15 145.147 -166.169 
-61.2002 51.9424 162.965 -0 145.093 -166.105 
-61.3123 51.9839 162.979 -8.2594e-15 145.037 -166.039 
-61.4258 52.0258 162.992 1.64959e-14 144.982 -165.973 
-61.5408 52.0681 163.006 -0 144.926 -165.905 
-61.6573 52.1108 163.02 -8.22484e-15 144.869 -165.836 
-61.7753 52.1539 163.034 -0 144.812 -165.767 
-61.8949 52.1974 163.048 -0 144.754 -165.696 
-62.016 52.2413 163.063 -1.63795e-14 144.696 -165.624 
-62.1387 52.2856 163.077 -0 144.637 -165.551 
-62.263 52.3303 163.091 -0 144.578 -165.477 
-62.3889 52.3754 163.106 -0 144.519 -165.402 
-62.5163 52.4209 163.12 -8.14222e-15 144.459 -165.326 
-62.6454 52.4668 163.135 8.13021e-15 144.398 -165.249 
-62.7761 52.5131 163.15 -8.11815e-15 144.337 -165.17 
-62.9084 52.5597 163.164 -8.10605e-15 144.276 -165.09 
-63.0424 52.6068 163.179 -1.61878e-14 144.214 -165.009 
-63.1781 52.6542 163.194 1.61634e-14 144.152 -164.927 
-63.3154 52.702 163.209 -0 144.089 -164.844 
-63.4545 52.7502 163.224 -8.05723e-15 144.026 -164.759 
-63.5952 52.7988 163.239 -0 143.962 -164.673 
-63.7377 52.8477 163.254 8.03258e-15 143.898 -164.586 
-63.882 52.8971 163.269 -8.02021e-15 143.834 -164.498 
-64.0279 52.9467 163.284 -8.00781e-15 143.769 -164.408 
-64.1757 52.9968 163.3 -7.99537e-15 143.704 -164.317 
-64.3252 53.0472 163.315 -0 143.638 -164.225 
-64.4766 53.098 163.33 7.97041e-15 143.572 -164.132 
-64.6297 53.1491 163.346 7.95789e-15 143.505 -164.037 
-64.7847 53.2006 163.361 -7.94535e-15 143.438 -163.94 
-64.9415 53.2524 163.377 -0 143.371 -163.843 
-65.1002 53.3045 163.392 -7.9202e-15 143.303 -163.744 
-65.2608 53.357 163.408 -7.9076e-15 143.235 -163.643 
-65.4233 53.4099 163.424 -0 143.167 -163.541 
-65.5876 53.4631 163.439 -1.57647e-14 143.098 -163.438 
-65.754 53.5166 163.455 -0 143.029 -163.333 
-65.9222 53.5704 163.471 7.85702e-15 142.959 -163.227 
-66.0924 53.6245 163.486 -0 142.889 -163.119 
-66.2646 53.679 163.502 -0 142.819 -163.01 
-66.4388 53.7338 163.518 -0 142.748 -162.899 
-66.615 53.7888 163.534 -1.56126e-14 142.677 -162.786 
-66.7933 53.8442 163.55 -0 142.606 -162.672 
-66.9735 53.8999 163.565 -7.78089e-15 142.535 -162.557 
-67.1559 53.9558 163.581 7.76819e-15 142.463 -162.44 
-67.3403 54.012 163.597 -0 142.391 -162.321 
-67.5268 54.0685 163.613 -7.74281e-15 142.318 -162.201 
-67.7155 54.1253 163.629 -0 142.246 -162.079 
-67.9063 54.1824 163.645 -0 142.173 -161.955 
-68.0992 54.2397 163.661 -7.70478e-15 142.1 -161.83 
-68.2943 54.2972 163.677 7.69212e-15 142.026 -161.703 
-68.4916 54.355 163.692 -7.67948e-15 141.953 -161.574 
-68.6911 54.413 163.708 -0 141.879 -161.443 
-68.8929 54.4713 163.724 -7.65424e-15 141.805 -161.311 
-69.0968 54.5298 163.74 -7.64165e-15 141.73 -161.177 
-69.3031 54.5885 163.756 -3.81454e-15 141.656 -161.041 
-69.5116 54.6474 163.772 1.14248e-14 141.581 -160.903 
-69.7224 54.7064 163.787 -1.1406e-14 141.506 -160.764 
-69.9356 54.7657 163.803 -3.79576e-15 141.431 -160.622 
-70.1511 54.8252 163.819 -0 141.356 -160.479 
-70.3689 54.8848 163.835 3.78331e-15 141.281 -160.334 
-70.5892 54.9446 163.85 7.55421e-15 141.205 -160.187 
-70.8118 55.0046 163.866 -7.54184e-15 141.13 -160.038 
-71.0368 55.0647 163.881 -3.76475e-15 141.054 -159.887 
-71.2643 55.1249 163.897 -1.12758e-14 140.978 -159.734 
-71.4942 55.1853 163.913 -1.12574e-14 140.902 -159.579 
-71.7266 55.2457 163.928 -1.12391e-14 140.826 -159.422 
-71.9614 55.3063 163.943 3.74029e-15 140.75 -159.263 
-72.1988 55.3669 163.959 7.46847e-15 140.674 -159.103 
-72.4387 55.4277 163.974 -1.11846e-14 140.598 -158.94 
-72.6812 55.4885 163.989 -3.72219e-15 140.522 -158.775 
-72.9262 55.5493 164.004 1.11486e-14 140.446 -158.607 
-73.1738 55.6103 164.019 3.71025e-15 140.37 -158.438 
-73.424 55.6712 164.034 7.40865e-15 140.294 -158.267 
-73.6768 55.7322 164.049 -7.39686e-15 140.218 -158.093 
-73.9322 55.7931 164.064 -3.69256e-15 140.143 -157.917 
-74.1903 55.8541 164.079 3.68673e-15 140.067 -157.739 
-74.4511 55.915 164.094 -3.68092e-15 139.991 -157.559 
-74.7145 55.976 164.108 3.67516e-15 139.916 -157.377 
-74.9807 56.0368 164.123 7.33885e-15 139.84 -157.192 
-75.2496 56.0976 164.137 3.66373e-15 139.765 -157.006 
-75.5212 56.1584 164.152 -1.09742e-14 139.69 -156.817 
-75.7956 56.219 164.166 -7.30489e-15 139.615 -156.625 
-76.0727 56.2795 164.18 -3.64686e-15 139.541 -156.432 
-76.3527 56.3399 164.194 3.64132e-15 139.466 -156.236 
-76.6354 56.4002 164.208 -7.27164e-15 139.392 -156.037 
-76.9209 56.4603 164.222 3.63036e-15 139.318 -155.836 
-77.2093 56.5203 164.235 1.08748e-14 139.244 -155.633 
-77.5005 56.5801 164.249 -7.23915e-15 139.171 -155.428 
-77.7946 56.6396 164.262 -0 139.098 -155.22 
-78.0916 56.699 164.275 3.60898e-15 139.026 -155.01 
-78.3914 56.7581 164.289 7.2075e-15 138.953 -154.797 
-78.6942 56.8169 164.302 1.79928e-15 138.882 -154.582 
-78.9998 56.8755 164.314 3.59344e-15 138.81 -154.365 
-79.3084 56.9338 164.327 8.97091e-15 138.739 -154.145 
-79.6199 56.9918 164.34 -8.95835e-15 138.669 -153.922 
-79.9344 57.0494 164.352 -5.36755e-15 138.599 -153.697 
-80.2518 57.1067 164.364 -5.36018e-15 138.529 -153.47 
-80.5722 57.1636 164.376 1.7843e-15 138.46 -153.24 
-80.8955 57.2201 164.388 -5.34569e-15 138.392 -153.008 
-81.2218 57.2762 164.4 1.77953e-15 138.324 -152.773 
-81.5511 57.3319 164.412 -5.33155e-15 138.257 -152.535 
-81.8834 57.3871 164.423 1.77487e-15 138.19 -152.295 
-82.2187 57.4419 164.434 7.09037e-15 138.124 -152.053 
-82.557 57.4962 164.445 -7.08138e-15 138.059 -151.808 
-82.8974 57.5498 164.456 -8.84068e-15 137.994 -151.561 
-83.2392 57.6026 164.466 1.76597e-15 137.931 -151.313 
-83.5822 57.6546 164.477 -0 137.869 -151.063 
-83.9264 57.7058 164.487 8.80883e-15 137.808 -150.813 
-84.2719 57.7561 164.496 2.63959e-15 137.747 -150.561 
-84.6186 57.8056 164.506 -4.39434e-15 137.688 -150.307 
-84.9665 57.8543 164.515 -0 137.63 -150.053 
-85.3156 57.9021 164.524 8.76939e-16 137.574 -149.797 
-85.6659 57.9491 164.533 -7.88406e-15 137.518 -149.541 
-86.0173 57.9952 164.542 9.62606e-15 137.463 -149.283 
-86.3698 58.0404 164.55 6.11945e-15 137.41 -149.024 
-86.7234 58.0847 164.558 -1.74668e-15 137.357 -148.764 
-87.078 58.1281 164.566 -6.10746e-15 137.306 -148.503 
-87.4338 58.1706 164.573 -9.15253e-15 137.256 -148.24 
-87.7905 58.2122 164.581 -9.14409e-15 137.207 -147.977 
-88.1483 58.2528 164.588 4.78546e-15 137.16 -147.713 
-88.507 58.2925 164.594 6.51993e-15 137.113 -147.448 
-88.8667 58.3313 164.601 5.86295e-15 137.068 -147.182 
-89.2273 58.3691 164.607 -1.9527e-15 137.024 -146.914 
-89.5889 58.406 164.613 2.9267e-15 136.981 -146.646 
-89.9513 58.4419 164.619 -3.87216e-15 136.939 -146.378 
-90.3146 58.4769 164.624 -5.84444e-15 136.899 -146.108 
-90.6787 58.5108 164.63 5.94832e-15 136.86 -145.837 
-91.0436 58.5438 164.635 -9.51059e-15 136.822 -145.566 
-91.4092 58.5758 164.639 4.53605e-15 136.785 -145.294 
-91.7757 58.6068 164.644 6.90753e-15 136.749 -145.021 
-92.1428 58.6368 164.648 4.31447e-16 136.715 -144.747 
-92.5107 58.6658 164.652 -8.62367e-15 136.682 -144.473 
-92.8792 58.6937 164.656 -9.04956e-15 136.651 -144.198 
-93.2483 58.7207 164.659 -2.58414e-15 136.62 -143.922 
-93.6181 58.7466 164.662 2.58275e-15 136.591 -143.646 
-93.9884 58.7715 164.665 1.72095e-15 136.563 -143.369 
-94.3593 58.7954 164.668 -7.74048e-15 136.537 -143.092 
-94.7307 58.8182 164.67 -1.71931e-15 136.512 -142.814 
-95.1026 58.84 164.672 -8.59276e-16 136.488 -142.535 
-95.4749 58.8607 164.674 1.20249e-14 136.465 -142.257 
-95.8477 58.8804 164.676 6.01008e-15 136.444 -141.977 
-96.2209 58.8991 164.677 -5.1496e-15 136.424 -141.698 
-96.5944 58.9166 164.678 -1.54435e-14 136.405 -141.418 
-96.9682 58.9332 164.679 1.37232e-14 136.388 -141.137 
-97.3424 58.9486 164.68 -0 136.372 -140.857 
-97.7168 58.963 164.68 -5.14329e-15 136.357 -140.576 
-98.0915 58.9764 164.68 1.71401e-15 136.343 -140.295 
-98.4664 58.9886 164.68 8.56816e-15 136.331 -140.013 
-98.8414 58.9998 164.68 -3.42659e-15 136.32 -139.732 
-99.2166 59.0099 164.679 3.426e-15 136.311 -139.45 
-99.592 59.019 164.678 3.42549e-15 136.303 -139.168 
-99.9673 59.027 164.677 -1.02752e-14 136.296 -138.886 
-100.343 59.0339 164.675 -5.13709e-15 136.291 -138.604 
-100.718 59.0398 164.674 1.71223e-15 136.287 -138.323 
-101.094 59.0445 164.672 1.71215e-15 136.284 -138.041 
-101.469 59.0482 164.669 3.4242e-15 136.282 -137.759 
-101.844 59.0509 164.667 -3.42419e-15 136.282 -137.477 
-102.219 59.0524 164.664 8.56067e-15 136.283 -137.195 
-102.595 59.0529 164.661 -0 136.286 -136.914 
-102.969 59.0523 164.658 1.0274e-14 136.29 -136.632 
-103.344 59.0507 164.654 -6.84998e-15 136.295 -136.351 
-103.718 59.048 164.651 -1.37016e-14 136.301 -136.07 
-104.093 59.0442 164.647 3.42588e-15 136.309 -135.79 
-104.466 59.0394 164.642 1.37058e-14 136.318 -135.51 
-104.84 59.0335 164.638 1.02813e-14 136.329 -135.23 
-105.213 59.0266 164.633 6.85569e-15 136.341 -134.95 
-105.586 59.0186 164.628 3.42866e-15 136.354 -134.671 
-105.958 59.0096 164.623 -6.85912e-15 136.368 -134.392 
-106.33 58.9995 164.617 1.02916e-14 136.384 -134.114 
-106.701 58.9884 164.611 -1.02948e-14 136.4 -133.836 
-107.072 58.9762 164.605 1.71638e-14 136.419 -133.559 
-107.442 58.9631 164.599 -1.0302e-14 136.438 -133.282 
-107.812 58.9489 164.592 1.03059e-14 136.459 -133.006 
-108.181 58.9337 164.585 3.43669e-15 136.481 -132.73 
-108.549 58.9174 164.578 -3.43817e-15 136.504 -132.455 
-108.917 58.9002 164.571 1.37589e-14 136.529 -132.181 
-109.284 58.8819 164.563 -0 136.555 -131.907 
-109.65 58.8627 164.555 1.03292e-14 136.582 -131.635 
-110.016 58.8425 164.547 -0 136.61 -131.363 
-110.381 58.8212 164.539 -1.72338e-14 136.64 -131.091 
-110.745 58.7991 164.53 -0 136.671 -130.821 
-111.108 58.7759 164.521 -0 136.703 -130.551 
-111.47 58.7517 164.512 -1.38116e-14 136.736 -130.282 
-111.832 58.7267 164.503 3.45511e-15 136.77 -130.014 
-112.192 58.7006 164.493 -0 136.806 -129.747 
-112.552 58.6736 164.483 -0 136.843 -129.481 
-112.91 58.6457 164.473 3.46223e-15 136.881 -129.216 
-113.268 58.6169 164.463 -0 136.92 -128.952 
-113.625 58.5871 164.452 -0 136.961 -128.689 
-113.98 58.5564 164.441 -0 137.002 -128.427 
-114.335 58.5248 164.43 -6.94569e-15 137.045 -128.166 
-114.688 58.4924 164.419 1.04271e-14 137.089 -127.906 
-115.041 58.459 164.407 -2.08718e-14 137.134 -127.647 
-115.392 58.4248 164.396 -3.48166e-15 137.18 -127.39 
-115.742 58.3896 164.383 -3.48476e-15 137.227 -127.133 
-116.091 58.3537 164.371 -1.39517e-14 137.275 -126.878 
-116.439 58.3169 164.358 -3.4912e-15 137.325 -126.623 
-116.785 58.2792 164.346 1.39781e-14 137.375 -126.37 
-117.13 58.2407 164.333 -6.99592e-15 137.427 -126.118 
-117.475 58.2014 164.319 7.00292e-15 137.479 -125.868 
-117.817 58.1613 164.306 7.01008e-15 137.533 -125.619 
-118.159 58.1204 164.292 -2.10522e-14 137.588 -125.371 
-118.499 58.0786 164.278 -1.40498e-14 137.643 -125.124 
-118.838 58.0362 164.264 -1.40651e-14 137.7 -124.878 
-119.176 57.9929 164.249 -2.1121e-14 137.758 -124.634 
-119.512 57.9489 164.234 -1.40966e-14 137.817 -124.391 
-119.847 57.9041 164.219 -0 137.877 -124.15 
-120.181 57.8585 164.204 -1.41294e-14 137.937 -123.91 
-120.513 57.8123 164.189 7.07317e-15 137.999 -123.671 
-120.844 57.7653 164.173 1.41636e-14 138.062 -123.434 
-121.173 57.7176 164.157 2.12716e-14 138.125 -123.198 
-121.501 57.6692 164.141 7.09947e-15 138.19 -122.964 
-121.828 57.6202 164.125 -0 138.255 -122.731 
-122.153 57.5704 164.108 1.42356e-14 138.322 -122.499 
-122.476 57.52 164.091 -1.42544e-14 138.389 -122.269 
-122.798 57.4689 164.074 -0 138.457 -122.04 
-123.119 57.4172 164.057 -0 138.526 -121.813 
-123.438 57.3648 164.039 -7.15638e-15 138.596 -121.587 
-123.756 57.3118 164.021 -7.16642e-15 138.667 -121.363 
-124.072 57.2582 164.003 -1.43533e-14 138.738 -121.141 
-124.387 57.204 163.985 -0 138.811 -120.919 
-124.7 57.1492 163.967 7.19751e-15 138.884 -120.7 
-125.012 57.0939 163.948 -0 138.958 -120.482 
-125.322 57.0379 163.929 -7.21903e-15 139.033 -120.265 
-125.63 56.9814 163.91 7.23003e-15 139.109 -120.05 
-125.937 56.9244 163.891 1.44824e-14 139.185 -119.837 
-126.243 56.8668 163.871 -1.4505e-14 139.262 -119.625 
-126.547 56.8086 163.851 2.1792e-14 139.34 -119.414 
-126.849 56.75 163.831 1.45513e-14 139.419 -119.206 
-127.15 56.6909 163.811 -7.28742e-15 139.498 -118.998 
-127.449 56.6312 163.79 -0 139.578 -118.793 
-127.746 56.5711 163.77 7.3115e-15 139.659 -118.589 
-128.042 56.5105 163.749 -7.32377e-15 139.741 -118.386 
-128.337 56.4495 163.728 2.20086e-14 139.823 -118.185 
-128.629 56.3879 163.706 7.3488e-15 139.906 -117.986 
-128.921 56.326 163.685 -2.20846e-14 139.989 -117.788 
-129.21 56.2636 163.663 -2.21234e-14 140.073 -117.592 
-129.498 56.2008 163.641 7.38753e-15 140.158 -117.398 
-129.785 56.1376 163.619 7.40076e-15 140.244 -117.205 
-130.07 56.074 163.596 7.41416e-15 140.33 -117.013 
-130.353 56.01 163.574 2.22831e-14 140.416 -116.824 
-130.635 55.9456 163.551 -1.48828e-14 140.504 -116.636 
-130.915 55.8808 163.528 -0 140.591 -116.449 
-131.193 55.8157 163.505 -0 140.68 -116.264 
-131.47 55.7502 163.481 -0 140.769 -116.081 
-131.745 55.6844 163.457 -0 140.858 -115.899 
-132.019 55.6183 163.434 -2.25371e-14 140.948 -115.719 
-132.291 55.5518 163.41 -2.25811e-14 141.039 -115.54 
-132.561 55.4851 163.385 7.54187e-15 141.13 -115.363 
-132.83 55.418 163.361 -7.55686e-15 141.221 -115.188 
-133.098 55.3506 163.336 1.5144e-14 141.313 -115.014 
-133.363 55.283 163.311 3.03493e-14 141.406 -114.842 
-133.627 55.2151 163.286 -1.52056e-14 141.499 -114.671 
-133.89 55.1469 163.261 -0 141.592 -114.502 
-134.151 55.0785 163.235 7.63422e-15 141.686 -114.335 
-134.41 55.0098 163.21 -0 141.781 -114.169 
-134.668 54.9409 163.184 1.53326e-14 141.875 -114.005 
-134.925 54.8718 163.158 -1.53652e-14 141.971 -113.842 
-135.179 54.8025 163.131 7.69902e-15 142.066 -113.681 
-135.432 54.7329 163.105 2.31469e-14 142.162 -113.521 
-135.684 54.6632 163.078 -7.73239e-15 142.259 -113.363 
-135.934 54.5932 163.051 7.74932e-15 142.356 -113.206 
-136.183 54.5231 163.024 -0 142.453 -113.051 
-136.43 54.4528 162.997 -7.78366e-15 142.55 -112.898 
-136.675 54.3823 162.969 2.34032e-14 142.648 -112.746 
-136.919 54.3117 162.942 -0 142.746 -112.596 
-137.161 54.2409 162.914 -1.56728e-14 142.845 -112.447 
-137.402 54.17 162.886 -7.8543e-15 142.944 -112.299 
-137.642 54.099 162.858 7.87237e-15 143.043 -112.154 
-137.879 54.0278 162.829 7.8906e-15 143.143 -112.009 
-138.116 53.9566 162.801 -7.909e-15 143.243 -111.866 
-138.351 53.8852 162.772 -7.92757e-15 143.343 -111.725 
-138.584 53.8137 162.743 -1.58926e-14 143.443 -111.585 
-138.816 53.7421 162.714 -0 143.544 -111.447 
-139.046 53.6704 162.685 7.98424e-15 143.645 -111.31 
-139.275 53.5987 162.655 -1.60069e-14 143.746 -111.174 
-139.503 53.5269 162.626 8.02286e-15 143.848 -111.04 
-139.729 53.455 162.596 -1.60848e-14 143.949 -110.908 
-139.953 53.383 162.566 -0 144.051 -110.777 
-140.177 53.311 162.535 3.23281e-14 144.153 -110.647 
-140.398 53.239 162.505 3.24084e-14 144.256 -110.519 
-140.619 53.1669 162.475 -0 144.359 -110.392 
-140.838 53.0948 162.444 1.62854e-14 144.461 -110.267 
-141.055 53.0227 162.413 -0 144.564 -110.143 
-141.271 52.9506 162.382 3.2736e-14 144.668 -110.02 
-141.486 52.8784 162.351 8.20491e-15 144.771 -109.899 
-141.699 52.8063 162.319 -0 144.875 -109.779 
-141.911 52.7341 162.288 -8.24722e-15 144.978 -109.661 
-142.121 52.6619 162.256 2.48059e-14 145.082 -109.544 
-142.331 52.5898 162.224 1.65804e-14 145.186 -109.428 
-142.538 52.5177 162.192 1.66239e-14 145.29 -109.314 
-142.745 52.4456 162.16 -0 145.395 -109.201 
-142.95 52.3736 162.127 8.35599e-15 145.499 -109.089 
-143.154 52.3015 162.095 -0 145.604 -108.979 
-143.356 52.2296 162.062 -8.40071e-15 145.709 -108.87 
-143.557 52.1576 162.029 -0 145.814 -108.763 
-143.757 52.0857 161.996 8.44612e-15 145.918 -108.656 
-143.956 52.0139 161.963 -8.46908e-15 146.024 -108.551 
-144.153 51.9422 161.929 1.69845e-14 146.129 -108.448 
-144.349 51.8705 161.896 1.70311e-14 146.234 -108.345 
-144.544 51.7989 161.862 2.56171e-14 146.339 -108.244 
-144.737 51.7273 161.828 -0 146.445 -108.144 
-144.929 51.6559 161.794 1.71731e-14 146.55 -108.046 
-145.12 51.5845 161.76 1.72212e-14 146.656 -107.948 
-145.31 51.5133 161.725 -1.72696e-14 146.761 -107.852 
-145.498 51.4421 161.691 8.65918e-15 146.867 -107.757 
-145.685 51.371 161.656 8.68375e-15 146.973 -107.664 
-145.871 51.3001 161.621 -1.7417e-14 147.079 -107.571 
-146.056 51.2292 161.586 2.62003e-14 147.184 -107.48 
-146.239 51.1585 161.551 -1.75171e-14 147.29 -107.39 
-146.422 51.0879 161.516 -8.78382e-15 147.396 -107.301 
-146.603 51.0174 161.481 -2.64279e-14 147.502 -107.213 
-146.783 50.947 161.445 1.76699e-14 147.608 -107.127 
-146.961 50.8768 161.409 -8.8608e-15 147.714 -107.042 
-147.139 50.8067 161.373 -0 147.82 -106.958 
-147.316 50.7367 161.337 -1.78261e-14 147.926 -106.875 
-147.491 50.6669 161.301 -2.68183e-14 148.032 -106.793 
-147.665 50.5972 161.265 -1.79321e-14 148.138 -106.712 
-147.838 50.5277 161.229 3.59712e-14 148.244 -106.633 
-148.01 50.4583 161.192 -0 148.35 -106.554 
-148.181 50.3891 161.155 -3.61877e-14 148.456 -106.477 
-148.35 50.32 161.118 9.07428e-15 148.562 -106.401 
-148.519 50.2511 161.081 -0 148.668 -106.326 
-148.686 50.1824 161.044 -1.82591e-14 148.773 -106.252 
-148.853 50.1138 161.007 -9.15747e-15 148.879 -106.179 
-149.018 50.0455 160.969 -2.75568e-14 148.985 -106.107 
-149.182 49.9772 160.932 3.68556e-14 149.091 -106.037 
-149.345 49.9092 160.894 9.24241e-15 149.197 -105.967 
-149.508 49.8414 160.856 -2.78133e-14 149.302 -105.898 
-149.669 49.7737 160.818 -2.79e-14 149.408 -105.831 
-149.829 49.7062 160.78 -9.32911e-15 149.514 -105.764 
-149.988 49.6389 160.742 -0 149.619 -105.699 
-150.146 49.5718 160.704 2.81637e-14 149.725 -105.634 
-150.303 49.5049 160.665 -9.41762e-15 149.83 -105.571 
-150.458 49.4382 160.626 -3.77901e-14 149.935 -105.509 
-150.613 49.3717 160.588 3.79105e-14 150.041 -105.447 
-150.767 49.3054 160.549 -1.90159e-14 150.146 -105.387 
-150.92 49.2392 160.51 -1.90769e-14 150.251 -105.327 
-151.072 49.1733 160.47 2.87075e-14 150.356 -105.269 
-151.223 49.1076 160.431 1.92002e-14 150.461 -105.211 
-151.373 49.0422 160.392 -0 150.566 -105.155 
-151.522 48.9769 160.352 -9.6626e-15 150.671 -105.099 
-151.67 48.9118 160.312 -0 150.776 -105.045 
-151.818 48.847 160.273 -2.91778e-14 150.88 -104.991 
-151.964 48.7823 160.233 2.92737e-14 150.985 -104.938 
-152.109 48.7179 160.193 -1.95802e-14 151.089 -104.887 
-152.254 48.6537 160.152 -2.94676e-14 151.194 -104.836 
-152.397 48.5898 160.112 -2.95655e-14 151.298 -104.786 
-152.54 48.526 160.072 -9.88801e-15 151.402 -104.737 
-152.681 48.4625 160.031 -0 151.506 -104.689 
-152.822 48.3992 159.99 -1.99087e-14 151.61 -104.641 
-152.962 48.3362 159.95 -9.98788e-15 151.714 -104.595 
-153.101 48.2734 159.909 1.00216e-14 151.818 -104.55 
-153.239 48.2108 159.868 2.01111e-14 151.921 -104.505 
-153.376 48.1484 159.827 3.02693e-14 152.025 -104.461 
-153.512 48.0863 159.785 -1.01242e-14 152.128 -104.419 
-153.648 48.0244 159.744 2.03176e-14 152.232 -104.377 
-153.783 47.9627 159.702 -4.07747e-14 152.335 -104.335 
-153.916 47.9013 159.661 -5.11438e-14 152.438 -104.295 
-154.049 47.8402 159.619 2.05282e-14 152.541 -104.256 
-154.182 47.7792 159.577 -2.05993e-14 152.643 -104.217 
-154.313 47.7185 159.535 -1.03355e-14 152.746 -104.179 
-154.443 47.6581 159.493 -1.03715e-14 152.849 -104.142 
-154.573 47.5979 159.451 -1.04078e-14 152.951 -104.106 
-154.702 47.5379 159.409 1.04443e-14 153.053 -104.071 
-154.83 47.4782 159.366 -3.14432e-14 153.155 -104.036 
-154.957 47.4188 159.324 -3.15542e-14 153.257 -104.002 
-155.084 47.3596 159.281 2.11106e-14 153.359 -103.969 
-155.21 47.3006 159.239 -3.17784e-14 153.461 -103.937 
-155.335 47.2419 159.196 2.12611e-14 153.562 -103.906 
-155.459 47.1834 159.153 2.13371e-14 153.664 -103.875 
-155.582 47.1252 159.11 2.14136e-14 153.765 -103.845 
-155.705 47.0672 159.067 -2.14906e-14 153.866 -103.816 
-155.827 47.0095 159.023 -2.15681e-14 153.967 -103.787 
-155.948 46.9521 158.98 -0 154.068 -103.76 
-156.068 46.8949 158.936 2.17246e-14 154.169 -103.733 
-156.188 46.8379 158.893 -2.18037e-14 154.269 -103.707 
-156.307 46.7812 158.849 4.37666e-14 154.37 -103.681 
