-78.7737 87.1537 167.68 -6.12969e-16 105.166 -131.691 
-78.7674 87.1519 167.68 -1.53244e-15 105.168 -131.696 
-78.7568 87.149 167.68 -6.12983e-16 105.171 -131.704 
-78.7421 87.1449 167.68 -6.12995e-16 105.175 -131.715 
-78.7232 87.1396 167.68 9.19515e-16 105.18 -131.729 
-78.7001 87.1332 167.68 -0 105.186 -131.746 
-78.6729 87.1256 167.68 -0 105.194 -131.767 
-78.6415 87.1168 167.68 -0 105.203 -131.79 
-78.606 87.1068 167.68 -3.06553e-16 105.213 -131.817 
-78.5664 87.0957 167.68 -6.13139e-16 105.224 -131.846 
-78.5228 87.0834 167.68 -1.53294e-15 105.237 -131.879 
-78.4752 87.0699 167.68 -6.13214e-16 105.25 -131.915 
-78.4235 87.0553 167.68 -0 105.265 -131.953 
-78.368 87.0394 167.68 3.06652e-16 105.281 -131.994 
-78.3085 87.0224 167.68 -9.20031e-16 105.298 -132.039 
-78.2452 87.0042 167.68 9.20111e-16 105.316 -132.086 
-78.178 86.9848 167.68 9.20197e-16 105.336 -132.135 
-78.1071 86.9642 167.679 -0 105.356 -132.188 
-78.0325 86.9424 167.679 -3.06795e-16 105.378 -132.243 
-77.9543 86.9195 167.679 -0 105.401 -132.301 
-77.8724 86.8953 167.679 1.53432e-15 105.426 -132.361 
-77.787 86.87 167.679 3.06903e-16 105.451 -132.424 
-77.6982 86.8434 167.679 -6.13884e-16 105.478 -132.489 
-77.6059 86.8157 167.679 6.13967e-16 105.506 -132.557 
-77.5103 86.7867 167.678 6.14054e-16 105.535 -132.626 
-77.4114 86.7566 167.678 -1.22829e-15 105.565 -132.698 
-77.3093 86.7252 167.678 -3.07119e-16 105.597 -132.773 
-77.204 86.6926 167.678 -0 105.63 -132.849 
-77.0957 86.6588 167.678 3.0722e-16 105.664 -132.927 
-76.9844 86.6238 167.677 -0 105.699 -133.008 
-76.8702 86.5876 167.677 -1.22931e-15 105.735 -133.09 
-76.7531 86.5501 167.677 9.22155e-16 105.773 -133.174 
-76.6333 86.5114 167.676 3.07444e-16 105.812 -133.259 
-76.5108 86.4715 167.676 -0 105.852 -133.346 
-76.3857 86.4304 167.676 6.15137e-16 105.894 -133.435 
-76.2581 86.388 167.675 3.07634e-16 105.936 -133.526 
-76.128 86.3444 167.675 9.23104e-16 105.98 -133.617 
-75.9955 86.2996 167.675 9.23313e-16 106.026 -133.71 
-75.8608 86.2535 167.674 1.23137e-15 106.072 -133.804 
-75.7239 86.2062 167.674 -0 106.12 -133.9 
-75.5848 86.1576 167.673 -6.15986e-16 106.169 -133.996 
-75.4437 86.1078 167.673 -1.84843e-15 106.219 -134.094 
-75.3007 86.0567 167.672 6.16305e-16 106.271 -134.192 
-75.1558 86.0044 167.672 -6.16471e-16 106.324 -134.291 
-75.0091 85.9508 167.671 -6.16642e-16 106.378 -134.391 
-74.8606 85.896 167.671 -0 106.433 -134.492 
-74.7106 85.8399 167.67 -0 106.49 -134.593 
-74.559 85.7825 167.67 1.23437e-15 106.548 -134.694 
-74.406 85.7239 167.669 6.17374e-16 106.607 -134.796 
-74.2515 85.664 167.668 6.17569e-16 106.668 -134.899 
-74.0958 85.6028 167.668 -0 106.73 -135.001 
-73.9388 85.5404 167.667 6.17974e-16 106.793 -135.104 
-73.7807 85.4767 167.666 -6.18184e-16 106.857 -135.207 
-73.6215 85.4117 167.665 -6.184e-16 106.923 -135.31 
-73.4613 85.3454 167.664 1.23724e-15 106.99 -135.413 
-73.3002 85.2778 167.664 -0 107.059 -135.515 
-73.1382 85.209 167.663 6.19079e-16 107.128 -135.618 
-72.9755 85.1389 167.662 -6.19316e-16 107.199 -135.72 
-72.812 85.0675 167.661 6.19559e-16 107.272 -135.822 
-72.648 84.9948 167.66 -1.23962e-15 107.346 -135.923 
-72.4833 84.9208 167.659 -6.20062e-16 107.421 -136.024 
-72.3182 84.8455 167.657 -1.86097e-15 107.497 -136.125 
-72.1526 84.769 167.656 -0 107.575 -136.225 
-71.9866 84.6912 167.655 -6.2086e-16 107.654 -136.324 
-71.8204 84.612 167.654 -1.24228e-15 107.734 -136.422 
-71.6539 84.5316 167.652 6.21422e-16 107.816 -136.52 
-71.4872 84.4499 167.651 -0 107.899 -136.616 
-71.3204 84.3669 167.65 1.24402e-15 107.983 -136.712 
-71.1536 84.2826 167.648 -1.24462e-15 108.069 -136.807 
-70.9867 84.197 167.647 -6.22622e-16 108.156 -136.901 
-70.8199 84.1101 167.645 -6.22938e-16 108.245 -136.993 
-70.6531 84.0219 167.643 1.86978e-15 108.335 -137.085 
-70.4866 83.9324 167.642 1.24718e-15 108.426 -137.175 
-70.3202 83.8417 167.64 6.23927e-16 108.518 -137.264 
-70.1541 83.7496 167.638 -6.2427e-16 108.612 -137.352 
-69.9883 83.6563 167.636 -6.2462e-16 108.707 -137.438 
-69.8228 83.5616 167.634 -1.24996e-15 108.804 -137.523 
-69.6577 83.4657 167.632 -0 108.902 -137.607 
-69.493 83.3685 167.63 -1.25143e-15 109.001 -137.689 
-69.3288 83.27 167.628 1.25219e-15 109.102 -137.769 
-69.1651 83.1702 167.626 6.26482e-16 109.204 -137.848 
-69.002 83.0692 167.624 -0 109.307 -137.926 
-68.8394 82.9668 167.621 -6.27279e-16 109.412 -138.001 
-68.6775 82.8632 167.619 -0 109.518 -138.075 
-68.5162 82.7583 167.616 1.25622e-15 109.625 -138.148 
-68.3556 82.6521 167.614 1.8856e-15 109.734 -138.218 
-68.1957 82.5447 167.611 2.51588e-15 109.844 -138.287 
-68.0365 82.436 167.608 1.25883e-15 109.956 -138.354 
-67.8782 82.326 167.606 1.25973e-15 110.068 -138.42 
-67.7206 82.2147 167.603 -0 110.183 -138.483 
-67.5639 82.1022 167.6 -0 110.298 -138.544 
-67.408 81.9884 167.597 2.52508e-15 110.415 -138.604 
-67.253 81.8734 167.593 -1.26351e-15 110.533 -138.662 
-67.0988 81.7571 167.59 -1.26451e-15 110.653 -138.717 
-66.9456 81.6395 167.587 1.26551e-15 110.774 -138.771 
-66.7933 81.5207 167.583 -1.26654e-15 110.896 -138.823 
-66.642 81.4007 167.58 -1.26759e-15 111.02 -138.873 
-66.4917 81.2794 167.576 -2.53731e-15 111.144 -138.92 
-66.3423 81.1569 167.572 -1.26974e-15 111.271 -138.966 
-66.1939 81.0332 167.568 1.27085e-15 111.398 -139.01 
-66.0466 80.9082 167.564 -1.27197e-15 111.527 -139.051 
-65.9003 80.782 167.56 -2.54623e-15 111.658 -139.091 
-65.755 80.6546 167.556 -2.54856e-15 111.789 -139.128 
-65.6108 80.526 167.552 -2.55094e-15 111.922 -139.164 
-65.4676 80.3962 167.548 -1.27668e-15 112.056 -139.197 
-65.3256 80.2651 167.543 -0 112.192 -139.228 
-65.1846 80.1329 167.538 -0 112.329 -139.257 
-65.0447 79.9995 167.534 -1.28043e-15 112.467 -139.284 
-64.9058 79.8648 167.529 -0 112.606 -139.308 
-64.7681 79.729 167.524 2.56608e-15 112.747 -139.331 
-64.6315 79.5921 167.519 -3.85313e-15 112.889 -139.351 
-64.496 79.4539 167.513 -1.28574e-15 113.033 -139.369 
-64.3617 79.3146 167.508 2.57425e-15 113.178 -139.385 
-64.2284 79.1741 167.502 -0 113.324 -139.399 
-64.0963 79.0325 167.497 -1.28997e-15 113.471 -139.411 
-63.9653 78.8897 167.491 3.87429e-15 113.619 -139.42 
-63.8354 78.7458 167.485 -0 113.769 -139.427 
-63.7067 78.6008 167.479 2.58884e-15 113.92 -139.432 
-63.579 78.4546 167.473 -3.88786e-15 114.073 -139.435 
-63.4526 78.3073 167.466 2.59503e-15 114.226 -139.436 
-63.3272 78.1589 167.46 2.5982e-15 114.381 -139.435 
-63.203 78.0094 167.453 5.20284e-15 114.537 -139.431 
-63.0798 77.8588 167.446 1.30235e-15 114.695 -139.425 
-62.9579 77.7071 167.439 -0 114.854 -139.417 
-62.837 77.5543 167.432 -0 115.013 -139.407 
-62.7172 77.4005 167.425 1.30743e-15 115.175 -139.395 
-62.5986 77.2455 167.418 1.30918e-15 115.337 -139.38 
-62.4811 77.0896 167.41 1.31095e-15 115.501 -139.364 
-62.3647 76.9325 167.402 -0 115.665 -139.345 
-62.2494 76.7745 167.394 -0 115.831 -139.324 
-62.1352 76.6154 167.386 2.63292e-15 115.999 -139.301 
-62.022 76.4553 167.378 1.31836e-15 116.167 -139.275 
-61.91 76.2941 167.369 3.96085e-15 116.336 -139.248 
-61.7991 76.132 167.361 -1.32224e-15 116.507 -139.218 
-61.6892 75.9688 167.352 -0 116.679 -139.187 
-61.5804 75.8047 167.343 1.32625e-15 116.852 -139.153 
-61.4727 75.6396 167.334 2.6566e-15 117.027 -139.117 
-61.366 75.4735 167.324 1.33038e-15 117.202 -139.079 
-61.2604 75.3065 167.315 1.3325e-15 117.379 -139.039 
-61.1558 75.1385 167.305 -0 117.556 -138.997 
-61.0523 74.9696 167.295 1.33683e-15 117.735 -138.952 
-60.9498 74.7998 167.285 -1.33905e-15 117.915 -138.906 
-60.8483 74.629 167.275 -0 118.096 -138.857 
-60.7479 74.4573 167.264 -0 118.278 -138.807 
-60.6485 74.2847 167.254 2.69183e-15 118.462 -138.754 
-60.55 74.1113 167.243 -2.69655e-15 118.646 -138.7 
-60.4526 73.937 167.232 -2.70134e-15 118.831 -138.643 
-60.3561 73.7618 167.22 -2.7062e-15 119.018 -138.584 
-60.2606 73.5857 167.209 -0 119.206 -138.523 
-60.1661 73.4088 167.197 2.71615e-15 119.394 -138.46 
-60.0726 73.2311 167.185 -2.72124e-15 119.584 -138.396 
-59.98 73.0526 167.173 -0 119.775 -138.329 
-59.8884 72.8732 167.16 2.73166e-15 119.966 -138.26 
-59.7977 72.6931 167.148 -0 120.159 -138.189 
-59.7079 72.5121 167.135 2.74239e-15 120.353 -138.116 
-59.6191 72.3304 167.122 -0 120.548 -138.041 
-59.5312 72.148 167.108 -0 120.744 -137.965 
-59.4441 71.9648 167.095 -0 120.94 -137.886 
-59.358 71.7808 167.081 -2.76483e-15 121.138 -137.805 
-59.2728 71.5961 167.067 -2.77065e-15 121.337 -137.723 
-59.1884 71.4108 167.053 -0 121.536 -137.638 
-59.105 71.2247 167.038 -2.78255e-15 121.737 -137.552 
-59.0224 71.0379 167.024 5.57728e-15 121.939 -137.463 
-58.9406 70.8505 167.009 5.58962e-15 122.141 -137.373 
-58.8597 70.6624 166.993 -0 122.344 -137.281 
-58.7796 70.4737 166.978 -5.61486e-15 122.549 -137.187 
-58.7004 70.2843 166.962 -0 122.754 -137.091 
-58.622 70.0943 166.946 5.64084e-15 122.96 -136.993 
-58.5444 69.9037 166.93 -0 123.166 -136.893 
-58.4676 69.7125 166.913 -0 123.374 -136.792 
-58.3916 69.5208 166.896 2.84062e-15 123.583 -136.688 
-58.3164 69.3284 166.879 -2.84755e-15 123.792 -136.583 
-58.2419 69.1356 166.862 -5.70915e-15 124.002 -136.476 
-58.1683 68.9422 166.845 -0 124.213 -136.367 
-58.0954 68.7482 166.827 8.6068e-15 124.425 -136.256 
-58.0233 68.5538 166.809 5.75253e-15 124.638 -136.143 
-57.9519 68.3588 166.79 -0 124.851 -136.029 
-57.8812 68.1634 166.771 2.89125e-15 125.065 -135.913 
-57.8113 67.9675 166.752 2.8989e-15 125.28 -135.795 
-57.7421 67.7712 166.733 2.90666e-15 125.496 -135.675 
-57.6737 67.5744 166.714 -2.91453e-15 125.712 -135.554 
-57.6059 67.3772 166.694 2.92251e-15 125.929 -135.431 
-57.5388 67.1796 166.674 -0 126.147 -135.306 
-57.4725 66.9816 166.653 -0 126.365 -135.179 
-57.4068 66.7832 166.633 2.94712e-15 126.584 -135.05 
-57.3418 66.5844 166.612 5.91112e-15 126.804 -134.92 
-57.2775 66.3853 166.59 2.96411e-15 127.024 -134.788 
-57.2138 66.1859 166.569 -2.97278e-15 127.245 -134.655 
-57.1508 65.9861 166.547 -2.98158e-15 127.467 -134.519 
-57.0884 65.7861 166.525 -8.97147e-15 127.689 -134.382 
-57.0267 65.5857 166.502 -2.99953e-15 127.912 -134.243 
-56.9656 65.3851 166.479 3.00869e-15 128.136 -134.103 
-56.9052 65.1842 166.456 -0 128.36 -133.961 
-56.8454 64.9831 166.433 6.05478e-15 128.584 -133.817 
-56.7861 64.7817 166.409 -3.03693e-15 128.809 -133.672 
-56.7275 64.5801 166.385 -0 129.035 -133.524 
-56.6695 64.3784 166.36 -0 129.261 -133.376 
-56.6121 64.1764 166.336 3.06635e-15 129.488 -133.225 
-56.5552 63.9743 166.311 -6.15286e-15 129.715 -133.073 
-56.499 63.772 166.285 -0 129.943 -132.92 
-56.4434 63.57 166.26 3.09697e-15 130.17 -132.765 
-56.3887 63.369 166.234 6.21475e-15 130.397 -132.609 
-56.3348 63.1688 166.208 -0 130.623 -132.452 
-56.2817 62.9695 166.182 -3.12846e-15 130.849 -132.295 
-56.2294 62.7711 166.155 3.13914e-15 131.074 -132.137 
-56.1778 62.5735 166.129 -0 131.298 -131.978 
-56.127 62.3769 166.102 -6.32151e-15 131.521 -131.818 
-56.0769 62.1811 166.075 3.1717e-15 131.744 -131.658 
-56.0276 61.9862 166.048 -0 131.966 -131.497 
-55.9789 61.7922 166.02 -0 132.188 -131.335 
-55.9309 61.599 165.993 -0 132.408 -131.172 
-55.8836 61.4068 165.965 -3.21637e-15 132.628 -131.009 
-55.8369 61.2154 165.937 -0 132.848 -130.845 
-55.7909 61.025 165.909 -0 133.066 -130.681 
-55.7455 60.8354 165.881 3.25083e-15 133.284 -130.516 
-55.7008 60.6467 165.852 -3.2625e-15 133.501 -130.35 
-55.6566 60.4589 165.823 3.27426e-15 133.718 -130.184 
-55.613 60.272 165.795 -3.28612e-15 133.933 -130.017 
-55.5701 60.086 165.766 6.59613e-15 134.148 -129.85 
-55.5276 59.9008 165.736 6.62022e-15 134.363 -129.682 
-55.4858 59.7166 165.707 6.64449e-15 134.576 -129.513 
-55.4445 59.5332 165.677 -0 134.789 -129.344 
-55.4037 59.3507 165.648 -6.69361e-15 135.002 -129.174 
-55.3634 59.1691 165.618 -0 135.213 -129.004 
-55.3237 58.9884 165.588 6.7435e-15 135.424 -128.833 
-55.2845 58.8086 165.557 -0 135.634 -128.662 
-55.2457 58.6297 165.527 -0 135.843 -128.49 
-55.2075 58.4516 165.496 -0 136.052 -128.318 
-55.1697 58.2745 165.466 6.84559e-15 136.26 -128.145 
-55.1324 58.0982 165.435 -6.8716e-15 136.467 -127.972 
-55.0956 57.9228 165.404 -0 136.674 -127.798 
-55.0592 57.7483 165.372 -6.92422e-15 136.879 -127.624 
-55.0232 57.5747 165.341 -6.95083e-15 137.084 -127.45 
-54.9877 57.4019 165.309 6.97764e-15 137.289 -127.275 
-54.9527 57.23 165.278 7.00466e-15 137.492 -127.099 
-54.918 57.059 165.246 -0 137.695 -126.924 
-54.8838 56.8889 165.214 -7.05929e-15 137.897 -126.747 
-54.8499 56.7196 165.181 7.08691e-15 138.099 -126.571 
-54.8165 56.5513 165.149 7.11474e-15 138.3 -126.394 
-54.7834 56.3837 165.116 -7.14278e-15 138.5 -126.216 
-54.7508 56.2171 165.084 -0 138.699 -126.039 
-54.7185 56.0513 165.051 -0 138.898 -125.86 
-54.6866 55.8864 165.018 -7.22814e-15 139.096 -125.682 
-54.655 55.7224 164.985 7.25701e-15 139.293 -125.503 
-54.6238 55.5592 164.951 -0 139.489 -125.324 
-54.593 55.3968 164.918 -0 139.685 -125.144 
-54.5625 55.2354 164.884 -7.34492e-15 139.88 -124.964 
-54.5324 55.0748 164.851 7.37466e-15 140.075 -124.784 
-54.5025 54.915 164.817 -1.48092e-14 140.268 -124.603 
-54.4731 54.7561 164.783 -0 140.461 -124.422 
-54.4439 54.598 164.748 7.46517e-15 140.654 -124.241 
-54.4151 54.4408 164.714 7.49579e-15 140.845 -124.059 
-54.3865 54.2844 164.679 -0 141.036 -123.877 
-54.3583 54.1289 164.645 7.55768e-15 141.226 -123.695 
-54.3304 53.9742 164.61 -0 141.416 -123.512 
-54.3028 53.8204 164.575 -0 141.605 -123.329 
-54.2755 53.6674 164.54 -0 141.793 -123.146 
-54.2484 53.5152 164.505 -0 141.98 -122.963 
-54.2217 53.3638 164.469 7.7164e-15 142.167 -122.779 
-54.1952 53.2133 164.434 -7.74883e-15 142.353 -122.595 
-54.169 53.0636 164.398 -7.7815e-15 142.538 -122.411 
-54.1431 52.9147 164.362 -7.81441e-15 142.723 -122.226 
-54.1175 52.7667 164.327 7.84755e-15 142.907 -122.041 
-54.0921 52.6194 164.291 -7.88093e-15 143.09 -121.856 
-54.067 52.473 164.254 7.91456e-15 143.273 -121.671 
-54.0421 52.3274 164.218 -7.94842e-15 143.455 -121.485 
-54.0175 52.1826 164.182 -7.98253e-15 143.636 -121.3 
-53.9931 52.0386 164.145 -0 143.816 -121.113 
-53.969 51.8954 164.108 -0 143.996 -120.927 
-53.9451 51.753 164.071 -0 144.175 -120.741 
-53.9214 51.6114 164.035 1.62429e-14 144.354 -120.554 
-53.898 51.4706 163.997 8.15679e-15 144.532 -120.367 
-53.8748 51.3306 163.96 -8.19239e-15 144.709 -120.179 
-53.8519 51.1914 163.923 -8.22826e-15 144.886 -119.992 
-53.8291 51.053 163.885 -8.26438e-15 145.062 -119.804 
-53.8066 50.9153 163.848 -0 145.237 -119.616 
-53.7843 50.7785 163.81 8.3374e-15 145.411 -119.428 
-53.7623 50.6424 163.772 -0 145.585 -119.24 
-53.7404 50.5071 163.734 -8.41147e-15 145.759 -119.051 
-53.7187 50.3725 163.696 -8.44891e-15 145.931 -118.862 
-53.6973 50.2388 163.658 1.69732e-14 146.103 -118.673 
-53.676 50.1058 163.62 -0 146.275 -118.484 
-53.6549 49.9735 163.581 -0 146.445 -118.295 
-53.6341 49.842 163.543 -0 146.615 -118.105 
-53.6134 49.7113 163.504 8.64018e-15 146.785 -117.915 
-53.5929 49.5813 163.465 -1.73585e-14 146.954 -117.725 
-53.5726 49.4521 163.426 8.71863e-15 147.122 -117.535 
-53.5525 49.3236 163.387 -0 147.289 -117.345 
-53.5326 49.1959 163.348 -0 147.456 -117.154 
-53.5129 49.0689 163.309 -1.76769e-14 147.622 -116.963 
-53.4933 48.9426 163.269 8.87895e-15 147.788 -116.772 
-53.4739 48.8171 163.23 8.91976e-15 147.953 -116.581 
-53.4547 48.6923 163.19 -1.79217e-14 148.117 -116.39 
-53.4357 48.5682 163.151 -0 148.281 -116.199 
-53.4168 48.4449 163.111 1.8088e-14 148.444 -116.007 
-53.3981 48.3223 163.071 -0 148.607 -115.815 
-53.3795 48.2003 163.031 -9.1283e-15 148.769 -115.623 
-53.3612 48.0792 162.991 9.17092e-15 148.93 -115.431 
-53.343 47.9587 162.951 -0 149.091 -115.239 
-53.3249 47.8389 162.91 -0 149.251 -115.047 
-53.307 47.7198 162.87 9.30066e-15 149.41 -114.854 
-53.2892 47.6015 162.829 -9.34454e-15 149.569 -114.661 
-53.2716 47.4838 162.789 -1.87775e-14 149.728 -114.469 
-53.2542 47.3669 162.748 -9.43327e-15 149.885 -114.275 
-53.2369 47.2506 162.707 9.47812e-15 150.043 -114.082 
-53.2197 47.135 162.666 -9.5233e-15 150.199 -113.889 
-53.2027 47.0201 162.625 -0 150.355 -113.696 
-53.1859 46.9059 162.584 -0 150.51 -113.502 
-53.1691 46.7923 162.542 -9.66087e-15 150.665 -113.308 
-53.1526 46.6795 162.501 -0 150.819 -113.114 
-53.1361 46.5673 162.46 -9.75428e-15 150.973 -112.92 
-53.1198 46.4558 162.418 1.9603e-14 151.126 -112.726 
-53.1036 46.3449 162.376 -0 151.279 -112.532 
-53.0876 46.2347 162.335 9.89702e-15 151.431 -112.337 
-53.0717 46.1252 162.293 9.94532e-15 151.582 -112.143 
-53.0559 46.0163 162.251 -9.99397e-15 151.733 -111.948 
-53.0402 45.9081 162.209 -0 151.883 -111.753 
-53.0247 45.8005 162.167 -1.00924e-14 152.033 -111.558 
-53.0093 45.6936 162.124 1.01421e-14 152.182 -111.363 
-52.994 45.5873 162.082 -0 152.331 -111.168 
-52.9788 45.4817 162.04 1.02428e-14 152.479 -110.973 
-52.9638 45.3767 161.997 -2.05874e-14 152.626 -110.777 
-52.9489 45.2723 161.954 -0 152.773 -110.582 
-52.934 45.1686 161.912 1.03967e-14 152.92 -110.386 
-52.9194 45.0655 161.869 -0 153.066 -110.19 
-52.9048 44.963 161.826 2.10024e-14 153.211 -109.995 
-52.8903 44.8611 161.783 1.05541e-14 153.356 -109.799 
-52.876 44.7599 161.74 -1.06073e-14 153.5 -109.602 
-52.8617 44.6592 161.697 -0 153.644 -109.406 
-52.8476 44.5592 161.654 -0 153.787 -109.21 
-52.8336 44.4598 161.61 -1.07696e-14 153.93 -109.013 
-52.8197 44.361 161.567 1.08246e-14 154.072 -108.817 
-52.8058 44.2628 161.524 2.17599e-14 154.214 -108.62 
-52.7921 44.1652 161.48 -1.09358e-14 154.355 -108.423 
-52.7785 44.0682 161.436 1.0992e-14 154.495 -108.227 
-52.765 43.9718 161.393 -0 154.636 -108.03 
-52.7516 43.876 161.349 -1.11058e-14 154.775 -107.833 
-52.7383 43.7808 161.305 -0 154.914 -107.635 
-52.7251 43.6861 161.261 -0 155.053 -107.438 
-52.712 43.592 161.217 -2.25598e-14 155.191 -107.241 
-52.699 43.4986 161.173 -1.13389e-14 155.329 -107.043 
-52.6861 43.4056 161.128 -1.13983e-14 155.466 -106.846 
-52.6733 43.3133 161.084 1.14582e-14 155.603 -106.648 
-52.6606 43.2215 161.04 -0 155.739 -106.45 
-52.648 43.1303 160.995 -0 155.874 -106.252 
-52.6354 43.0397 160.951 -0 156.01 -106.055 
-52.623 42.9496 160.906 -1.17026e-14 156.144 -105.856 
-52.6106 42.8601 160.861 -1.1765e-14 156.278 -105.658 
-52.5983 42.7711 160.817 -1.18279e-14 156.412 -105.46 
-52.5862 42.6827 160.772 -0 156.545 -105.262 
-52.5741 42.5948 160.727 -0 156.678 -105.064 
-52.5621 42.5075 160.682 1.20196e-14 156.811 -104.865 
-52.5501 42.4207 160.637 -1.20845e-14 156.942 -104.667 
-52.5383 42.3345 160.592 -0 157.074 -104.468 
-52.5265 42.2488 160.546 -1.2216e-14 157.205 -104.269 
-52.5149 42.1636 160.501 -1.22826e-14 157.335 -104.07 
-52.5033 42.0789 160.456 -0 157.465 -103.871 
