52.6694 38.365 146.13 3.6232e-13 175.505 53.2761 
52.6691 38.3651 146.131 1.2076e-13 175.504 53.2768 
52.6686 38.3652 146.131 2.41477e-13 175.503 53.2779 
52.6679 38.3653 146.132 1.20708e-13 175.502 53.2794 
52.6671 38.3654 146.134 -0 175.501 53.2814 
52.666 38.3656 146.135 -0 175.499 53.2838 
52.6647 38.3658 146.137 -0 175.497 53.2867 
52.6632 38.3661 146.139 -1.20499e-13 175.494 53.29 
52.6616 38.3664 146.142 -1.20425e-13 175.492 53.2938 
52.6597 38.3667 146.145 1.20343e-13 175.489 53.298 
52.6576 38.367 146.148 -0 175.485 53.3026 
52.6554 38.3674 146.151 -0 175.481 53.3077 
52.6529 38.3678 146.155 -1.20045e-13 175.477 53.3132 
52.6502 38.3683 146.159 -2.39857e-13 175.473 53.3192 
52.6474 38.3688 146.163 -1.19804e-13 175.468 53.3256 
52.6443 38.3693 146.168 -0 175.463 53.3324 
52.6411 38.3698 146.172 -1.1953e-13 175.458 53.3397 
52.6376 38.3704 146.177 -0 175.452 53.3474 
52.634 38.3711 146.183 -1.19223e-13 175.446 53.3556 
52.6301 38.3717 146.189 -0 175.44 53.3642 
52.6261 38.3724 146.195 1.18883e-13 175.433 53.3733 
52.6218 38.3731 146.201 -0 175.426 53.3828 
52.6174 38.3739 146.207 -1.18512e-13 175.419 53.3928 
52.6128 38.3747 146.214 2.36629e-13 175.411 53.4032 
52.6079 38.3755 146.221 1.18109e-13 175.403 53.414 
52.6029 38.3764 146.229 -0 175.395 53.4253 
52.5976 38.3773 146.237 1.17676e-13 175.386 53.437 
52.5922 38.3783 146.245 -0 175.377 53.4492 
52.5865 38.3793 146.253 1.17213e-13 175.368 53.4618 
52.5807 38.3803 146.262 -0 175.358 53.4749 
52.5746 38.3813 146.27 -3.50163e-13 175.348 53.4884 
52.5684 38.3824 146.28 -0 175.338 53.5024 
52.5619 38.3836 146.289 -1.162e-13 175.327 53.5168 
52.5553 38.3847 146.299 -1.15929e-13 175.316 53.5317 
52.5484 38.3859 146.309 -1.15652e-13 175.305 53.547 
52.5414 38.3872 146.319 -0 175.294 53.5627 
52.5341 38.3885 146.33 -0 175.282 53.5789 
52.5266 38.3898 146.341 -1.14779e-13 175.269 53.5956 
52.5189 38.3912 146.352 1.14475e-13 175.257 53.6127 
52.5111 38.3926 146.364 1.14165e-13 175.244 53.6303 
52.503 38.394 146.375 1.13848e-13 175.231 53.6483 
52.4947 38.3955 146.387 -0 175.217 53.6667 
52.4862 38.3971 146.4 -1.13197e-13 175.203 53.6856 
52.4775 38.3987 146.412 -1.12863e-13 175.189 53.705 
52.4686 38.4003 146.425 -0 175.174 53.7248 
52.4594 38.4019 146.439 1.12177e-13 175.159 53.7451 
52.4501 38.4036 146.452 1.11825e-13 175.144 53.7658 
52.4406 38.4054 146.466 1.11469e-13 175.129 53.787 
52.4308 38.4072 146.48 1.11107e-13 175.113 53.8086 
52.4209 38.409 146.495 -0 175.096 53.8307 
52.4107 38.4109 146.509 1.10367e-13 175.08 53.8532 
52.4003 38.4128 146.524 1.0999e-13 175.063 53.8762 
52.3897 38.4148 146.539 -0 175.046 53.8997 
52.3789 38.4169 146.555 -0 175.028 53.9236 
52.3679 38.4189 146.571 2.17661e-13 175.01 53.948 
52.3566 38.421 146.587 -2.1687e-13 174.992 53.9728 
52.3452 38.4232 146.603 -2.1607e-13 174.973 53.9981 
52.3335 38.4254 146.62 -1.07631e-13 174.954 54.0238 
52.3216 38.4277 146.637 -0 174.935 54.05 
52.3095 38.43 146.654 3.2043e-13 174.916 54.0767 
52.2972 38.4324 146.672 -0 174.896 54.1039 
52.2847 38.4348 146.69 -1.05974e-13 174.875 54.1315 
52.2719 38.4373 146.708 -2.11101e-13 174.855 54.1595 
52.2589 38.4398 146.726 1.05124e-13 174.834 54.1881 
52.2457 38.4424 146.745 -0 174.812 54.2171 
52.2323 38.445 146.764 -1.04259e-13 174.791 54.2465 
52.2187 38.4477 146.783 -1.03823e-13 174.769 54.2764 
52.2048 38.4505 146.803 2.06765e-13 174.747 54.3068 
52.1907 38.4533 146.823 -0 174.724 54.3377 
52.1764 38.4561 146.843 -1.02494e-13 174.701 54.369 
52.1618 38.4591 146.863 -1.02046e-13 174.678 54.4009 
52.1471 38.462 146.884 -0 174.654 54.4331 
52.1321 38.4651 146.905 -1.01142e-13 174.63 54.4659 
52.1169 38.4682 146.926 -0 174.605 54.4991 
52.1014 38.4713 146.948 -0 174.581 54.5328 
52.0857 38.4746 146.97 -9.97679e-14 174.556 54.567 
52.0698 38.4778 146.992 -0 174.53 54.6016 
52.0537 38.4812 147.014 9.88416e-14 174.504 54.6368 
52.0373 38.4846 147.037 -0 174.478 54.6724 
52.0207 38.4881 147.06 -9.79079e-14 174.452 54.7085 
52.0038 38.4916 147.083 -0 174.425 54.745 
51.9867 38.4952 147.107 9.69677e-14 174.398 54.7821 
51.9694 38.4989 147.131 -0 174.37 54.8196 
51.9518 38.5026 147.155 -9.60218e-14 174.343 54.8576 
51.934 38.5064 147.179 9.5547e-14 174.314 54.8961 
51.916 38.5103 147.204 -0 174.286 54.9351 
51.8977 38.5143 147.229 9.4594e-14 174.257 54.9746 
51.8792 38.5183 147.254 -0 174.228 55.0145 
51.8604 38.5224 147.28 -9.36372e-14 174.198 55.055 
51.8414 38.5266 147.305 -0 174.168 55.0959 
51.8221 38.5308 147.332 1.85354e-13 174.138 55.1374 
51.8026 38.5351 147.358 -9.21963e-14 174.107 55.1793 
51.7828 38.5395 147.385 -9.17149e-14 174.076 55.2217 
51.7628 38.544 147.411 -0 174.045 55.2646 
51.7425 38.5486 147.439 -9.07509e-14 174.013 55.308 
51.722 38.5532 147.466 -0 173.981 55.352 
51.7012 38.5579 147.494 8.97858e-14 173.948 55.3964 
51.6802 38.5627 147.522 8.9303e-14 173.915 55.4413 
51.6589 38.5676 147.55 8.88202e-14 173.882 55.4867 
51.6373 38.5726 147.579 -8.83375e-14 173.849 55.5326 
51.6155 38.5777 147.608 -1.7571e-13 173.815 55.579 
51.5935 38.5828 147.637 -8.73724e-14 173.78 55.626 
51.5711 38.588 147.666 -8.68902e-14 173.746 55.6734 
51.5485 38.5933 147.696 8.64083e-14 173.711 55.7214 
51.5257 38.5988 147.726 8.59269e-14 173.675 55.7698 
51.5025 38.6043 147.756 -8.54458e-14 173.64 55.8188 
51.4791 38.6098 147.787 -1.69931e-13 173.603 55.8683 
51.4555 38.6155 147.818 -0 173.567 55.9183 
51.4315 38.6213 147.849 1.68012e-13 173.53 55.9688 
51.4073 38.6272 147.88 -8.35275e-14 173.493 56.0198 
51.3828 38.6332 147.912 -8.30497e-14 173.455 56.0714 
51.358 38.6393 147.943 -8.25727e-14 173.417 56.1235 
51.333 38.6454 147.976 -1.64193e-13 173.379 56.1761 
51.3076 38.6517 148.008 -8.16214e-14 173.34 56.2292 
51.282 38.6581 148.041 -8.11472e-14 173.301 56.2829 
51.2561 38.6646 148.074 -0 173.262 56.337 
51.2299 38.6712 148.107 8.02018e-14 173.222 56.3918 
51.2035 38.6779 148.141 7.97308e-14 173.182 56.447 
51.1767 38.6847 148.174 -0 173.141 56.5028 
51.1497 38.6916 148.208 -0 173.1 56.5591 
51.1223 38.6986 148.243 7.83251e-14 173.059 56.616 
51.0947 38.7058 148.277 -7.78591e-14 173.017 56.6734 
51.0667 38.713 148.312 -0 172.975 56.7313 
51.0385 38.7204 148.347 -0 172.932 56.7898 
51.01 38.7279 148.383 -7.64692e-14 172.889 56.8488 
50.9811 38.7355 148.419 -1.52018e-13 172.846 56.9084 
50.952 38.7432 148.455 -7.55499e-14 172.802 56.9685 
50.9225 38.7511 148.491 -0 172.758 57.0292 
50.8927 38.759 148.527 -7.46368e-14 172.714 57.0904 
50.8627 38.7671 148.564 -7.41826e-14 172.669 57.1522 
50.8323 38.7754 148.601 -7.373e-14 172.624 57.2146 
50.8016 38.7837 148.638 1.46558e-13 172.578 57.2775 
50.7706 38.7922 148.676 -0 172.532 57.341 
50.7392 38.8008 148.714 -0 172.486 57.405 
50.7075 38.8096 148.752 -7.19367e-14 172.439 57.4696 
50.6756 38.8185 148.79 -1.42986e-13 172.391 57.5348 
50.6432 38.8275 148.829 1.42101e-13 172.344 57.6005 
50.6106 38.8366 148.868 -0 172.296 57.6669 
50.5776 38.8459 148.907 -0 172.247 57.7338 
50.5443 38.8554 148.946 -6.97353e-14 172.199 57.8012 
50.5106 38.865 148.986 -6.93006e-14 172.149 57.8693 
50.4767 38.8747 149.026 -1.37736e-13 172.1 57.9379 
50.4423 38.8846 149.066 -6.8437e-14 172.05 58.0072 
50.4076 38.8946 149.106 -0 171.999 58.077 
50.3726 38.9048 149.147 -6.75812e-14 171.948 58.1474 
50.3372 38.9151 149.188 -6.71563e-14 171.897 58.2184 
50.3015 38.9256 149.229 -1.33467e-13 171.845 58.29 
50.2654 38.9363 149.271 -0 171.793 58.3622 
50.229 38.9471 149.312 6.58935e-14 171.741 58.4351 
50.1922 38.9581 149.354 -0 171.688 58.5085 
50.155 38.9692 149.397 6.50619e-14 171.634 58.5825 
50.1175 38.9805 149.439 -6.46492e-14 171.58 58.6571 
50.0796 38.992 149.482 6.42386e-14 171.526 58.7324 
50.0413 39.0036 149.525 -1.9149e-13 171.472 58.8083 
50.0027 39.0154 149.568 -0 171.417 58.8847 
49.9636 39.0274 149.612 -0 171.361 58.9619 
49.9242 39.0396 149.655 -6.26171e-14 171.305 59.0396 
49.8844 39.0519 149.699 -0 171.249 59.118 
49.8442 39.0644 149.744 -6.18191e-14 171.192 59.197 
49.8037 39.0771 149.788 1.22847e-13 171.135 59.2766 
49.7627 39.09 149.833 -0 171.077 59.3569 
49.7213 39.1031 149.878 -0 171.019 59.4378 
49.6795 39.1164 149.923 6.02488e-14 170.961 59.5194 
49.6374 39.1298 149.969 -5.98616e-14 170.902 59.6016 
49.5948 39.1435 150.014 5.94766e-14 170.842 59.6845 
49.5518 39.1573 150.06 5.90937e-14 170.782 59.768 
49.5084 39.1714 150.107 5.87131e-14 170.722 59.8522 
49.4645 39.1856 150.153 5.83346e-14 170.661 59.937 
49.4203 39.2001 150.2 5.79582e-14 170.6 60.0226 
49.3756 39.2147 150.247 5.75841e-14 170.539 60.1088 
49.3305 39.2296 150.294 -5.72121e-14 170.476 60.1956 
49.285 39.2447 150.341 -5.68422e-14 170.414 60.2832 
49.239 39.26 150.389 -5.64746e-14 170.351 60.3714 
49.1926 39.2755 150.437 -0 170.287 60.4603 
49.1457 39.2912 150.485 5.57458e-14 170.224 60.5499 
49.0984 39.3072 150.534 -0 170.159 60.6402 
49.0506 39.3234 150.582 -0 170.094 60.7312 
49.0024 39.3398 150.631 -0 170.029 60.8229 
48.9537 39.3564 150.68 -0 169.963 60.9153 
48.9045 39.3733 150.73 5.39619e-14 169.897 61.0085 
48.8549 39.3904 150.779 -5.36116e-14 169.83 61.1023 
48.8048 39.4078 150.829 -5.32635e-14 169.763 61.1969 
48.7542 39.4253 150.879 -0 169.695 61.2921 
48.7031 39.4432 150.93 -0 169.627 61.3881 
48.6516 39.4613 150.98 1.04464e-13 169.559 61.4849 
48.5995 39.4796 151.031 -0 169.49 61.5824 
48.547 39.4982 151.082 -5.15549e-14 169.42 61.6806 
48.4939 39.517 151.133 -5.12195e-14 169.35 61.7796 
48.4403 39.5361 151.185 5.08863e-14 169.279 61.8793 
48.3863 39.5555 151.236 5.05553e-14 169.208 61.9798 
48.3317 39.5751 151.288 5.02263e-14 169.137 62.081 
48.2766 39.595 151.34 -4.98994e-14 169.065 62.1831 
48.2209 39.6152 151.393 -4.95746e-14 168.992 62.2858 
48.1647 39.6357 151.445 4.92519e-14 168.919 62.3894 
48.108 39.6564 151.498 4.89313e-14 168.846 62.4938 
48.0507 39.6774 151.551 4.86128e-14 168.772 62.5989 
47.9929 39.6987 151.604 4.82963e-14 168.697 62.7048 
47.9346 39.7203 151.658 -4.79819e-14 168.622 62.8116 
47.8756 39.7421 151.711 -0 168.546 62.9191 
47.8162 39.7643 151.765 4.73592e-14 168.47 63.0275 
47.7562 39.7867 151.819 -4.70517e-14 168.394 63.1364 
47.696 39.8093 151.873 -0 168.317 63.2455 
47.6356 39.8321 151.927 -0 168.241 63.355 
47.5748 39.8551 151.981 -0 168.164 63.4647 
47.5138 39.8783 152.035 -0 168.087 63.5747 
47.4525 39.9016 152.088 4.55657e-14 168.01 63.685 
47.3909 39.9252 152.142 -4.52785e-14 167.933 63.7956 
47.329 39.9489 152.196 -4.49944e-14 167.855 63.9065 
47.2669 39.9728 152.249 4.47134e-14 167.778 64.0176 
47.2044 39.997 152.303 -8.88711e-14 167.7 64.1291 
47.1416 40.0213 152.356 -4.41607e-14 167.622 64.2408 
47.0786 40.0458 152.41 -0 167.545 64.3528 
47.0153 40.0705 152.463 -0 167.467 64.4651 
46.9516 40.0954 152.516 -0 167.388 64.5778 
46.8877 40.1205 152.569 4.30906e-14 167.31 64.6907 
46.8235 40.1458 152.623 4.28302e-14 167.232 64.8039 
46.7589 40.1713 152.676 -0 167.153 64.9174 
46.6941 40.197 152.729 -0 167.074 65.0312 
46.6289 40.2229 152.782 -4.20653e-14 166.995 65.1454 
46.5635 40.249 152.835 -0 166.916 65.2598 
46.4977 40.2753 152.888 -4.15685e-14 166.837 65.3746 
46.4316 40.3018 152.94 -0 166.758 65.4896 
46.3652 40.3285 152.993 -0 166.678 65.605 
46.2985 40.3554 153.046 -0 166.599 65.7207 
46.2314 40.3825 153.098 -0 166.519 65.8367 
46.1641 40.4098 153.151 -8.0741e-14 166.439 65.9531 
46.0964 40.4373 153.204 -4.01381e-14 166.359 66.0698 
46.0284 40.465 153.256 -0 166.279 66.1868 
45.96 40.4929 153.308 3.96803e-14 166.199 66.3041 
45.8914 40.521 153.361 -3.94548e-14 166.118 66.4217 
45.8224 40.5494 153.413 -0 166.038 66.5397 
45.753 40.5779 153.465 3.90104e-14 165.957 66.658 
45.6834 40.6067 153.517 -0 165.876 66.7767 
45.6134 40.6356 153.569 -0 165.795 66.8957 
45.543 40.6648 153.621 3.836e-14 165.714 67.015 
45.4723 40.6941 153.673 -0 165.632 67.1347 
45.4013 40.7237 153.725 -0 165.551 67.2547 
45.3299 40.7535 153.777 3.77282e-14 165.469 67.3751 
45.2581 40.7835 153.829 7.50433e-14 165.388 67.4958 
45.186 40.8137 153.881 -0 165.306 67.6169 
45.1136 40.8442 153.932 -0 165.224 67.7383 
45.0408 40.8748 153.984 -0 165.141 67.8601 
44.9676 40.9057 154.035 3.67146e-14 165.059 67.9823 
44.8941 40.9367 154.087 -7.30351e-14 164.976 68.1048 
44.8202 40.968 154.138 -0 164.894 68.2277 
44.7459 40.9995 154.19 -3.61289e-14 164.811 68.3509 
44.6713 41.0313 154.241 3.59372e-14 164.728 68.4745 
44.5962 41.0632 154.292 3.57473e-14 164.645 68.5985 
44.5209 41.0954 154.343 -0 164.562 68.7229 
44.4451 41.1277 154.394 -0 164.478 68.8476 
44.369 41.1603 154.445 -0 164.395 68.9728 
44.2924 41.1931 154.496 -0 164.311 69.0983 
44.2155 41.2262 154.547 -0 164.227 69.2242 
44.1382 41.2594 154.598 -0 164.143 69.3505 
44.0605 41.2929 154.648 3.44652e-14 164.059 69.4771 
43.9824 41.3266 154.699 3.42885e-14 163.974 69.6042 
43.904 41.3605 154.75 -0 163.89 69.7317 
43.8251 41.3946 154.8 3.39399e-14 163.805 69.8595 
43.7458 41.429 154.851 6.75356e-14 163.72 69.9878 
43.6661 41.4636 154.901 -0 163.635 70.1165 
43.586 41.4984 154.951 -0 163.55 70.2455 
43.5055 41.5334 155.001 -0 163.465 70.375 
43.4246 41.5687 155.052 3.30945e-14 163.38 70.5049 
43.3433 41.6042 155.102 3.29297e-14 163.294 70.6352 
43.2615 41.6399 155.152 -0 163.208 70.766 
43.1793 41.6758 155.202 -0 163.123 70.8971 
43.0967 41.712 155.251 -0 163.037 71.0287 
43.0137 41.7484 155.301 -3.22848e-14 162.95 71.1607 
42.9302 41.785 155.351 -0 162.864 71.2932 
42.8463 41.8219 155.401 -0 162.777 71.426 
42.762 41.859 155.45 -0 162.691 71.5594 
42.6772 41.8963 155.5 -0 162.604 71.6931 
42.592 41.9338 155.549 -3.15088e-14 162.517 71.8273 
42.5064 41.9716 155.598 -0 162.43 71.9619 
42.4203 42.0096 155.648 -3.12074e-14 162.343 72.097 
42.3337 42.0479 155.697 -0 162.255 72.2326 
42.2467 42.0863 155.746 -0 162.168 72.3686 
42.1592 42.125 155.795 -3.07645e-14 162.08 72.505 
42.0713 42.164 155.844 -3.06193e-14 161.992 72.6419 
41.9829 42.2032 155.893 -0 161.904 72.7793 
41.894 42.2426 155.942 3.03324e-14 161.816 72.9172 
41.8047 42.2822 155.99 -0 161.727 73.0555 
41.7149 42.3221 156.039 -0 161.639 73.1943 
41.6246 42.3622 156.088 -0 161.55 73.3336 
41.5338 42.4025 156.136 2.97723e-14 161.461 73.4733 
41.4426 42.4431 156.185 -0 161.372 73.6136 
41.3508 42.4839 156.233 -2.9499e-14 161.283 73.7543 
41.2586 42.525 156.281 -0 161.194 73.8955 
41.1658 42.5663 156.329 -2.923e-14 161.105 74.0372 
41.0726 42.6078 156.377 -2.90971e-14 161.015 74.1794 
40.9789 42.6496 156.425 -0 160.925 74.3222 
40.8846 42.6916 156.473 -2.88344e-14 160.835 74.4654 
40.7899 42.7338 156.521 -0 160.745 74.6091 
40.6946 42.7763 156.569 -0 160.655 74.7534 
40.5988 42.819 156.616 -2.84481e-14 160.565 74.8981 
40.5025 42.862 156.664 -2.83213e-14 160.474 75.0434 
40.4057 42.9052 156.711 -2.81955e-14 160.383 75.1892 
40.3083 42.9486 156.759 -0 160.293 75.3356 
40.2104 42.9923 156.806 -2.79468e-14 160.202 75.4824 
40.112 43.0362 156.853 -0 160.11 75.6298 
40.0131 43.0804 156.901 -0 160.019 75.7778 
39.9136 43.1248 156.948 -0 159.928 75.9263 
39.8135 43.1694 156.995 -0 159.836 76.0753 
39.7129 43.2143 157.041 -0 159.744 76.2249 
39.6117 43.2594 157.088 2.72232e-14 159.652 76.375 
39.51 43.3048 157.135 -0 159.56 76.5257 
39.4077 43.3504 157.182 -0 159.468 76.677 
39.3049 43.3962 157.228 2.68737e-14 159.376 76.8288 
39.2015 43.4423 157.274 -0 159.283 76.9812 
39.0975 43.4886 157.321 -0 159.191 77.1342 
38.9929 43.5352 157.367 2.6532e-14 159.098 77.2878 
38.8878 43.582 157.413 -0 159.005 77.4419 
38.782 43.629 157.459 2.63085e-14 158.912 77.5966 
38.6757 43.6763 157.505 -2.61979e-14 158.818 77.7519 
38.5687 43.7238 157.551 -0 158.725 77.9079 
38.4612 43.7716 157.597 -0 158.632 78.0644 
38.3531 43.8196 157.643 -0 158.538 78.2215 
38.2443 43.8678 157.688 2.5764e-14 158.444 78.3792 
38.135 43.9163 157.734 -0 158.35 78.5376 
38.025 43.9651 157.779 -0 158.256 78.6965 
37.9144 44.014 157.824 2.54469e-14 158.162 78.8561 
37.8032 44.0632 157.869 -0 158.067 79.0163 
37.6913 44.1127 157.915 -2.52393e-14 157.973 79.1771 
37.5788 44.1624 157.96 -0 157.878 79.3386 
37.4657 44.2123 158.004 -2.50348e-14 157.783 79.5007 
37.3519 44.2625 158.049 -0 157.688 79.6635 
37.2375 44.3129 158.094 2.48332e-14 157.593 79.8269 
37.1224 44.3635 158.139 -2.47336e-14 157.498 79.991 
37.0066 44.4144 158.183 -0 157.403 80.1557 
36.8902 44.4655 158.227 2.45364e-14 157.307 80.3211 
36.7732 44.5169 158.272 -0 157.211 80.4871 
36.6554 44.5685 158.316 2.4342e-14 157.116 80.6539 
36.537 44.6203 158.36 2.42459e-14 157.02 80.8213 
36.4179 44.6723 158.404 -0 156.924 80.9894 
36.2981 44.7247 158.448 -0 156.828 81.1581 
36.1776 44.7772 158.492 -0 156.731 81.3276 
36.0564 44.83 158.535 -2.38683e-14 156.635 81.4978 
35.9345 44.883 158.579 -0 156.538 81.6686 
35.812 44.9362 158.622 -0 156.442 81.8402 
35.6886 44.9897 158.666 -0 156.345 82.0125 
35.5646 45.0434 158.709 -2.35015e-14 156.248 82.1855 
35.4399 45.0973 158.752 -2.34114e-14 156.151 82.3592 
35.3144 45.1515 158.795 -2.3322e-14 156.054 82.5337 
35.1882 45.2059 158.838 -0 155.956 82.7089 
35.0612 45.2605 158.881 2.3145e-14 155.859 82.8848 
34.9336 45.3153 158.923 -0 155.761 83.0615 
34.8051 45.3704 158.966 -0 155.664 83.2389 
34.6759 45.4257 159.008 -2.28843e-14 155.566 83.4171 
34.546 45.4812 159.051 -0 155.468 83.596 
34.4153 45.537 159.093 -1.13568e-14 155.37 83.7757 
34.2838 45.593 159.135 -1.13146e-14 155.272 83.9562 
34.1515 45.6491 159.177 1.12726e-14 155.174 84.1374 
34.0185 45.7056 159.219 1.1231e-14 155.076 84.3195 
33.8846 45.7622 159.26 -0 154.977 84.5023 
33.75 45.8191 159.302 1.11486e-14 154.879 84.6859 
33.6146 45.8761 159.344 -1.11079e-14 154.78 84.8703 
33.4784 45.9334 159.385 -0 154.682 85.0555 
33.3413 45.9909 159.426 1.10272e-14 154.583 85.2415 
33.2035 46.0487 159.467 -0 154.484 85.4283 
33.0648 46.1066 159.508 -0 154.385 85.616 
32.9253 46.1647 159.549 -1.09084e-14 154.286 85.8044 
32.785 46.2231 159.59 -0 154.187 85.9937 
32.6439 46.2817 159.631 -1.08306e-14 154.087 86.1839 
32.5019 46.3404 159.671 -1.07921e-14 153.988 86.3749 
32.359 46.3994 159.712 -1.07539e-14 153.889 86.5667 
32.2153 46.4586 159.752 -2.1432e-14 153.789 86.7594 
32.0707 46.518 159.792 -0 153.69 86.9529 
31.9253 46.5775 159.832 -0 153.59 87.1474 
31.779 46.6373 159.872 -1.06038e-14 153.49 87.3426 
31.6318 46.6973 159.912 -0 153.391 87.5388 
31.4837 46.7575 159.952 -0 153.291 87.7359 
31.3348 46.8178 159.991 1.0494e-14 153.191 87.9338 
31.1849 46.8784 160.031 1.04579e-14 153.091 88.1326 
31.0342 46.9391 160.07 2.08441e-14 152.991 88.3324 
30.8825 47.0001 160.109 2.07729e-14 152.891 88.533 
30.7299 47.0612 160.148 -0 152.791 88.7346 
30.5764 47.1225 160.187 -0 152.691 88.9371 
30.422 47.184 160.226 1.02813e-14 152.59 89.1405 
30.2666 47.2456 160.264 1.02467e-14 152.49 89.3448 
30.1103 47.3075 160.303 -0 152.39 89.5501 
29.9531 47.3695 160.341 1.01783e-14 152.289 89.7564 
29.7949 47.4317 160.379 -0 152.189 89.9635 
29.6357 47.494 160.417 -1.01109e-14 152.089 90.1717 
29.4756 47.5565 160.455 1.00776e-14 151.988 90.3808 
29.3145 47.6192 160.493 -0 151.888 90.5909 
29.1524 47.6821 160.531 -1.00117e-14 151.787 90.8019 
28.9894 47.7451 160.568 9.97904e-15 151.687 91.0139 
28.8253 47.8082 160.605 -0 151.586 91.227 
28.6603 47.8715 160.643 9.91452e-15 151.486 91.441 
28.4943 47.935 160.68 -9.88262e-15 151.385 91.656 
28.3272 47.9986 160.717 9.85095e-15 151.285 91.872 
28.1592 48.0624 160.754 -0 151.184 92.0891 
27.9901 48.1263 160.79 -0 151.084 92.3071 
27.82 48.1903 160.827 -9.75733e-15 150.983 92.5262 
27.6488 48.2545 160.863 -0 150.883 92.7463 
27.4767 48.3188 160.899 -9.69606e-15 150.782 92.9675 
27.3034 48.3832 160.935 -0 150.682 93.1897 
27.1292 48.4478 160.971 -9.63569e-15 150.581 93.413 
26.9538 48.5125 161.007 9.60585e-15 150.481 93.6373 
26.7774 48.5773 161.042 -0 150.38 93.8627 
26.5999 48.6422 161.078 -0 150.28 94.0891 
26.4214 48.7072 161.113 -9.51765e-15 150.18 94.3167 
26.2417 48.7723 161.148 -0 150.079 94.5453 
26.061 48.8376 161.183 -9.45995e-15 149.979 94.775 
25.8792 48.9029 161.218 9.43142e-15 149.879 95.0058 
25.6962 48.9683 161.253 -0 149.779 95.2377 
25.5122 49.0339 161.287 -0 149.679 95.4708 
25.327 49.0995 161.322 -0 149.579 95.7049 
25.1408 49.1652 161.356 9.31949e-15 149.479 95.9402 
24.9534 49.231 161.39 9.29204e-15 149.379 96.1766 
24.7648 49.2968 161.424 -0 149.279 96.4141 
24.5751 49.3628 161.458 9.23778e-15 149.18 96.6527 
24.3843 49.4287 161.491 9.21097e-15 149.08 96.8926 
24.1923 49.4948 161.525 -0 148.981 97.1335 
23.9992 49.5609 161.558 -0 148.881 97.3757 
23.8049 49.6271 161.591 9.13177e-15 148.782 97.6189 
23.6094 49.6933 161.624 -9.10579e-15 148.683 97.8634 
23.4127 49.7596 161.657 -0 148.584 98.109 
23.2149 49.8259 161.689 9.05444e-15 148.485 98.3559 
23.0158 49.8922 161.722 -0 148.386 98.6039 
22.8156 49.9586 161.754 -0 148.288 98.8531 
22.6142 50.025 161.786 -0 148.189 99.1035 
22.4115 50.0914 161.818 -8.95419e-15 148.091 99.3551 
22.2077 50.1578 161.85 -0 147.993 99.608 
22.0026 50.2242 161.881 -0 147.895 99.862 
21.7963 50.2907 161.913 -0 147.797 100.117 
21.5888 50.3571 161.944 -0 147.699 100.374 
21.38 50.4235 161.975 -0 147.602 100.632 
21.17 50.49 162.006 -8.80985e-15 147.504 100.891 
20.9588 50.5564 162.036 -0 147.407 101.151 
20.7463 50.6227 162.067 -0 147.31 101.412 
20.5325 50.6891 162.097 -0 147.214 101.675 
20.3175 50.7554 162.127 8.71757e-15 147.117 101.939 
20.1012 50.8216 162.157 -0 147.021 102.204 
19.8837 50.8878 162.187 8.67261e-15 146.925 102.471 
19.6648 50.954 162.217 -0 146.829 102.739 
19.4447 51.0201 162.246 -8.62842e-15 146.734 103.008 
19.2233 51.0861 162.276 -0 146.638 103.278 
19.0006 51.1521 162.305 -0 146.543 103.55 
18.7766 51.218 162.334 -8.56357e-15 146.449 103.823 
18.5513 51.2838 162.362 -0 146.354 104.097 
18.3247 51.3495 162.391 -4.26065e-15 146.26 104.373 
18.0968 51.4151 162.419 4.25022e-15 146.166 104.65 
17.8675 51.4806 162.447 1.27197e-14 146.072 104.928 
17.637 51.5459 162.475 8.45931e-15 145.979 105.207 
17.4051 51.6112 162.503 -8.43902e-15 145.886 105.488 
17.172 51.6763 162.531 4.20946e-15 145.793 105.77 
16.9374 51.7413 162.558 -0 145.701 106.054 
16.7016 51.8062 162.585 4.18964e-15 145.609 106.339 
16.4644 51.8709 162.612 4.17988e-15 145.517 106.625 
16.2259 51.9355 162.639 -4.1702e-15 145.426 106.912 
15.986 51.9998 162.665 4.16062e-15 145.335 107.201 
15.7448 52.0641 162.692 -0 145.244 107.491 
15.5022 52.1281 162.718 -4.14173e-15 145.154 107.783 
15.2583 52.192 162.744 -8.26485e-15 145.064 108.076 
15.0131 52.2556 162.77 -4.12321e-15 144.974 108.37 
14.7665 52.3191 162.796 8.22818e-15 144.885 108.666 
14.5185 52.3823 162.821 -0 144.797 108.963 
14.2692 52.4454 162.846 -4.09612e-15 144.708 109.261 
14.0185 52.5082 162.871 -0 144.621 109.561 
13.7664 52.5708 162.896 -4.07852e-15 144.533 109.862 
13.513 52.6331 162.921 -4.06986e-15 144.446 110.164 
13.2582 52.6952 162.945 -0 144.36 110.468 
13.0021 52.757 162.969 -0 144.274 110.773 
12.7446 52.8186 162.993 -4.04441e-15 144.188 111.079 
12.4857 52.8799 163.017 4.03611e-15 144.103 111.387 
12.2255 52.9409 163.041 -0 144.019 111.696 
11.9639 53.0016 163.064 -0 143.934 112.007 
11.7009 53.062 163.087 8.02348e-15 143.851 112.319 
11.4366 53.1221 163.11 4.0038e-15 143.768 112.632 
11.1709 53.1819 163.133 3.99595e-15 143.685 112.947 
10.9038 53.2414 163.155 3.98818e-15 143.603 113.263 
10.6354 53.3005 163.178 -0 143.522 113.58 
10.3656 53.3593 163.2 -0 143.441 113.899 
10.0945 53.4178 163.222 -3.96543e-15 143.361 114.219 
9.82197 53.4759 163.243 -0 143.281 114.541 
9.54811 53.5336 163.265 -0 143.202 114.864 
9.2729 53.591 163.286 1.97174e-15 143.123 115.188 
8.99634 53.6479 163.307 -0 143.045 115.513 
8.71843 53.7045 163.328 1.96465e-15 142.968 115.84 
8.43917 53.7607 163.348 -0 142.891 116.168 
8.15858 53.8164 163.369 -1.95773e-15 142.815 116.498 
7.87665 53.8717 163.389 -0 142.739 116.829 
7.59339 53.9266 163.409 -0 142.664 117.161 
7.3088 53.9811 163.429 1.94769e-15 142.59 117.495 
7.02289 54.0351 163.448 -1.94443e-15 142.517 117.83 
6.73566 54.0887 163.467 -0 142.444 118.166 
6.44712 54.1418 163.486 -0 142.372 118.503 
6.15727 54.1944 163.505 -0 142.3 118.842 
5.86612 54.2465 163.524 -0 142.23 119.182 
5.57368 54.2982 163.542 -0 142.16 119.524 
5.27994 54.3493 163.56 -0 142.091 119.867 
4.98493 54.3999 163.578 9.61424e-16 142.022 120.211 
4.68865 54.45 163.596 -9.5997e-16 141.954 120.556 
4.3911 54.4996 163.613 -9.58538e-16 141.887 120.902 
4.09229 54.5486 163.63 9.57128e-16 141.821 121.25 
3.79223 54.5971 163.647 -0 141.755 121.599 
3.49093 54.6451 163.664 -0 141.691 121.949 
3.1884 54.6924 163.681 -0 141.627 122.301 
2.88465 54.7392 163.697 -0 141.564 122.654 
2.57969 54.7854 163.713 -9.50407e-16 141.502 123.008 
2.27352 54.8311 163.729 -4.74564e-16 141.44 123.363 
1.96617 54.8761 163.744 -4.73935e-16 141.38 123.719 
1.65763 54.9205 163.76 -0 141.32 124.077 
1.34792 54.9643 163.775 -0 141.261 124.435 
1.03706 55.0075 163.79 -2.36058e-16 141.203 124.795 
0.725045 55.05 163.804 -0 141.146 125.156 
0.4119 55.0919 163.819 -1.17739e-16 141.089 125.518 
0.0976326 55.1331 163.833 -0 141.034 125.882 
-0.217743 55.1737 163.847 5.87301e-17 140.98 126.246 
-0.534213 55.2136 163.86 -0 140.926 126.611 
-0.851764 55.2529 163.874 2.34385e-16 140.873 126.978 
-1.17038 55.2914 163.887 2.34125e-16 140.822 127.345 
-1.49005 55.3293 163.9 -0 140.771 127.714 
-1.81076 55.3664 163.913 4.67243e-16 140.721 128.084 
-2.1325 55.4029 163.925 4.66757e-16 140.672 128.455 
-2.45524 55.4386 163.937 -0 140.624 128.826 
-2.77897 55.4736 163.949 -0 140.577 129.199 
-3.10368 55.5079 163.961 -9.30722e-16 140.531 129.573 
-3.42934 55.5414 163.972 9.29835e-16 140.486 129.947 
-3.75595 55.5742 163.984 9.2897e-16 140.442 130.323 
-4.08348 55.6062 163.995 -9.28127e-16 140.399 130.699 
-4.41192 55.6375 164.005 9.27306e-16 140.357 131.077 
-4.74125 55.668 164.016 9.26506e-16 140.316 131.455 
-5.07145 55.6977 164.026 -1.85146e-15 140.276 131.834 
-5.40251 55.7266 164.036 -0 140.237 132.214 
-5.73439 55.7548 164.046 -1.84847e-15 140.199 132.595 
-6.06709 55.7822 164.055 -0 140.162 132.977 
-6.40059 55.8087 164.065 -1.84567e-15 140.127 133.359 
-6.73486 55.8345 164.074 -1.84433e-15 140.092 133.743 
-7.06989 55.8594 164.082 -1.84303e-15 140.058 134.127 
-7.40565 55.8835 164.091 -0 140.026 134.511 
-7.74212 55.9068 164.099 -1.84057e-15 139.994 134.897 
-8.07929 55.9293 164.107 -0 139.964 135.283 
-8.41713 55.9509 164.115 -0 139.934 135.67 
-8.75562 55.9717 164.122 -1.83721e-15 139.906 136.057 
-9.09473 55.9916 164.13 -1.83618e-15 139.879 136.445 
-9.43446 56.0107 164.137 -0 139.853 136.834 
-9.77476 56.0289 164.143 -1.83424e-15 139.828 137.223 
-10.1156 56.0463 164.15 -3.66667e-15 139.804 137.613 
-10.457 56.0627 164.156 -0 139.781 138.004 
-10.799 56.0784 164.162 -0 139.76 138.395 
-11.1414 56.0931 164.168 3.66178e-15 139.739 138.786 
-11.4843 56.107 164.173 -0 139.72 139.178 
-11.8276 56.12 164.178 -3.65895e-15 139.702 139.57 
-12.1713 56.1321 164.183 -0 139.685 139.963 
-12.5155 56.1433 164.188 -0 139.669 140.356 
-12.86 56.1536 164.192 -3.65536e-15 139.654 140.749 
-13.2049 56.163 164.197 3.65434e-15 139.64 141.143 
-13.5501 56.1715 164.2 3.65341e-15 139.628 141.537 
-13.8956 56.1792 164.204 -0 139.617 141.932 
-14.2413 56.1859 164.208 -0 139.607 142.327 
-14.5873 56.1917 164.211 -0 139.598 142.722 
-14.9336 56.1966 164.214 -3.65055e-15 139.59 143.117 
-15.28 56.2006 164.216 -3.65005e-15 139.583 143.512 
-15.6266 56.2037 164.219 3.64964e-15 139.578 143.908 
-15.9734 56.2058 164.221 -0 139.573 144.304 
-16.3203 56.2071 164.223 -0 139.57 144.7 
-16.6673 56.2074 164.224 -0 139.568 145.096 
-17.0143 56.2069 164.226 -3.64888e-15 139.568 145.492 
-17.3614 56.2054 164.227 -3.64891e-15 139.568 145.888 
-17.7086 56.203 164.227 3.64903e-15 139.57 146.284 
-18.0557 56.1997 164.228 3.64923e-15 139.572 146.68 
-18.4028 56.1954 164.228 -0 139.576 147.076 
-18.7499 56.1903 164.228 -3.64991e-15 139.581 147.472 
-19.0968 56.1842 164.228 -0 139.588 147.868 
-19.4437 56.1772 164.228 -0 139.595 148.264 
-19.7904 56.1694 164.227 -3.65157e-15 139.604 148.66 
-20.137 56.1605 164.226 -0 139.613 149.055 
-20.4834 56.1508 164.225 -3.65313e-15 139.624 149.45 
-20.8296 56.1402 164.223 -7.30807e-15 139.636 149.846 
-21.1755 56.1287 164.222 -0 139.65 150.241 
-21.5212 56.1162 164.22 -0 139.664 150.635 
-21.8667 56.1029 164.217 -0 139.68 151.03 
-22.2118 56.0887 164.215 -0 139.696 151.424 
-22.5566 56.0735 164.212 3.6599e-15 139.714 151.818 
-22.901 56.0575 164.209 -3.66133e-15 139.733 152.211 
-23.245 56.0406 164.206 7.32571e-15 139.754 152.604 
-23.5887 56.0228 164.202 3.66447e-15 139.775 152.997 
-23.9319 56.0041 164.198 -0 139.797 153.389 
-24.2747 55.9845 164.194 -0 139.821 153.781 
-24.617 55.964 164.19 -7.33969e-15 139.846 154.172 
-24.9588 55.9427 164.186 -0 139.872 154.563 
-25.3 55.9205 164.181 7.34773e-15 139.899 154.953 
-25.6408 55.8974 164.176 -0 139.927 155.343 
-25.9809 55.8735 164.17 -0 139.956 155.732 
-26.3205 55.8487 164.165 -0 139.987 156.12 
-26.6595 55.8231 164.159 -0 140.018 156.508 
-26.9978 55.7966 164.153 -7.37096e-15 140.051 156.896 
-27.3355 55.7692 164.146 7.37613e-15 140.084 157.282 
-27.6725 55.7411 164.14 -0 140.119 157.668 
