-51.6373 40.2143 154.695 -0 165.091 -83.3765 
-51.6383 40.2144 154.695 -3.6791e-14 165.091 -83.3765 
-51.6401 40.2146 154.695 -0 165.09 -83.3765 
-51.6426 40.2149 154.696 -3.6788e-14 165.089 -83.3765 
-51.6458 40.2154 154.696 3.67857e-14 165.089 -83.3765 
-51.6497 40.2158 154.697 -0 165.087 -83.3765 
-51.6543 40.2164 154.698 -0 165.086 -83.3765 
-51.6596 40.2171 154.698 3.6776e-14 165.084 -83.3766 
-51.6656 40.2179 154.699 -0 165.083 -83.3766 
-51.6724 40.2187 154.701 -3.6767e-14 165.081 -83.3766 
-51.6798 40.2197 154.702 7.35235e-14 165.079 -83.3767 
-51.688 40.2207 154.703 -0 165.076 -83.3767 
-51.6969 40.2219 154.705 3.67498e-14 165.074 -83.3767 
-51.7064 40.2231 154.706 -0 165.071 -83.3768 
-51.7167 40.2244 154.708 -0 165.068 -83.3768 
-51.7277 40.2258 154.71 -3.67281e-14 165.065 -83.3769 
-51.7395 40.2273 154.712 3.67199e-14 165.061 -83.3769 
-51.7519 40.2289 154.714 -3.67112e-14 165.058 -83.3769 
-51.765 40.2306 154.716 -3.6702e-14 165.054 -83.377 
-51.7789 40.2323 154.718 3.66923e-14 165.05 -83.377 
-51.7935 40.2342 154.72 -3.66822e-14 165.045 -83.377 
-51.8088 40.2361 154.723 -0 165.041 -83.3771 
-51.8248 40.2382 154.725 -0 165.036 -83.3771 
-51.8415 40.2403 154.728 -0 165.032 -83.3771 
-51.8589 40.2425 154.731 -3.66367e-14 165.026 -83.3772 
-51.8771 40.2448 154.734 -3.66241e-14 165.021 -83.3772 
-51.8959 40.2472 154.737 -0 165.016 -83.3772 
-51.9155 40.2497 154.74 -3.65976e-14 165.01 -83.3772 
-51.9358 40.2523 154.744 -0 165.004 -83.3772 
-51.9568 40.2549 154.747 -0 164.998 -83.3772 
-51.9786 40.2577 154.75 -0 164.992 -83.3772 
-52.001 40.2605 154.754 -3.65388e-14 164.985 -83.3772 
-52.0242 40.2635 154.758 -0 164.979 -83.3772 
-52.0481 40.2665 154.762 3.65066e-14 164.972 -83.3771 
-52.0728 40.2696 154.766 -3.64898e-14 164.965 -83.3771 
-52.0981 40.2728 154.77 3.64726e-14 164.957 -83.377 
-52.1242 40.2761 154.774 -0 164.95 -83.3769 
-52.151 40.2795 154.778 3.64367e-14 164.942 -83.3769 
-52.1786 40.283 154.783 -0 164.934 -83.3768 
-52.2068 40.2865 154.787 -3.63991e-14 164.926 -83.3766 
-52.2358 40.2902 154.792 -3.63796e-14 164.918 -83.3765 
-52.2655 40.2939 154.796 -0 164.91 -83.3764 
-52.296 40.2977 154.801 -3.63392e-14 164.901 -83.3762 
-52.3272 40.3017 154.806 -0 164.892 -83.376 
-52.3591 40.3057 154.811 -3.62971e-14 164.883 -83.3758 
-52.3917 40.3098 154.816 -3.62755e-14 164.874 -83.3756 
-52.4251 40.3139 154.822 -0 164.864 -83.3753 
-52.4593 40.3182 154.827 -0 164.855 -83.375 
-52.4941 40.3226 154.833 -0 164.845 -83.3747 
-52.5297 40.327 154.838 3.61845e-14 164.835 -83.3744 
-52.5661 40.3315 154.844 -3.61607e-14 164.825 -83.3741 
-52.6032 40.3362 154.85 3.61365e-14 164.814 -83.3737 
-52.641 40.3409 154.856 3.61118e-14 164.804 -83.3733 
-52.6796 40.3457 154.862 -0 164.793 -83.3728 
-52.7189 40.3506 154.868 -0 164.782 -83.3723 
-52.7589 40.3555 154.874 -3.60356e-14 164.771 -83.3718 
-52.7997 40.3606 154.88 -0 164.759 -83.3713 
-52.8413 40.3657 154.887 7.19654e-14 164.748 -83.3707 
-52.8836 40.371 154.893 -3.59557e-14 164.736 -83.3701 
-52.9267 40.3763 154.9 -0 164.724 -83.3694 
-52.9705 40.3817 154.906 -3.59006e-14 164.712 -83.3687 
-53.0151 40.3872 154.913 -3.58724e-14 164.7 -83.368 
-53.0604 40.3927 154.92 -0 164.687 -83.3672 
-53.1065 40.3984 154.927 -3.5815e-14 164.675 -83.3663 
-53.1533 40.4042 154.934 -0 164.662 -83.3654 
-53.2009 40.41 154.941 -0 164.649 -83.3645 
-53.2493 40.4159 154.949 3.57262e-14 164.636 -83.3635 
-53.2984 40.4219 154.956 -3.56958e-14 164.622 -83.3625 
-53.3483 40.428 154.963 3.56651e-14 164.609 -83.3614 
-53.399 40.4342 154.971 -3.56341e-14 164.595 -83.3603 
-53.4504 40.4404 154.979 -0 164.581 -83.3591 
-53.5026 40.4468 154.986 -0 164.567 -83.3578 
-53.5556 40.4532 154.994 -0 164.553 -83.3565 
-53.6094 40.4597 155.002 -3.55067e-14 164.538 -83.3551 
-53.6639 40.4663 155.01 -0 164.524 -83.3537 
-53.7192 40.473 155.018 -3.5441e-14 164.509 -83.3522 
-53.7753 40.4797 155.026 -3.54077e-14 164.494 -83.3506 
-53.8322 40.4866 155.035 -3.5374e-14 164.479 -83.349 
-53.8898 40.4935 155.043 -3.53401e-14 164.463 -83.3473 
-53.9483 40.5005 155.051 -0 164.448 -83.3455 
-54.0075 40.5076 155.06 -3.52713e-14 164.432 -83.3436 
-54.0675 40.5147 155.069 -3.52365e-14 164.417 -83.3417 
-54.1283 40.522 155.077 -0 164.401 -83.3397 
-54.1899 40.5293 155.086 -3.5166e-14 164.385 -83.3376 
-54.2523 40.5367 155.095 -0 164.368 -83.3354 
-54.3155 40.5442 155.104 3.50943e-14 164.352 -83.3331 
-54.3795 40.5518 155.113 -0 164.335 -83.3308 
-54.4443 40.5594 155.122 -3.50216e-14 164.319 -83.3283 
-54.5098 40.5672 155.131 -0 164.302 -83.3258 
-54.5762 40.575 155.14 3.49479e-14 164.285 -83.3232 
-54.6434 40.5828 155.15 3.49106e-14 164.267 -83.3205 
-54.7115 40.5908 155.159 -0 164.25 -83.3177 
-54.7803 40.5988 155.169 3.48354e-14 164.233 -83.3148 
-54.8499 40.607 155.178 -0 164.215 -83.3118 
-54.9204 40.6151 155.188 3.47592e-14 164.197 -83.3086 
-54.9916 40.6234 155.197 -6.94416e-14 164.179 -83.3054 
-55.0637 40.6318 155.207 -0 164.161 -83.3021 
-55.1366 40.6402 155.217 -0 164.143 -83.2987 
-55.2104 40.6487 155.227 -0 164.124 -83.2951 
-55.2849 40.6572 155.237 -0 164.106 -83.2915 
-55.3603 40.6659 155.247 3.45255e-14 164.087 -83.2877 
-55.4365 40.6746 155.257 -0 164.068 -83.2838 
-55.5136 40.6834 155.267 3.44459e-14 164.05 -83.2798 
-55.5915 40.6922 155.277 -0 164.031 -83.2757 
-55.6702 40.7011 155.288 -0 164.011 -83.2714 
-55.7498 40.7101 155.298 -6.86506e-14 163.992 -83.267 
-55.8302 40.7192 155.308 3.42847e-14 163.973 -83.2625 
-55.9114 40.7283 155.319 -0 163.953 -83.2579 
-55.9935 40.7375 155.329 3.42031e-14 163.933 -83.2531 
-56.0765 40.7468 155.34 -0 163.913 -83.2482 
-56.1603 40.7561 155.35 6.82418e-14 163.894 -83.2431 
-56.2449 40.7656 155.361 -0 163.873 -83.2379 
-56.3304 40.775 155.372 -3.40381e-14 163.853 -83.2326 
-56.4168 40.7846 155.382 3.39965e-14 163.833 -83.2271 
-56.504 40.7942 155.393 -0 163.813 -83.2214 
-56.5921 40.8038 155.404 -3.3913e-14 163.792 -83.2157 
-56.6811 40.8136 155.415 -3.3871e-14 163.771 -83.2097 
-56.7709 40.8234 155.426 -0 163.751 -83.2036 
-56.8616 40.8332 155.437 -0 163.73 -83.1974 
-56.9532 40.8431 155.448 -0 163.709 -83.191 
-57.0456 40.8531 155.459 -0 163.688 -83.1844 
-57.1389 40.8631 155.47 -0 163.667 -83.1777 
-57.2331 40.8732 155.481 -0 163.645 -83.1707 
-57.3282 40.8834 155.492 3.35746e-14 163.624 -83.1637 
-57.4242 40.8936 155.504 3.3532e-14 163.603 -83.1564 
-57.5211 40.9039 155.515 -0 163.581 -83.149 
-57.6188 40.9142 155.526 -3.34465e-14 163.56 -83.1414 
-57.7174 40.9246 155.538 3.34036e-14 163.538 -83.1336 
-57.817 40.935 155.549 -3.33607e-14 163.516 -83.1257 
-57.9174 40.9455 155.56 3.33178e-14 163.494 -83.1175 
-58.0187 40.956 155.572 -0 163.472 -83.1092 
-58.121 40.9666 155.583 -3.32318e-14 163.45 -83.1006 
-58.2241 40.9772 155.594 3.31888e-14 163.428 -83.0919 
-58.3281 40.9879 155.606 -0 163.406 -83.083 
-58.4331 40.9987 155.617 -0 163.384 -83.0739 
-58.539 41.0094 155.629 -0 163.362 -83.0646 
-58.6457 41.0203 155.64 -3.30165e-14 163.339 -83.0551 
-58.7534 41.0311 155.652 -3.29735e-14 163.317 -83.0454 
-58.8621 41.042 155.663 3.29304e-14 163.294 -83.0355 
-58.9716 41.053 155.675 3.28874e-14 163.272 -83.0253 
-59.0821 41.064 155.687 6.56886e-14 163.249 -83.015 
-59.1935 41.075 155.698 -6.56026e-14 163.227 -83.0044 
-59.3058 41.0861 155.71 6.55167e-14 163.204 -82.9937 
-59.419 41.0972 155.721 -0 163.181 -82.9827 
-59.5332 41.1083 155.733 3.26725e-14 163.159 -82.9714 
-59.6483 41.1195 155.745 -0 163.136 -82.96 
-59.7644 41.1307 155.756 3.25869e-14 163.113 -82.9484 
-59.8814 41.142 155.768 -0 163.09 -82.9365 
-59.9993 41.1532 155.779 -0 163.067 -82.9243 
-60.1182 41.1645 155.791 -3.24589e-14 163.045 -82.912 
-60.2381 41.1759 155.803 -3.24164e-14 163.022 -82.8994 
-60.3588 41.1872 155.814 -6.47479e-14 162.999 -82.8866 
-60.4806 41.1986 155.826 -3.23316e-14 162.976 -82.8735 
-60.6033 41.21 155.837 6.45787e-14 162.953 -82.8602 
-60.7269 41.2214 155.849 -3.22472e-14 162.93 -82.8466 
-60.8515 41.2329 155.86 -0 162.907 -82.8328 
-60.9771 41.2444 155.872 -0 162.884 -82.8188 
-61.1036 41.2558 155.883 -3.21214e-14 162.861 -82.8045 
-61.2311 41.2673 155.895 -3.20798e-14 162.838 -82.7899 
-61.3596 41.2789 155.906 -3.20382e-14 162.815 -82.7751 
-61.489 41.2904 155.918 -0 162.792 -82.7601 
-61.6195 41.3019 155.929 -0 162.769 -82.7447 
-61.7508 41.3135 155.94 -0 162.746 -82.7292 
-61.8832 41.325 155.952 -3.18734e-14 162.723 -82.7133 
-62.0165 41.3366 155.963 -0 162.7 -82.6972 
-62.1509 41.3482 155.974 -0 162.678 -82.6808 
-62.2862 41.3597 155.985 -3.17514e-14 162.655 -82.6642 
-62.4224 41.3713 155.997 -3.17111e-14 162.632 -82.6472 
-62.5597 41.3829 156.008 -0 162.609 -82.6301 
-62.698 41.3945 156.019 -3.1631e-14 162.587 -82.6126 
-62.8372 41.406 156.03 6.31825e-14 162.564 -82.5948 
-62.9774 41.4176 156.041 3.15517e-14 162.542 -82.5768 
-63.1187 41.4291 156.052 -0 162.519 -82.5585 
-63.2609 41.4407 156.063 -0 162.497 -82.5399 
-63.4041 41.4522 156.074 3.14343e-14 162.474 -82.5211 
-63.5483 41.4637 156.084 -0 162.452 -82.5019 
-63.6935 41.4752 156.095 -0 162.43 -82.4825 
-63.8398 41.4867 156.106 -0 162.408 -82.4627 
-63.987 41.4981 156.116 -0 162.386 -82.4427 
-64.1352 41.5096 156.127 -3.12432e-14 162.364 -82.4224 
-64.2844 41.521 156.137 -6.24115e-14 162.342 -82.4018 
-64.4346 41.5323 156.148 -3.11685e-14 162.32 -82.3809 
-64.5859 41.5437 156.158 3.11316e-14 162.298 -82.3597 
-64.7381 41.555 156.168 4.66423e-14 162.277 -82.3383 
-64.8914 41.5663 156.179 1.55292e-14 162.255 -82.3165 
-65.0456 41.5775 156.189 -0 162.234 -82.2944 
-65.2009 41.5888 156.199 3.09865e-14 162.213 -82.272 
-65.3572 41.5999 156.209 -6.19019e-14 162.192 -82.2494 
-65.5145 41.6111 156.218 1.54579e-14 162.171 -82.2264 
-65.6728 41.6221 156.228 -0 162.15 -82.2031 
-65.8321 41.6332 156.238 3.08462e-14 162.129 -82.1795 
-65.9925 41.6442 156.247 1.54059e-14 162.108 -82.1557 
-66.1538 41.6551 156.257 4.61669e-14 162.088 -82.1315 
-66.3162 41.666 156.266 3.07443e-14 162.068 -82.107 
-66.4796 41.6768 156.276 -0 162.048 -82.0822 
-66.644 41.6875 156.285 -1.5339e-14 162.028 -82.0571 
-66.8094 41.6982 156.294 -3.06454e-14 162.008 -82.0317 
-66.9759 41.7089 156.303 1.53066e-14 161.988 -82.006 
-67.1433 41.7194 156.312 1.52906e-14 161.969 -81.98 
-67.3118 41.7299 156.32 -0 161.95 -81.9537 
-67.4809 41.7403 156.329 -0 161.931 -81.9272 
-67.6501 41.7506 156.338 3.04882e-14 161.912 -81.9004 
-67.8195 41.7607 156.346 1.52291e-14 161.893 -81.8735 
-67.9891 41.7707 156.354 -0 161.875 -81.8465 
-68.1588 41.7806 156.362 -1.51999e-14 161.857 -81.8193 
-68.3287 41.7904 156.37 4.5557e-14 161.84 -81.7919 
-68.4988 41.8 156.377 -4.55151e-14 161.823 -81.7644 
-68.669 41.8095 156.385 3.0316e-14 161.806 -81.7367 
-68.8393 41.8189 156.392 1.51446e-14 161.789 -81.7089 
-69.0098 41.8281 156.399 -1.51314e-14 161.773 -81.6809 
-69.1805 41.8372 156.406 -3.0237e-14 161.756 -81.6528 
-69.3512 41.8462 156.413 3.02117e-14 161.741 -81.6245 
-69.5222 41.855 156.42 -0 161.725 -81.5961 
-69.6932 41.8637 156.426 -1.50813e-14 161.71 -81.5676 
-69.8644 41.8723 156.433 1.50694e-14 161.695 -81.5389 
-70.0358 41.8807 156.439 -1.50578e-14 161.68 -81.5101 
-70.2072 41.889 156.445 3.00928e-14 161.666 -81.4812 
-70.3788 41.8972 156.451 -1.50353e-14 161.652 -81.4521 
-70.5505 41.9052 156.457 -3.00488e-14 161.638 -81.4229 
-70.7223 41.9131 156.462 -3.00276e-14 161.625 -81.3936 
-70.8942 41.9208 156.468 1.50034e-14 161.611 -81.3642 
-71.0663 41.9284 156.473 -4.49799e-14 161.599 -81.3347 
-71.2384 41.9359 156.478 -1.49835e-14 161.586 -81.305 
-71.4107 41.9432 156.483 -1.49738e-14 161.574 -81.2753 
-71.5831 41.9504 156.488 -0 161.562 -81.2455 
-71.7555 41.9575 156.492 2.99107e-14 161.55 -81.2155 
-71.9281 41.9644 156.497 -2.9893e-14 161.539 -81.1855 
-72.1008 41.9711 156.501 -1.49379e-14 161.528 -81.1553 
-72.2735 41.9778 156.505 -1.49295e-14 161.517 -81.1251 
-72.4464 41.9842 156.509 2.98428e-14 161.507 -81.0948 
-72.6193 41.9906 156.513 -0 161.497 -81.0644 
-72.7923 41.9968 156.516 2.98118e-14 161.487 -81.0339 
-72.9654 42.0028 156.52 -4.46955e-14 161.477 -81.0033 
-73.1385 42.0087 156.523 1.48914e-14 161.468 -80.9727 
-73.3118 42.0145 156.526 -5.95379e-14 161.459 -80.942 
-73.4851 42.0201 156.529 -1.48778e-14 161.451 -80.9112 
-73.6585 42.0256 156.532 -5.94857e-14 161.442 -80.8803 
-73.8319 42.0309 156.535 2.97305e-14 161.434 -80.8494 
-74.0054 42.0361 156.537 2.97187e-14 161.427 -80.8184 
-74.1789 42.0411 156.54 -4.4561e-14 161.419 -80.7874 
-74.3526 42.046 156.542 -1.48482e-14 161.412 -80.7563 
-74.5262 42.0507 156.544 2.96861e-14 161.406 -80.7252 
-74.6999 42.0553 156.546 -5.93525e-14 161.399 -80.694 
-74.8737 42.0598 156.547 -1.48334e-14 161.393 -80.6628 
-75.0475 42.0641 156.549 -0 161.387 -80.6315 
-75.2213 42.0682 156.55 1.48247e-14 161.382 -80.6002 
-75.3952 42.0722 156.551 -1.48208e-14 161.377 -80.5688 
-75.5691 42.0761 156.552 -1.4817e-14 161.372 -80.5375 
-75.743 42.0798 156.553 2.96271e-14 161.367 -80.506 
-75.917 42.0833 156.554 -1.48103e-14 161.363 -80.4746 
-76.0909 42.0867 156.554 -2.96145e-14 161.359 -80.4432 
-76.2649 42.09 156.555 1.48045e-14 161.355 -80.4117 
-76.4389 42.0931 156.555 1.4802e-14 161.352 -80.3802 
-76.613 42.0961 156.555 -1.47997e-14 161.349 -80.3487 
-76.787 42.0989 156.555 2.95952e-14 161.346 -80.3172 
-76.961 42.1015 156.554 2.95916e-14 161.344 -80.2857 
-77.1351 42.1041 156.554 1.47942e-14 161.342 -80.2541 
-77.3091 42.1064 156.553 -2.95858e-14 161.34 -80.2226 
-77.4832 42.1086 156.553 5.91672e-14 161.339 -80.1911 
-77.6572 42.1107 156.552 4.43728e-14 161.338 -80.1596 
-77.8312 42.1126 156.551 -0 161.337 -80.1281 
-78.0052 42.1144 156.549 4.43698e-14 161.336 -80.0966 
-78.1792 42.116 156.548 -2.95796e-14 161.336 -80.0651 
-78.3532 42.1175 156.546 -4.43697e-14 161.336 -80.0337 
-78.5271 42.1188 156.545 3.69756e-14 161.337 -80.0022 
-78.7011 42.12 156.543 -0 161.337 -79.9708 
-78.875 42.121 156.54 5.17707e-14 161.339 -79.9395 
-79.0488 42.1219 156.538 2.95853e-14 161.34 -79.9081 
-79.2226 42.1226 156.536 -1.4794e-14 161.342 -79.8768 
-79.3964 42.1232 156.533 -1.47955e-14 161.344 -79.8455 
-79.5702 42.1236 156.531 -1.47973e-14 161.346 -79.8143 
-79.7439 42.1239 156.528 1.47993e-14 161.349 -79.7831 
-79.9175 42.124 156.525 -1.48015e-14 161.351 -79.752 
-80.0912 42.124 156.521 2.9608e-14 161.355 -79.7209 
-80.2647 42.1239 156.518 3.70168e-14 161.358 -79.6899 
-80.4382 42.1236 156.514 1.48097e-14 161.362 -79.6589 
-80.6116 42.1231 156.511 -0 161.366 -79.628 
-80.785 42.1225 156.507 -0 161.371 -79.5972 
-80.9583 42.1217 156.503 -5.18699e-14 161.376 -79.5664 
-81.1315 42.1209 156.499 -0 161.381 -79.5357 
-81.3047 42.1198 156.494 -3.70701e-14 161.386 -79.505 
-81.4778 42.1186 156.49 7.41622e-15 161.392 -79.4745 
-81.6508 42.1173 156.485 -0 161.398 -79.444 
-81.8237 42.1158 156.48 3.71049e-14 161.404 -79.4136 
-81.9965 42.1142 156.475 7.42353e-15 161.411 -79.3833 
-82.1693 42.1124 156.47 2.97048e-14 161.418 -79.3531 
-82.3419 42.1105 156.465 -1.4858e-14 161.425 -79.3229 
-82.5145 42.1085 156.459 -3.71596e-14 161.432 -79.2929 
-82.6869 42.1063 156.453 -2.97398e-14 161.44 -79.263 
-82.8593 42.1039 156.448 2.23143e-14 161.449 -79.2331 
-83.0315 42.1014 156.442 -3.72069e-14 161.457 -79.2034 
-83.2037 42.0988 156.435 5.21135e-14 161.466 -79.1738 
-83.3757 42.096 156.429 -2.23449e-14 161.475 -79.1443 
-83.5476 42.0931 156.423 -3.72597e-14 161.484 -79.1148 
-83.7195 42.0901 156.416 1.49114e-14 161.494 -79.0856 
-83.8911 42.0869 156.409 3.72979e-14 161.504 -79.0564 
-84.0627 42.0835 156.402 2.23908e-14 161.514 -79.0273 
-84.2342 42.0801 156.395 7.46771e-15 161.525 -78.9984 
-84.4055 42.0765 156.388 1.86799e-14 161.536 -78.9696 
-84.5767 42.0727 156.381 -4.11198e-14 161.547 -78.941 
-84.7477 42.0688 156.373 -2.24424e-14 161.558 -78.9124 
-84.9186 42.0648 156.365 3.36844e-14 161.57 -78.884 
-85.0894 42.0607 156.357 7.49016e-15 161.582 -78.8558 
-85.26 42.0564 156.349 -1.499e-14 161.594 -78.8277 
-85.4305 42.0519 156.341 3e-14 161.607 -78.7997 
-85.6009 42.0474 156.333 3.00204e-14 161.62 -78.7719 
-85.771 42.0427 156.324 3.75516e-14 161.633 -78.7442 
-85.9411 42.0378 156.315 -2.2547e-14 161.647 -78.7167 
-86.111 42.0329 156.306 1.50423e-14 161.661 -78.6894 
-86.2807 42.0278 156.297 -1.12901e-14 161.675 -78.6622 
-86.4502 42.0225 156.288 3.38961e-14 161.689 -78.6351 
-86.6196 42.0172 156.279 -1.88458e-14 161.704 -78.6083 
-86.7888 42.0117 156.269 7.54427e-15 161.719 -78.5816 
-86.9579 42.0061 156.26 1.13255e-14 161.734 -78.555 
-87.1268 42.0003 156.25 7.55658e-15 161.75 -78.5287 
-87.2955 41.9944 156.24 1.13444e-14 161.766 -78.5025 
-87.464 41.9884 156.23 -2.64929e-14 161.782 -78.4765 
-87.6324 41.9823 156.22 -1.7046e-14 161.798 -78.4506 
-87.8005 41.976 156.209 -9.47839e-15 161.815 -78.425 
-87.9685 41.9697 156.199 -3.22556e-14 161.832 -78.3995 
-88.1363 41.9631 156.188 1.70922e-14 161.849 -78.3743 
-88.3039 41.9565 156.177 -3.42164e-14 161.867 -78.3492 
-88.4713 41.9498 156.166 -3.80543e-15 161.884 -78.3243 
-88.6385 41.9429 156.155 5.71367e-15 161.903 -78.2996 
-88.8055 41.9359 156.143 -4.38478e-14 161.921 -78.2751 
-88.9724 41.9288 156.132 -2.76708e-14 161.94 -78.2508 
-89.139 41.9215 156.12 1.91027e-14 161.958 -78.2267 
-89.3054 41.9142 156.108 -2.86835e-14 161.978 -78.2029 
-89.4716 41.9067 156.096 -2.67993e-14 161.997 -78.1792 
-89.6375 41.8991 156.084 4.45532e-14 162.017 -78.1557 
-89.8033 41.8914 156.072 1.91833e-15 162.037 -78.1325 
-89.9689 41.8836 156.059 4.29396e-14 162.057 -78.1094 
-90.1342 41.8756 156.047 2.05474e-14 162.078 -78.0866 
-90.2993 41.8676 156.034 4.9321e-14 162.099 -78.064 
-90.4642 41.8594 156.021 1.44519e-15 162.12 -78.0417 
-90.6289 41.8511 156.008 -3.37601e-15 162.141 -78.0195 
-90.7933 41.8427 155.995 6.75994e-15 162.163 -77.9976 
-90.9575 41.8342 155.981 1.45028e-14 162.185 -77.9759 
-91.1215 41.8256 155.968 -2.12964e-14 162.207 -77.9544 
-91.2853 41.8169 155.954 5.23367e-14 162.229 -77.9332 
-91.4488 41.808 155.94 -2.32895e-14 162.252 -77.9122 
-91.6121 41.7991 155.926 3.4978e-14 162.275 -77.8915 
-91.7751 41.7901 155.912 3.89137e-15 162.298 -77.871 
-91.9379 41.7809 155.898 -2.53264e-14 162.321 -77.8507 
-92.1004 41.7717 155.883 -9.75358e-15 162.345 -77.8307 
-92.2627 41.7623 155.869 -3.32058e-14 162.369 -77.8109 
-92.4248 41.7528 155.854 -1.76029e-14 162.393 -77.7913 
-92.5866 41.7433 155.839 2.74192e-14 162.418 -77.7721 
-92.7481 41.7336 155.824 4.70684e-14 162.442 -77.753 
-92.9094 41.7239 155.809 -1.17833e-14 162.467 -77.7343 
-93.0705 41.714 155.793 -1.17998e-14 162.493 -77.7157 
-93.2313 41.7041 155.778 -5.12044e-14 162.518 -77.6975 
-93.3918 41.694 155.762 -2.36665e-14 162.544 -77.6795 
-93.552 41.6839 155.747 -2.76507e-14 162.57 -77.6617 
-93.712 41.6736 155.731 -3.56027e-14 162.596 -77.6443 
-93.8718 41.6633 155.715 7.52721e-14 162.622 -77.627 
-94.0312 41.6529 155.698 -5.55463e-14 162.649 -77.6101 
-94.1904 41.6423 155.682 -1.98678e-14 162.676 -77.5934 
-94.3493 41.6317 155.665 -3.97961e-14 162.703 -77.577 
-94.508 41.621 155.649 -3.98572e-15 162.73 -77.5609 
-94.6664 41.6103 155.632 7.58463e-14 162.758 -77.5451 
-94.8245 41.5994 155.615 -4.79781e-14 162.786 -77.5295 
-94.9823 41.5884 155.598 8.00901e-15 162.814 -77.5142 
-95.1398 41.5774 155.58 1.20327e-14 162.842 -77.4992 
-95.2971 41.5662 155.563 -4.0174e-15 162.871 -77.4844 
-95.4541 41.555 155.546 2.41437e-14 162.899 -77.47 
-95.6108 41.5437 155.528 2.41835e-14 162.928 -77.4558 
-95.7672 41.5324 155.51 4.03729e-14 162.958 -77.4419 
-95.9233 41.5209 155.492 -3.23526e-14 162.987 -77.4283 
-96.0791 41.5094 155.474 6.48148e-14 163.017 -77.415 
-96.2347 41.4978 155.456 -2.43472e-14 163.047 -77.402 
-96.3899 41.4861 155.437 1.62595e-14 163.077 -77.3892 
-96.5449 41.4743 155.419 1.62878e-14 163.107 -77.3768 
-96.6995 41.4625 155.4 8.15823e-15 163.138 -77.3647 
-96.8539 41.4505 155.381 -3.26909e-14 163.168 -77.3528 
-97.008 41.4385 155.362 2.4562e-14 163.199 -77.3413 
-97.1617 41.4265 155.343 -8.20214e-14 163.231 -77.33 
-97.3152 41.4144 155.324 -2.46513e-14 163.262 -77.3191 
-97.4684 41.4022 155.304 -8.2322e-15 163.294 -77.3084 
-97.6212 41.3899 155.285 -2.47424e-14 163.325 -77.2981 
-97.7738 41.3775 155.265 3.30516e-14 163.358 -77.2881 
-97.926 41.3651 155.245 -0 163.39 -77.2783 
-98.078 41.3527 155.225 8.29423e-15 163.422 -77.2689 
-98.2296 41.3401 155.205 -4.15507e-14 163.455 -77.2598 
-98.3809 41.3275 155.185 -8.32622e-15 163.488 -77.251 
-98.532 41.3149 155.164 -1.66849e-14 163.521 -77.2425 
-98.6827 41.3022 155.144 1.67177e-14 163.554 -77.2343 
-98.8331 41.2894 155.123 3.35017e-14 163.588 -77.2264 
-98.9831 41.2765 155.102 5.0353e-14 163.621 -77.2189 
-99.1329 41.2636 155.081 -2.52272e-14 163.655 -77.2116 
-99.2823 41.2507 155.06 -3.37046e-14 163.689 -77.2047 
-99.4315 41.2377 155.039 8.4434e-15 163.723 -77.1981 
-99.5803 41.2246 155.018 -5.92257e-14 163.758 -77.1918 
-99.7288 41.2115 154.996 1.69568e-14 163.792 -77.1858 
-99.877 41.1983 154.975 -8.49617e-15 163.827 -77.1802 
-100.025 41.1851 154.953 -6.81128e-14 163.862 -77.1748 
-100.172 41.1718 154.931 1.70644e-14 163.897 -77.1698 
-100.32 41.1585 154.909 -4.27525e-14 163.933 -77.1651 
-100.466 41.1451 154.887 -3.42759e-14 163.968 -77.1608 
-100.613 41.1317 154.864 -8.58761e-15 164.004 -77.1567 
-100.759 41.1182 154.842 -0 164.04 -77.153 
-100.905 41.1047 154.819 3.45018e-14 164.076 -77.1496 
-101.051 41.0911 154.797 3.45785e-14 164.112 -77.1465 
-101.196 41.0775 154.774 -0 164.149 -77.1438 
-101.341 41.0638 154.751 3.47342e-14 164.185 -77.1414 
-101.486 41.0502 154.728 6.96264e-14 164.222 -77.1393 
-101.63 41.0364 154.704 3.48929e-14 164.259 -77.1376 
-101.774 41.0227 154.681 -5.246e-14 164.296 -77.1361 
-101.917 41.0088 154.657 -0 164.334 -77.135 
-102.061 40.995 154.634 -1.75683e-14 164.371 -77.1343 
-102.204 40.9811 154.61 -3.52193e-14 164.409 -77.1339 
-102.346 40.9672 154.586 -0 164.447 -77.1338 
-102.489 40.9532 154.562 3.53871e-14 164.485 -77.134 
-102.63 40.9393 154.538 -1.77361e-14 164.523 -77.1346 
-102.772 40.9252 154.514 -5.33372e-14 164.561 -77.1355 
-102.913 40.9112 154.489 1.78224e-14 164.6 -77.1367 
-103.054 40.8971 154.465 7.14645e-14 164.638 -77.1383 
-103.195 40.883 154.44 7.16411e-14 164.677 -77.1402 
-103.335 40.8689 154.415 -5.38645e-14 164.716 -77.1425 
-103.475 40.8547 154.39 -0 164.755 -77.1451 
-103.615 40.8405 154.365 -1.80452e-14 164.794 -77.148 
-103.754 40.8263 154.34 -0 164.834 -77.1513 
-103.893 40.8121 154.315 -5.44114e-14 164.873 -77.1549 
-104.031 40.7978 154.289 -1.81838e-14 164.913 -77.1588 
-104.17 40.7835 154.264 -5.46925e-14 164.953 -77.1631 
-104.308 40.7692 154.238 1.82783e-14 164.993 -77.1677 
-104.445 40.7549 154.212 -3.66525e-14 165.033 -77.1727 
-104.582 40.7405 154.186 -0 165.073 -77.178 
-104.719 40.7261 154.16 -1.84234e-14 165.114 -77.1836 
-104.856 40.7118 154.134 1.84726e-14 165.154 -77.1896 
-104.992 40.6974 154.108 1.85223e-14 165.195 -77.196 
-105.128 40.6829 154.081 7.42896e-14 165.236 -77.2026 
-105.263 40.6685 154.055 -0 165.277 -77.2096 
-105.398 40.6541 154.028 9.337e-14 165.318 -77.217 
-105.533 40.6396 154.001 -3.7451e-14 165.359 -77.2247 
-105.668 40.6251 153.974 1.87774e-14 165.401 -77.2327 
-105.802 40.6106 153.947 -3.76597e-14 165.442 -77.2411 
-105.936 40.5961 153.92 3.77655e-14 165.484 -77.2498 
-106.069 40.5816 153.893 1.89361e-14 165.526 -77.2589 
-106.202 40.5671 153.865 -3.798e-14 165.568 -77.2683 
-106.335 40.5526 153.838 -1.90443e-14 165.61 -77.278 
-106.468 40.5381 153.81 3.81983e-14 165.652 -77.2881 
-106.6 40.5235 153.782 1.91545e-14 165.694 -77.2986 
-106.731 40.509 153.754 7.68411e-14 165.737 -77.3093 
-106.863 40.4945 153.726 -1.92666e-14 165.779 -77.3205 
-106.994 40.4799 153.698 -1.93234e-14 165.822 -77.3319 
-107.125 40.4654 153.67 5.81422e-14 165.865 -77.3437 
-107.255 40.4508 153.641 -0 165.908 -77.3559 
-107.385 40.4363 153.613 1.94969e-14 165.951 -77.3684 
-107.515 40.4217 153.584 -1.95558e-14 165.994 -77.3812 
-107.644 40.4072 153.556 9.8076e-14 166.037 -77.3944 
-107.773 40.3926 153.527 -5.90254e-14 166.081 -77.4079 
-107.902 40.3781 153.498 1.97356e-14 166.124 -77.4218 
-108.03 40.3635 153.469 -1.97966e-14 166.168 -77.436 
-108.158 40.349 153.439 -0 166.212 -77.4506 
-108.285 40.3345 153.41 1.99203e-14 166.255 -77.4655 
-108.413 40.32 153.381 -3.9966e-14 166.299 -77.4807 
-108.54 40.3054 153.351 -4.00925e-14 166.343 -77.4963 
-108.666 40.2909 153.322 -0 166.388 -77.5122 
-108.793 40.2764 153.292 4.03489e-14 166.432 -77.5285 
-108.918 40.2619 153.262 1.01197e-13 166.476 -77.5451 
-109.044 40.2475 153.232 1.01525e-13 166.521 -77.5621 
-109.169 40.233 153.202 8.14843e-14 166.565 -77.5794 
-109.294 40.2185 153.172 -4.08756e-14 166.61 -77.597 
-109.419 40.2041 153.141 -6.15154e-14 166.655 -77.615 
-109.543 40.1897 153.111 8.22923e-14 166.7 -77.6333 
-109.667 40.1752 153.08 -8.25665e-14 166.745 -77.6519 
-109.79 40.1608 153.05 -4.14216e-14 166.79 -77.6709 
-109.913 40.1464 153.019 2.07806e-14 166.835 -77.6903 
-110.036 40.1321 152.988 2.0851e-14 166.88 -77.71 
-110.159 40.1177 152.957 -8.36884e-14 166.925 -77.73 
-110.281 40.1034 152.926 -6.29815e-14 166.971 -77.7504 
-110.403 40.0891 152.894 4.21324e-14 167.016 -77.7711 
-110.524 40.0748 152.863 -4.22784e-14 167.062 -77.7921 
-110.645 40.0605 152.832 -8.48516e-14 167.108 -77.8135 
-110.766 40.0462 152.8 -4.25745e-14 167.154 -77.8352 
-110.887 40.032 152.769 -0 167.2 -77.8572 
-111.007 40.0178 152.737 -0 167.245 -77.8796 
-111.127 40.0036 152.705 -1.29087e-13 167.292 -77.9024 
-111.246 39.9894 152.673 4.31832e-14 167.338 -77.9254 
-111.365 39.9753 152.641 -4.33389e-14 167.384 -77.9488 
-111.484 39.9612 152.609 -0 167.43 -77.9726 
-111.602 39.9471 152.576 -4.36545e-14 167.477 -77.9966 
-111.72 39.933 152.544 8.76291e-14 167.523 -78.0211 
-111.838 39.9189 152.511 -0 167.57 -78.0458 
-111.956 39.9049 152.479 -8.82781e-14 167.616 -78.0709 
-112.073 39.8909 152.446 4.43035e-14 167.663 -78.0963 
-112.19 39.877 152.413 4.44696e-14 167.71 -78.122 
-112.306 39.8631 152.38 -0 167.757 -78.1481 
-112.422 39.8492 152.347 8.96126e-14 167.804 -78.1745 
-112.538 39.8353 152.314 8.99541e-14 167.851 -78.2013 
-112.653 39.8215 152.281 -9.02988e-14 167.898 -78.2284 
-112.768 39.8077 152.248 -0 167.945 -78.2558 
-112.883 39.7939 152.214 9.09979e-14 167.992 -78.2835 
-112.998 39.7802 152.181 4.56762e-14 168.039 -78.3116 
-113.112 39.7664 152.147 9.17102e-14 168.087 -78.34 
-113.226 39.7528 152.113 -0 168.134 -78.3687 
-113.339 39.7391 152.079 -4.62181e-14 168.182 -78.3978 
-113.452 39.7255 152.045 -9.28043e-14 168.229 -78.4271 
-113.565 39.712 152.011 9.3176e-14 168.277 -78.4569 
-113.677 39.6985 151.977 4.67756e-14 168.324 -78.4869 
-113.79 39.685 151.943 4.6965e-14 168.372 -78.5173 
-113.901 39.6715 151.908 -0 168.42 -78.5479 
-114.013 39.6581 151.874 -1.42048e-13 168.468 -78.579 
-114.124 39.6447 151.839 4.75443e-14 168.516 -78.6103 
-114.235 39.6314 151.805 9.54822e-14 168.564 -78.642 
-114.346 39.6181 151.77 9.58797e-14 168.612 -78.674 
-114.456 39.6048 151.735 -0 168.66 -78.7063 
-114.566 39.5916 151.7 4.83432e-14 168.708 -78.7389 
-114.675 39.5785 151.665 -4.85478e-14 168.756 -78.7719 
-114.784 39.5653 151.63 -1.95018e-13 168.805 -78.8051 
-114.893 39.5522 151.595 -4.89631e-14 168.853 -78.8387 
-115.002 39.5392 151.56 -0 168.901 -78.8727 
-115.11 39.5262 151.524 -0 168.95 -78.9069 
-115.218 39.5132 151.489 -0 168.998 -78.9414 
-115.326 39.5003 151.453 9.96374e-14 169.047 -78.9763 
-115.433 39.4875 151.417 2.5019e-13 169.095 -79.0115 
-115.54 39.4746 151.381 -1.00519e-13 169.144 -79.047 
-115.647 39.4619 151.345 -5.04831e-14 169.193 -79.0828 
-115.753 39.4491 151.309 -0 169.241 -79.119 
-115.859 39.4364 151.273 -5.09373e-14 169.29 -79.1554 
-115.965 39.4238 151.237 -1.53504e-13 169.339 -79.1922 
-116.071 39.4112 151.201 5.14008e-14 169.388 -79.2293 
-116.176 39.3987 151.165 2.06544e-13 169.437 -79.2667 
-116.281 39.3862 151.128 -0 169.486 -79.3044 
