11.2402 39.2161 152.714 2.28963e-14 168.07 130.1 
11.2392 39.2161 152.714 -2.2896e-14 168.07 130.101 
11.2375 39.216 152.714 -0 168.07 130.102 
11.2351 39.2159 152.715 -0 168.069 130.104 
11.2321 39.2158 152.715 -0 168.069 130.107 
11.2284 39.2157 152.716 -0 168.068 130.11 
11.224 39.2156 152.717 2.2891e-14 168.067 130.113 
11.2189 39.2154 152.718 -0 168.067 130.117 
11.2132 39.2152 152.719 -0 168.066 130.122 
11.2068 39.215 152.721 -2.28854e-14 168.064 130.127 
11.1997 39.2148 152.722 -0 168.063 130.133 
11.1919 39.2145 152.724 -2.28806e-14 168.062 130.139 
11.1835 39.2142 152.725 -0 168.06 130.146 
11.1743 39.2139 152.727 2.28749e-14 168.059 130.154 
11.1645 39.2136 152.729 2.28718e-14 168.057 130.162 
11.1541 39.2132 152.731 -2.28684e-14 168.055 130.17 
11.1429 39.2129 152.734 -2.28648e-14 168.054 130.179 
11.1311 39.2125 152.736 -0 168.051 130.189 
11.1186 39.2121 152.739 -0 168.049 130.199 
11.1054 39.2116 152.741 -0 168.047 130.21 
11.0915 39.2112 152.744 -0 168.045 130.221 
11.077 39.2107 152.747 -0 168.042 130.233 
11.0618 39.2102 152.75 -0 168.04 130.246 
11.0458 39.2097 152.753 -0 168.037 130.259 
11.0293 39.2091 152.757 -0 168.034 130.272 
11.012 39.2085 152.76 -0 168.031 130.287 
10.994 39.2079 152.764 2.28171e-14 168.028 130.301 
10.9754 39.2073 152.768 -0 168.025 130.316 
10.9561 39.2067 152.772 2.2805e-14 168.022 130.332 
10.9361 39.206 152.776 -0 168.018 130.349 
10.9154 39.2053 152.78 -0 168.015 130.366 
10.894 39.2046 152.784 -0 168.011 130.383 
10.872 39.2038 152.789 -0 168.008 130.401 
10.8492 39.2031 152.793 -0 168.004 130.42 
10.8258 39.2023 152.798 -0 168 130.439 
10.8017 39.2015 152.803 2.27565e-14 167.996 130.459 
10.7769 39.2006 152.808 -0 167.992 130.479 
10.7514 39.1998 152.813 -0 167.987 130.5 
10.7252 39.1989 152.818 -0 167.983 130.521 
10.6983 39.198 152.823 2.27244e-14 167.979 130.543 
10.6707 39.197 152.829 -0 167.974 130.566 
10.6425 39.1961 152.835 -0 167.969 130.589 
10.6135 39.1951 152.84 -0 167.965 130.613 
10.5839 39.1941 152.846 -2.26892e-14 167.96 130.637 
10.5535 39.1931 152.852 -0 167.955 130.662 
10.5225 39.192 152.858 -2.26706e-14 167.95 130.687 
10.4907 39.1909 152.865 -0 167.944 130.713 
10.4583 39.1898 152.871 -0 167.939 130.74 
10.4252 39.1886 152.878 -0 167.934 130.767 
10.3913 39.1875 152.884 -2.2631e-14 167.928 130.795 
10.3568 39.1863 152.891 -0 167.923 130.823 
10.3215 39.1851 152.898 -2.26102e-14 167.917 130.852 
10.2856 39.1838 152.905 -0 167.911 130.881 
10.2489 39.1826 152.912 -0 167.905 130.912 
10.2116 39.1813 152.919 -0 167.899 130.942 
10.1735 39.1799 152.927 -0 167.893 130.973 
10.1347 39.1786 152.934 -2.25551e-14 167.887 131.005 
10.0952 39.1772 152.942 2.25436e-14 167.881 131.038 
10.055 39.1758 152.95 2.2532e-14 167.874 131.071 
10.0141 39.1743 152.958 2.25201e-14 167.868 131.104 
9.9725 39.1729 152.966 -2.25082e-14 167.861 131.138 
9.93016 39.1714 152.974 -2.2496e-14 167.855 131.173 
9.88711 39.1699 152.982 -0 167.848 131.208 
9.84334 39.1683 152.991 -0 167.841 131.244 
9.79885 39.1667 152.999 2.24587e-14 167.834 131.281 
9.75364 39.1651 153.008 -0 167.827 131.318 
9.70771 39.1635 153.016 -0 167.82 131.356 
9.66106 39.1618 153.025 2.24201e-14 167.813 131.394 
9.61368 39.1601 153.034 1.12035e-14 167.806 131.433 
9.56558 39.1583 153.043 -1.11968e-14 167.798 131.473 
9.51675 39.1566 153.052 1.11901e-14 167.791 131.513 
9.46719 39.1548 153.062 -0 167.783 131.553 
9.4169 39.153 153.071 -2.2353e-14 167.776 131.595 
9.36589 39.1511 153.081 1.11696e-14 167.768 131.637 
9.31413 39.1492 153.09 2.23253e-14 167.76 131.679 
9.26165 39.1473 153.1 -0 167.753 131.723 
9.20843 39.1453 153.11 1.11485e-14 167.745 131.766 
9.15447 39.1433 153.12 -0 167.737 131.811 
9.09977 39.1413 153.13 -0 167.729 131.856 
9.04433 39.1392 153.14 -1.11269e-14 167.72 131.901 
8.98815 39.1372 153.151 -1.11196e-14 167.712 131.948 
8.93122 39.135 153.161 -0 167.704 131.995 
8.87355 39.1329 153.171 -1.11048e-14 167.696 132.042 
8.81513 39.1307 153.182 -0 167.687 132.09 
8.75597 39.1284 153.193 -1.10898e-14 167.679 132.139 
8.69605 39.1262 153.204 -1.10823e-14 167.67 132.188 
8.63538 39.1239 153.215 1.10746e-14 167.662 132.238 
8.57395 39.1215 153.226 -0 167.653 132.289 
8.51177 39.1191 153.237 -2.21185e-14 167.644 132.34 
8.44884 39.1167 153.248 -0 167.635 132.392 
8.38514 39.1143 153.259 -0 167.627 132.445 
8.32068 39.1118 153.271 -1.10359e-14 167.618 132.498 
8.25546 39.1092 153.282 1.1028e-14 167.609 132.552 
8.18948 39.1067 153.294 -1.10201e-14 167.6 132.606 
8.12273 39.1041 153.305 -0 167.591 132.661 
8.0552 39.1014 153.317 1.10042e-14 167.581 132.717 
7.98691 39.0987 153.329 -0 167.572 132.773 
7.91785 39.096 153.341 -1.09882e-14 167.563 132.83 
7.84802 39.0932 153.353 -1.09801e-14 167.554 132.888 
7.7774 39.0904 153.365 -0 167.544 132.946 
7.70601 39.0875 153.378 -0 167.535 133.005 
7.63384 39.0846 153.39 -0 167.526 133.065 
7.56089 39.0817 153.402 -1.09475e-14 167.516 133.125 
7.48716 39.0787 153.415 -0 167.507 133.186 
7.41264 39.0756 153.427 -2.18623e-14 167.497 133.248 
7.33733 39.0725 153.44 -0 167.487 133.31 
7.26123 39.0694 153.453 -0 167.478 133.373 
7.18434 39.0662 153.466 -1.09064e-14 167.468 133.437 
7.10666 39.063 153.478 -0 167.459 133.501 
7.02819 39.0597 153.491 -1.08898e-14 167.449 133.566 
6.94891 39.0564 153.505 2.1763e-14 167.439 133.632 
6.86884 39.053 153.518 -1.08732e-14 167.429 133.698 
6.78796 39.0496 153.531 -0 167.42 133.765 
6.70628 39.0462 153.544 -0 167.41 133.833 
6.6238 39.0426 153.558 -1.08482e-14 167.4 133.901 
6.5405 39.0391 153.571 -1.08399e-14 167.39 133.97 
6.4564 39.0354 153.584 -0 167.38 134.04 
6.37149 39.0318 153.598 -0 167.37 134.111 
6.28576 39.028 153.612 -0 167.36 134.182 
6.19922 39.0242 153.625 1.08065e-14 167.35 134.253 
6.11186 39.0204 153.639 -0 167.341 134.326 
6.02367 39.0165 153.653 -1.07899e-14 167.331 134.399 
5.93467 39.0125 153.667 1.07816e-14 167.321 134.473 
5.84484 39.0085 153.681 1.07733e-14 167.311 134.548 
5.75419 39.0045 153.695 -1.0765e-14 167.301 134.623 
5.66271 39.0003 153.709 -0 167.291 134.699 
5.57039 38.9961 153.723 1.07485e-14 167.281 134.776 
5.47725 38.9919 153.737 -0 167.271 134.853 
5.38327 38.9876 153.751 1.0732e-14 167.261 134.931 
5.28845 38.9832 153.765 1.07238e-14 167.251 135.01 
5.19279 38.9788 153.78 -1.07157e-14 167.241 135.09 
5.0963 38.9743 153.794 1.07075e-14 167.232 135.17 
4.99896 38.9697 153.809 -0 167.222 135.251 
4.90077 38.9651 153.823 -0 167.212 135.333 
4.80174 38.9604 153.838 5.34164e-15 167.202 135.415 
4.70185 38.9556 153.852 5.33763e-15 167.192 135.498 
4.60112 38.9508 153.867 5.33364e-15 167.183 135.582 
4.49953 38.9459 153.881 -0 167.173 135.667 
4.39709 38.9409 153.896 -5.32571e-15 167.163 135.752 
4.29379 38.9359 153.911 5.32178e-15 167.154 135.838 
4.18963 38.9308 153.925 -5.31786e-15 167.144 135.925 
4.0846 38.9256 153.94 -0 167.134 136.013 
3.97872 38.9203 153.955 5.31011e-15 167.125 136.101 
3.87196 38.915 153.97 -0 167.115 136.19 
3.76434 38.9096 153.985 5.30245e-15 167.106 136.28 
3.65585 38.9041 153.999 5.29865e-15 167.096 136.371 
3.54649 38.8985 154.014 -5.29489e-15 167.087 136.462 
3.43625 38.8929 154.029 -0 167.078 136.554 
3.32514 38.8871 154.044 -0 167.069 136.647 
3.21314 38.8813 154.059 -0 167.06 136.74 
3.10027 38.8754 154.074 5.28013e-15 167.05 136.835 
2.98652 38.8695 154.089 -5.27652e-15 167.041 136.93 
2.87188 38.8634 154.104 -0 167.032 137.026 
2.75635 38.8573 154.119 -0 167.024 137.122 
2.63994 38.851 154.134 -5.26589e-15 167.015 137.22 
2.52264 38.8447 154.149 -5.26242e-15 167.006 137.318 
2.40444 38.8383 154.164 -0 166.997 137.417 
2.28536 38.8318 154.179 -0 166.989 137.516 
2.16537 38.8252 154.194 -2.62612e-15 166.98 137.617 
2.04449 38.8185 154.209 -2.62446e-15 166.972 137.718 
1.92271 38.8118 154.224 -0 166.964 137.82 
1.80003 38.8049 154.239 -0 166.956 137.923 
1.67645 38.7979 154.255 -0 166.948 138.026 
1.55196 38.7908 154.27 -2.61805e-15 166.94 138.131 
1.42656 38.7837 154.285 -2.61651e-15 166.932 138.236 
1.30026 38.7764 154.3 -0 166.924 138.342 
1.17305 38.769 154.315 -1.30674e-15 166.916 138.448 
1.04493 38.7615 154.33 1.30601e-15 166.909 138.556 
0.915893 38.754 154.345 -0 166.902 138.664 
0.785943 38.7463 154.359 -0 166.894 138.773 
0.655078 38.7385 154.374 -0 166.887 138.883 
0.523295 38.7306 154.389 6.51598e-16 166.88 138.994 
0.390594 38.7226 154.404 -0 166.873 139.105 
0.256972 38.7144 154.419 -0 166.867 139.217 
0.122428 38.7062 154.434 -0 166.86 139.33 
-0.0130383 38.6978 154.449 -0 166.854 139.444 
-0.149429 38.6894 154.463 -1.625e-16 166.847 139.559 
-0.286746 38.6808 154.478 -0 166.841 139.674 
-0.424989 38.6721 154.493 -0 166.835 139.79 
-0.564161 38.6632 154.507 -0 166.829 139.907 
-0.704262 38.6543 154.522 -0 166.824 140.025 
-0.845294 38.6452 154.536 1.29719e-15 166.818 140.144 
-0.987257 38.636 154.551 1.29668e-15 166.813 140.263 
-1.13015 38.6267 154.565 2.59238e-15 166.808 140.384 
-1.27398 38.6172 154.58 -0 166.803 140.505 
-1.41875 38.6076 154.594 -0 166.798 140.627 
-1.56444 38.5979 154.608 -2.58964e-15 166.794 140.749 
-1.71108 38.588 154.623 -0 166.789 140.873 
-1.85865 38.5781 154.637 -0 166.785 140.997 
-2.00716 38.5679 154.651 2.58724e-15 166.781 141.122 
-2.15661 38.5577 154.665 -0 166.778 141.248 
-2.307 38.5473 154.679 -0 166.774 141.375 
-2.45833 38.5367 154.693 -0 166.771 141.503 
-2.6106 38.526 154.706 -0 166.768 141.631 
-2.76381 38.5152 154.72 -0 166.765 141.76 
-2.91796 38.5042 154.734 -5.16708e-15 166.762 141.89 
-3.07305 38.4931 154.747 -0 166.76 142.021 
-3.22908 38.4818 154.761 -0 166.757 142.153 
-3.38606 38.4704 154.774 -5.16457e-15 166.755 142.286 
-3.54397 38.4588 154.787 -0 166.754 142.419 
-3.70244 38.447 154.801 5.16336e-15 166.752 142.553 
-3.86105 38.4352 154.814 -5.1629e-15 166.751 142.687 
-4.0198 38.4233 154.827 -5.16254e-15 166.75 142.821 
-4.17871 38.4113 154.839 -0 166.749 142.955 
-4.33775 38.3992 154.852 5.16212e-15 166.749 143.089 
-4.49693 38.387 154.864 -0 166.749 143.224 
-4.65625 38.3747 154.876 -0 166.749 143.359 
-4.8157 38.3623 154.888 -0 166.749 143.493 
-4.97528 38.3498 154.9 -0 166.75 143.628 
-5.135 38.3372 154.912 -0 166.751 143.763 
-5.29484 38.3245 154.924 -1.03265e-14 166.752 143.899 
-5.45481 38.3117 154.935 -0 166.753 144.034 
-5.6149 38.2988 154.946 -0 166.755 144.169 
-5.77511 38.2858 154.957 -1.03303e-14 166.757 144.305 
-5.93543 38.2726 154.968 1.0332e-14 166.759 144.441 
-6.09588 38.2594 154.979 1.03339e-14 166.762 144.576 
-6.25644 38.2461 154.99 1.03359e-14 166.764 144.712 
-6.41711 38.2327 155 -0 166.767 144.848 
-6.57788 38.2192 155.01 -0 166.771 144.984 
-6.73877 38.2056 155.02 -0 166.774 145.121 
-6.89975 38.1919 155.03 -0 166.778 145.257 
-7.06084 38.1781 155.04 1.03494e-14 166.782 145.393 
-7.22203 38.1641 155.05 -0 166.786 145.53 
-7.38331 38.1501 155.059 -0 166.791 145.667 
-7.54469 38.136 155.068 1.036e-14 166.796 145.803 
-7.70616 38.1218 155.078 1.03639e-14 166.801 145.94 
-7.86771 38.1074 155.086 1.03681e-14 166.806 146.077 
-8.02936 38.093 155.095 1.03724e-14 166.812 146.214 
-8.19108 38.0785 155.104 1.0377e-14 166.818 146.351 
-8.35289 38.0638 155.112 1.03818e-14 166.824 146.488 
-8.51478 38.0491 155.121 -1.03868e-14 166.83 146.625 
-8.67674 38.0342 155.129 -1.0392e-14 166.837 146.763 
-8.83878 38.0193 155.137 -0 166.844 146.9 
-9.00089 38.0042 155.145 -2.0806e-14 166.851 147.038 
-9.16307 37.9891 155.152 -1.04089e-14 166.859 147.175 
-9.32531 37.9738 155.16 -0 166.867 147.313 
-9.48762 37.9585 155.167 -1.04212e-14 166.875 147.45 
-9.64999 37.943 155.174 -0 166.883 147.588 
-9.81241 37.9275 155.181 -0 166.891 147.726 
-9.9749 37.9118 155.188 1.04413e-14 166.9 147.864 
-10.1374 37.896 155.195 1.04485e-14 166.909 148.002 
-10.3 37.8801 155.201 -0 166.919 148.139 
-10.4627 37.8642 155.207 -1.04635e-14 166.929 148.277 
-10.6253 37.8481 155.213 -0 166.938 148.415 
-10.7881 37.8319 155.219 -0 166.949 148.554 
-10.9508 37.8156 155.225 2.09752e-14 166.959 148.692 
-11.1136 37.7993 155.231 -2.09922e-14 166.97 148.83 
-11.2765 37.7828 155.236 -0 166.981 148.968 
-11.4393 37.7662 155.242 -0 166.992 149.106 
-11.6022 37.7495 155.247 2.10459e-14 167.004 149.244 
-11.7651 37.7327 155.252 -0 167.016 149.383 
-11.9281 37.7158 155.257 -0 167.028 149.521 
-12.0911 37.6989 155.261 2.11038e-14 167.04 149.659 
-12.2541 37.6818 155.266 -0 167.053 149.798 
-12.4171 37.6646 155.27 -0 167.066 149.936 
-12.5801 37.6473 155.274 -0 167.079 150.074 
