-56.1069 44.2951 163.439 -0 152.266 -168.906 
-56.1049 44.2953 163.439 -2.03408e-14 152.266 -168.908 
-56.1015 44.2958 163.439 -0 152.266 -168.911 
-56.0968 44.2964 163.439 1.017e-14 152.265 -168.916 
-56.0908 44.2972 163.439 2.03394e-14 152.264 -168.921 
-56.0834 44.2981 163.439 -1.01693e-14 152.263 -168.928 
-56.0747 44.2992 163.439 1.01689e-14 152.261 -168.937 
-56.0647 44.3005 163.44 1.01683e-14 152.26 -168.946 
-56.0533 44.302 163.44 -0 152.258 -168.957 
-56.0405 44.3037 163.44 -0 152.256 -168.968 
-56.0265 44.3055 163.44 -1.01664e-14 152.254 -168.982 
-56.0111 44.3075 163.441 -0 152.252 -168.996 
-55.9943 44.3097 163.441 1.01648e-14 152.249 -169.012 
-55.9762 44.312 163.441 -0 152.247 -169.029 
-55.9568 44.3145 163.442 1.01629e-14 152.244 -169.047 
-55.936 44.3172 163.442 1.01618e-14 152.241 -169.066 
-55.9138 44.32 163.443 -0 152.237 -169.087 
-55.8904 44.3231 163.443 -0 152.234 -169.109 
-55.8655 44.3262 163.444 1.01583e-14 152.23 -169.132 
-55.8394 44.3296 163.444 1.0157e-14 152.226 -169.156 
-55.8119 44.3331 163.445 -1.01556e-14 152.222 -169.182 
-55.783 44.3368 163.445 1.01541e-14 152.218 -169.209 
-55.7528 44.3407 163.446 -1.01526e-14 152.213 -169.237 
-55.7212 44.3447 163.447 -1.01511e-14 152.209 -169.267 
-55.6883 44.3489 163.447 -0 152.204 -169.297 
-55.6541 44.3532 163.448 -1.01478e-14 152.199 -169.33 
-55.6185 44.3577 163.449 -1.0146e-14 152.194 -169.363 
-55.5815 44.3624 163.449 -0 152.188 -169.397 
-55.5432 44.3673 163.45 -0 152.183 -169.433 
-55.5036 44.3723 163.451 1.01404e-14 152.177 -169.47 
-55.4625 44.3774 163.452 1.01384e-14 152.171 -169.508 
-55.4202 44.3827 163.453 -0 152.165 -169.548 
-55.3765 44.3882 163.453 1.01342e-14 152.158 -169.589 
-55.3314 44.3938 163.454 1.01321e-14 152.152 -169.631 
-55.2849 44.3996 163.455 -2.02597e-14 152.145 -169.674 
-55.2371 44.4055 163.456 -1.01276e-14 152.139 -169.719 
-55.188 44.4116 163.457 1.01252e-14 152.132 -169.765 
-55.1375 44.4178 163.458 -1.01228e-14 152.124 -169.812 
-55.0856 44.4242 163.459 -0 152.117 -169.861 
-55.0323 44.4308 163.46 1.01179e-14 152.11 -169.911 
-54.9777 44.4374 163.461 -1.01154e-14 152.102 -169.962 
-54.9218 44.4443 163.462 1.01128e-14 152.094 -170.014 
-54.8644 44.4512 163.463 -1.01101e-14 152.086 -170.067 
-54.8057 44.4584 163.464 -1.01074e-14 152.078 -170.122 
-54.7456 44.4656 163.465 1.01047e-14 152.07 -170.179 
-54.6842 44.473 163.466 -0 152.061 -170.236 
-54.6214 44.4805 163.467 1.0099e-14 152.053 -170.295 
-54.5572 44.4882 163.468 -0 152.044 -170.355 
-54.4916 44.496 163.469 -0 152.035 -170.416 
-54.4247 44.5039 163.47 1.00902e-14 152.026 -170.479 
-54.3564 44.512 163.471 -0 152.017 -170.542 
-54.2867 44.5202 163.472 -0 152.008 -170.608 
-54.2156 44.5285 163.473 -1.0081e-14 151.999 -170.674 
-54.1432 44.5369 163.474 -0 151.989 -170.742 
-54.0694 44.5455 163.475 1.00747e-14 151.98 -170.811 
-53.9941 44.5542 163.476 -0 151.97 -170.881 
-53.9176 44.563 163.477 -0 151.96 -170.953 
-53.8396 44.5719 163.478 -0 151.95 -171.026 
-53.7602 44.581 163.479 -1.00616e-14 151.94 -171.1 
-53.6795 44.5901 163.48 -0 151.93 -171.175 
-53.5973 44.5994 163.481 -0 151.919 -171.252 
-53.5138 44.6087 163.482 1.00514e-14 151.909 -171.33 
-53.4289 44.6182 163.483 -2.00959e-14 151.898 -171.41 
-53.3426 44.6278 163.484 -0 151.888 -171.49 
-53.2549 44.6375 163.486 1.0041e-14 151.877 -171.572 
-53.1658 44.6473 163.487 2.00749e-14 151.866 -171.656 
-53.0753 44.6571 163.488 -0 151.855 -171.74 
-52.9834 44.6671 163.489 -0 151.844 -171.826 
-52.8901 44.6772 163.489 -1.00267e-14 151.833 -171.913 
-52.7954 44.6873 163.49 -0 151.822 -172.002 
-52.6994 44.6976 163.491 -1.00194e-14 151.811 -172.092 
-52.6019 44.7079 163.492 2.00314e-14 151.8 -172.183 
-52.503 44.7183 163.493 -1.0012e-14 151.789 -172.276 
-52.4027 44.7288 163.494 -2.00167e-14 151.777 -172.369 
-52.301 44.7393 163.495 1.00046e-14 151.766 -172.464 
-52.1979 44.75 163.496 -0 151.754 -172.561 
-52.0934 44.7606 163.497 9.99716e-15 151.743 -172.659 
-51.9875 44.7714 163.497 -1.99868e-14 151.731 -172.758 
-51.8802 44.7822 163.498 -0 151.72 -172.858 
-51.7715 44.7931 163.499 9.9859e-15 151.708 -172.96 
-51.6613 44.8041 163.5 -0 151.696 -173.063 
-51.5498 44.8151 163.5 9.97836e-15 151.685 -173.167 
-51.4368 44.8261 163.501 1.99492e-14 151.673 -173.273 
-51.3225 44.8372 163.501 -0 151.661 -173.38 
-51.2067 44.8484 163.502 1.99341e-14 151.65 -173.488 
-51.0895 44.8595 163.503 -9.96326e-15 151.638 -173.598 
-50.9709 44.8708 163.503 -0 151.626 -173.709 
-50.8509 44.882 163.503 9.95573e-15 151.615 -173.821 
-50.7295 44.8933 163.504 -0 151.603 -173.935 
-50.6066 44.9046 163.504 9.94823e-15 151.591 -174.05 
-50.4824 44.916 163.505 9.9445e-15 151.58 -174.166 
-50.3567 44.9273 163.505 9.94077e-15 151.568 -174.284 
-50.2296 44.9387 163.505 -0 151.556 -174.403 
-50.1011 44.9501 163.505 9.93337e-15 151.545 -174.523 
-49.9712 44.9615 163.505 9.92969e-15 151.533 -174.644 
-49.8398 44.9729 163.505 -1.98521e-14 151.522 -174.767 
-49.7071 44.9843 163.505 -0 151.51 -174.892 
-49.5729 44.9957 163.505 1.98376e-14 151.499 -175.017 
-49.4373 45.0071 163.505 9.9152e-15 151.488 -175.144 
-49.3003 45.0185 163.505 -9.91164e-15 151.477 -175.272 
-49.1619 45.0298 163.505 -0 151.466 -175.402 
-49.0221 45.0412 163.504 9.9046e-15 151.455 -175.533 
-48.8809 45.0525 163.504 -0 151.444 -175.665 
-48.7382 45.0638 163.503 -1.97954e-14 151.433 -175.798 
-48.5942 45.0751 163.503 9.89428e-15 151.422 -175.933 
-48.4487 45.0863 163.502 -0 151.411 -176.069 
-48.3019 45.0975 163.502 -9.88758e-15 151.401 -176.207 
-48.1536 45.1087 163.501 -9.88429e-15 151.391 -176.346 
-48.0039 45.1198 163.5 -0 151.38 -176.486 
-47.8528 45.1309 163.499 -0 151.37 -176.627 
-47.7003 45.1419 163.498 -0 151.36 -176.77 
-47.5464 45.1528 163.497 -0 151.35 -176.914 
-47.3911 45.1637 163.496 -1.97371e-14 151.341 -177.06 
-47.2344 45.1745 163.494 -0 151.331 -177.206 
-47.0763 45.1852 163.493 -0 151.322 -177.354 
-46.9168 45.1959 163.492 -0 151.313 -177.504 
-46.7559 45.2064 163.49 9.85686e-15 151.303 -177.654 
-46.5936 45.2169 163.488 -0 151.295 -177.806 
-46.43 45.2273 163.487 -9.85138e-15 151.286 -177.959 
-46.2649 45.2376 163.485 -9.84873e-15 151.278 -178.114 
-46.0985 45.2478 163.483 -1.96923e-14 151.269 -178.27 
-45.9306 45.2578 163.481 9.84365e-15 151.261 -178.427 
-45.7615 45.2678 163.479 -9.84121e-15 151.254 -178.585 
-45.5909 45.2777 163.476 1.96777e-14 151.246 -178.745 
-45.4189 45.2874 163.474 -9.83656e-15 151.239 -178.906 
-45.2456 45.297 163.471 -0 151.232 -179.068 
-45.071 45.3065 163.469 1.96644e-14 151.225 -179.232 
-44.8949 45.3158 163.466 -9.83016e-15 151.218 -179.396 
-44.7175 45.325 163.463 -0 151.212 -179.562 
-44.5388 45.334 163.46 -9.82631e-15 151.206 -179.73 
-44.3587 45.3429 163.457 -1.9649e-14 151.2 -179.898 
-44.1772 45.3516 163.454 -0 151.195 179.932 
-43.9945 45.3602 163.45 -0 151.19 179.761 
-43.8104 45.3686 163.447 -1.96394e-14 151.185 179.588 
-43.6249 45.3769 163.443 9.81827e-15 151.18 179.415 
-43.4381 45.3849 163.439 9.81695e-15 151.176 179.24 
-43.25 45.3928 163.435 9.81573e-15 151.172 179.064 
-43.0606 45.4005 163.431 -0 151.168 178.887 
-42.8699 45.408 163.427 -0 151.165 178.708 
-42.6779 45.4153 163.422 -0 151.162 178.528 
-42.4846 45.4223 163.418 -0 151.16 178.347 
-42.29 45.4292 163.413 9.81124e-15 151.158 178.165 
-42.0941 45.4359 163.408 -0 151.156 177.982 
-41.8969 45.4424 163.403 -0 151.154 177.797 
-41.6984 45.4486 163.398 9.80991e-15 151.153 177.612 
-41.4987 45.4546 163.393 1.96194e-14 151.153 177.425 
-41.2978 45.4603 163.387 9.80964e-15 151.152 177.237 
-41.0955 45.4659 163.382 -0 151.153 177.047 
-40.8921 45.4712 163.376 9.80987e-15 151.153 176.857 
-40.6874 45.4762 163.37 -9.81018e-15 151.154 176.666 
-40.4814 45.481 163.363 -0 151.156 176.473 
-40.2743 45.4855 163.357 -9.81121e-15 151.157 176.279 
-40.0659 45.4897 163.35 9.81193e-15 151.16 176.084 
-39.8563 45.4937 163.344 -0 151.163 175.888 
-39.6456 45.4974 163.337 -9.8138e-15 151.166 175.691 
-39.4336 45.5009 163.33 -0 151.17 175.493 
-39.2205 45.504 163.322 -0 151.174 175.293 
-39.0062 45.5069 163.315 -9.81771e-15 151.178 175.093 
-38.7907 45.5094 163.307 -0 151.184 174.892 
-38.5741 45.5117 163.299 -9.82109e-15 151.189 174.689 
-38.3564 45.5136 163.291 -0 151.195 174.485 
-38.1375 45.5153 163.283 -9.8251e-15 151.202 174.281 
-37.9175 45.5166 163.274 -0 151.209 174.075 
-37.6964 45.5176 163.265 9.82977e-15 151.217 173.868 
-37.4742 45.5183 163.256 -9.83236e-15 151.225 173.661 
-37.2509 45.5187 163.247 -0 151.234 173.452 
-37.0266 45.5187 163.238 -0 151.244 173.242 
-36.8011 45.5184 163.228 9.84116e-15 151.253 173.032 
-36.5747 45.5178 163.218 9.84446e-15 151.264 172.82 
-36.3471 45.5168 163.208 -9.84793e-15 151.275 172.607 
-36.1186 45.5154 163.198 9.85159e-15 151.287 172.394 
-35.889 45.5137 163.187 9.85544e-15 151.299 172.179 
-35.6585 45.5117 163.177 -9.85948e-15 151.312 171.964 
-35.4269 45.5092 163.166 -9.86371e-15 151.325 171.748 
-35.1944 45.5064 163.154 -0 151.339 171.531 
-34.9609 45.5033 163.143 -1.97455e-14 151.354 171.313 
-34.7264 45.4997 163.131 -9.87759e-15 151.369 171.094 
-34.491 45.4958 163.119 -0 151.385 170.874 
-34.2547 45.4915 163.107 9.88786e-15 151.402 170.653 
-34.0175 45.4868 163.094 -9.89331e-15 151.419 170.432 
-33.7794 45.4817 163.081 -9.89898e-15 151.437 170.21 
-33.5404 45.4763 163.068 -0 151.455 169.987 
-33.3005 45.4704 163.055 -0 151.475 169.763 
-33.0598 45.4641 163.042 -9.91727e-15 151.494 169.538 
-32.8182 45.4574 163.028 9.92381e-15 151.515 169.313 
-32.5758 45.4504 163.014 -0 151.536 169.087 
-32.3326 45.4429 162.999 -0 151.558 168.86 
-32.0886 45.435 162.985 9.94481e-15 151.581 168.633 
-31.8438 45.4266 162.97 -9.95228e-15 151.604 168.405 
-31.5983 45.4179 162.954 9.95998e-15 151.628 168.176 
-31.352 45.4087 162.939 9.96793e-15 151.652 167.946 
-31.105 45.3991 162.923 9.97612e-15 151.678 167.716 
-30.8572 45.3891 162.907 -0 151.704 167.485 
-30.6088 45.3787 162.891 9.99325e-15 151.731 167.254 
-30.3597 45.3678 162.874 -0 151.758 167.022 
-30.1099 45.3565 162.857 1.00114e-14 151.787 166.79 
-29.8595 45.3447 162.84 1.00209e-14 151.816 166.556 
-29.6084 45.3325 162.822 -0 151.845 166.323 
-29.3568 45.3199 162.804 1.00406e-14 151.876 166.089 
-29.1045 45.3068 162.786 -1.00508e-14 151.907 165.854 
-28.8523 45.2933 162.768 -0 151.939 165.619 
-28.6007 45.2795 162.749 -0 151.972 165.385 
-28.3499 45.2653 162.73 -2.0166e-14 152.005 165.152 
-28.0997 45.2507 162.711 2.01884e-14 152.038 164.92 
-27.8503 45.2358 162.692 -0 152.073 164.688 
-27.6016 45.2205 162.672 -0 152.107 164.457 
-27.3536 45.2048 162.652 -0 152.143 164.226 
-27.1063 45.1888 162.632 -0 152.179 163.997 
-26.8598 45.1725 162.612 -0 152.215 163.768 
-26.614 45.1558 162.592 -1.01658e-14 152.252 163.54 
-26.3689 45.1388 162.571 2.0357e-14 152.29 163.312 
-26.1246 45.1215 162.55 -0 152.328 163.086 
-25.8811 45.1038 162.529 -1.02046e-14 152.367 162.86 
-25.6383 45.0859 162.508 1.02179e-14 152.406 162.635 
-25.3963 45.0676 162.487 -0 152.446 162.41 
-25.1551 45.049 162.465 -0 152.486 162.187 
-24.9146 45.0301 162.443 -0 152.527 161.964 
-24.6749 45.0109 162.421 -1.02736e-14 152.568 161.742 
-24.436 44.9914 162.399 -0 152.61 161.52 
-24.1979 44.9716 162.376 -0 152.652 161.3 
-23.9606 44.9515 162.354 -0 152.695 161.08 
-23.7241 44.9311 162.331 -1.03327e-14 152.738 160.861 
-23.4883 44.9105 162.308 -0 152.782 160.643 
-23.2534 44.8896 162.284 -0 152.826 160.426 
-23.0193 44.8684 162.261 1.03794e-14 152.871 160.21 
-22.786 44.8469 162.237 1.03954e-14 152.916 159.994 
-22.5536 44.8252 162.213 1.04116e-14 152.962 159.779 
-22.3219 44.8033 162.189 -0 153.008 159.565 
-22.0911 44.781 162.165 1.04447e-14 153.054 159.352 
-21.8611 44.7586 162.14 -0 153.101 159.139 
-21.6319 44.7359 162.115 -0 153.149 158.928 
-21.4036 44.7129 162.091 -1.0496e-14 153.197 158.717 
-21.1761 44.6897 162.065 1.05135e-14 153.245 158.507 
-20.9494 44.6663 162.04 -0 153.293 158.298 
-20.7236 44.6427 162.015 -1.05493e-14 153.343 158.09 
-20.4986 44.6188 161.989 -0 153.392 157.883 
-20.2745 44.5948 161.963 -0 153.442 157.676 
-20.0512 44.5705 161.937 -0 153.492 157.471 
-19.8287 44.546 161.911 -0 153.543 157.266 
-19.6071 44.5213 161.884 1.06425e-14 153.594 157.062 
-19.3864 44.4964 161.858 -0 153.646 156.859 
-19.1665 44.4713 161.831 1.06813e-14 153.698 156.656 
-18.9475 44.4461 161.804 1.07011e-14 153.75 156.455 
-18.7293 44.4206 161.777 -0 153.803 156.254 
-18.512 44.395 161.749 -0 153.856 156.055 
-18.2955 44.3692 161.722 1.07617e-14 153.909 155.856 
-18.0799 44.3432 161.694 -0 153.963 155.658 
-17.8652 44.317 161.666 -0 154.017 155.461 
-17.6513 44.2907 161.638 -0 154.071 155.265 
-17.4383 44.2642 161.61 -0 154.126 155.069 
-17.2261 44.2376 161.581 1.08673e-14 154.181 154.875 
-17.0149 44.2108 161.552 -0 154.237 154.681 
-16.8044 44.1839 161.524 -0 154.293 154.488 
-16.5949 44.1568 161.495 -0 154.349 154.296 
-16.3862 44.1296 161.465 -0 154.405 154.105 
-16.1784 44.1022 161.436 -0 154.462 153.915 
-15.9714 44.0748 161.406 1.10014e-14 154.519 153.726 
-15.7653 44.0472 161.377 1.10246e-14 154.576 153.537 
-15.5601 44.0194 161.347 -0 154.634 153.35 
-15.3557 43.9916 161.317 -0 154.692 153.163 
-15.1522 43.9636 161.286 1.10955e-14 154.75 152.977 
-14.9496 43.9355 161.256 -5.55977e-15 154.809 152.792 
-14.7478 43.9074 161.225 -1.11439e-14 154.867 152.608 
-14.5469 43.8791 161.195 1.11684e-14 154.926 152.425 
-14.3468 43.8507 161.164 -1.11932e-14 154.986 152.242 
-14.1476 43.8222 161.132 5.6091e-15 155.045 152.061 
-13.9493 43.7936 161.101 -5.62172e-15 155.105 151.88 
-13.7518 43.765 161.07 5.63446e-15 155.165 151.7 
-13.5552 43.7362 161.038 5.64732e-15 155.226 151.521 
-13.3595 43.7074 161.006 5.6603e-15 155.286 151.343 
-13.1646 43.6785 160.974 5.6734e-15 155.347 151.166 
-12.9705 43.6495 160.942 5.68662e-15 155.408 150.989 
-12.7774 43.6205 160.91 -5.69995e-15 155.47 150.814 
-12.585 43.5914 160.877 -0 155.531 150.639 
-12.3936 43.5622 160.845 -5.72698e-15 155.593 150.465 
-12.2029 43.5329 160.812 -0 155.655 150.292 
-12.0131 43.5036 160.779 -5.7545e-15 155.717 150.12 
-11.8242 43.4743 160.746 -5.76843e-15 155.78 149.949 
-11.6361 43.4449 160.713 5.78249e-15 155.842 149.778 
-11.4489 43.4154 160.679 -0 155.905 149.609 
-11.2625 43.3859 160.646 5.81098e-15 155.968 149.44 
-11.077 43.3564 160.612 -5.82541e-15 156.031 149.272 
-10.8922 43.3268 160.578 -0 156.095 149.105 
-10.7084 43.2972 160.544 -5.85463e-15 156.159 148.939 
-10.5253 43.2676 160.51 5.86943e-15 156.222 148.773 
-10.3431 43.2379 160.476 -5.88436e-15 156.286 148.609 
-10.1617 43.2082 160.441 -5.89941e-15 156.351 148.445 
-9.98119 43.1785 160.407 5.91458e-15 156.415 148.282 
-9.80147 43.1488 160.372 -0 156.479 148.12 
-9.62257 43.119 160.337 -0 156.544 147.959 
-9.4445 43.0893 160.302 -0 156.609 147.798 
-9.26725 43.0595 160.266 5.97656e-15 156.674 147.639 
-9.09082 43.0297 160.231 -0 156.739 147.48 
-8.9152 42.9999 160.195 -6.00831e-15 156.805 147.322 
-8.7404 42.9701 160.16 -1.20488e-14 156.87 147.165 
-8.56641 42.9404 160.124 -0 156.936 147.008 
-8.39322 42.9106 160.088 -0 157.001 146.853 
-8.22085 42.8808 160.052 6.07338e-15 157.067 146.698 
-8.04928 42.851 160.016 -0 157.133 146.544 
-7.87851 42.8213 159.979 6.1067e-15 157.2 146.391 
-7.70853 42.7915 159.943 -0 157.266 146.238 
-7.53936 42.7618 159.906 6.14056e-15 157.332 146.087 
-7.37098 42.7321 159.869 6.15769e-15 157.399 145.936 
-7.20338 42.7024 159.832 6.17495e-15 157.466 145.786 
-7.03658 42.6727 159.795 -0 157.532 145.637 
-6.87056 42.6431 159.758 -0 157.599 145.489 
-6.70533 42.6135 159.72 -0 157.666 145.341 
-6.54087 42.5839 159.683 3.12269e-15 157.733 145.194 
-6.37719 42.5544 159.645 -6.26333e-15 157.801 145.048 
-6.21428 42.5249 159.607 -0 157.868 144.903 
-6.05215 42.4954 159.569 -0 157.935 144.758 
-5.89079 42.466 159.531 -0 158.003 144.615 
-5.73019 42.4366 159.493 -3.16827e-15 158.07 144.472 
-5.57035 42.4072 159.455 -3.1776e-15 158.138 144.329 
-5.41127 42.3779 159.416 -0 158.206 144.188 
-5.25295 42.3487 159.378 -0 158.274 144.047 
-5.09538 42.3195 159.339 -0 158.342 143.907 
-4.93856 42.2903 159.3 -0 158.41 143.768 
-4.78249 42.2612 159.261 -0 158.478 143.63 
-4.62717 42.2322 159.222 3.23508e-15 158.546 143.492 
-4.47259 42.2032 159.183 -0 158.614 143.355 
-4.31874 42.1743 159.143 -0 158.683 143.219 
-4.16563 42.1454 159.104 3.26482e-15 158.751 143.083 
-4.01325 42.1166 159.064 3.27488e-15 158.819 142.949 
-3.86161 42.0879 159.024 -0 158.888 142.815 
-3.71068 42.0592 158.984 -3.29523e-15 158.956 142.681 
-3.56049 42.0306 158.944 3.30552e-15 159.025 142.549 
-3.41101 42.0021 158.904 -0 159.094 142.417 
-3.26224 41.9736 158.864 -3.32634e-15 159.162 142.286 
-3.1142 41.9452 158.824 -1.66843e-15 159.231 142.155 
-2.96686 41.9169 158.783 -0 159.3 142.026 
-2.82023 41.8887 158.742 -0 159.369 141.897 
-2.6743 41.8605 158.702 -1.68446e-15 159.438 141.768 
-2.52907 41.8325 158.661 -1.68988e-15 159.507 141.641 
-2.38454 41.8045 158.62 1.69534e-15 159.576 141.514 
-2.24071 41.7766 158.579 -0 159.645 141.388 
-2.09757 41.7487 158.537 -1.70639e-15 159.714 141.262 
-1.95511 41.721 158.496 -0 159.783 141.137 
-1.81334 41.6933 158.455 -0 159.852 141.013 
-1.67225 41.6658 158.413 -0 159.921 140.89 
-1.53184 41.6383 158.371 8.64493e-16 159.99 140.767 
-1.39211 41.6109 158.33 8.6737e-16 160.06 140.645 
-1.25304 41.5836 158.288 -0 160.129 140.523 
-1.11465 41.5564 158.246 -8.73188e-16 160.198 140.403 
-0.976923 41.5293 158.203 -0 160.267 140.283 
-0.839857 41.5023 158.161 -0 160.337 140.163 
-0.703451 41.4754 158.119 -0 160.406 140.044 
-0.567701 41.4486 158.076 -0 160.475 139.926 
-0.432603 41.4219 158.034 -0 160.544 139.809 
-0.298155 41.3953 157.991 2.22792e-16 160.614 139.692 
-0.164353 41.3688 157.948 -0 160.683 139.576 
-0.031195 41.3424 157.905 -0 160.752 139.46 
0.101323 41.3161 157.862 -0 160.822 139.345 
0.233205 41.2899 157.819 2.25902e-16 160.891 139.231 
0.364453 41.2638 157.776 2.26694e-16 160.96 139.117 
0.495071 41.2378 157.732 -0 161.03 139.004 
0.625061 41.2119 157.689 -9.13185e-16 161.099 138.892 
0.754427 41.1862 157.645 -0 161.168 138.78 
0.883173 41.1605 157.602 -0 161.238 138.669 
