-28.7761 39.7752 153.994 -3.97696e-14 166.23 163.763 
-28.7761 39.7755 153.995 3.97676e-14 166.23 163.762 
-28.776 39.776 153.996 -0 166.228 163.761 
-28.776 39.7767 153.997 -3.97595e-14 166.227 163.76 
-28.7759 39.7775 153.998 -0 166.225 163.759 
-28.7758 39.7786 153.999 -0 166.222 163.757 
-28.7757 39.7798 154.001 3.97373e-14 166.219 163.755 
-28.7755 39.7813 154.003 -3.97272e-14 166.215 163.752 
-28.7754 39.7829 154.006 -0 166.211 163.749 
-28.7752 39.7847 154.009 -0 166.207 163.746 
-28.7751 39.7867 154.012 -3.96888e-14 166.202 163.743 
-28.7749 39.7889 154.015 3.96734e-14 166.196 163.739 
-28.7747 39.7913 154.018 -3.96566e-14 166.19 163.735 
-28.7744 39.7939 154.022 -0 166.184 163.73 
-28.7742 39.7967 154.026 -0 166.177 163.725 
-28.7739 39.7997 154.031 -0 166.17 163.72 
-28.7736 39.8028 154.035 -3.95762e-14 166.162 163.715 
-28.7733 39.8062 154.04 -0 166.153 163.709 
-28.773 39.8098 154.046 -0 166.145 163.703 
-28.7727 39.8135 154.051 3.95021e-14 166.135 163.696 
-28.7723 39.8175 154.057 3.94747e-14 166.125 163.689 
-28.772 39.8216 154.063 -0 166.115 163.682 
-28.7716 39.826 154.07 -3.94162e-14 166.104 163.675 
-28.7712 39.8305 154.076 -0 166.093 163.667 
-28.7708 39.8352 154.083 -0 166.081 163.658 
-28.7703 39.8402 154.091 -3.93187e-14 166.069 163.65 
-28.7699 39.8453 154.098 3.92837e-14 166.057 163.641 
-28.7694 39.8507 154.106 -0 166.043 163.632 
-28.7689 39.8562 154.114 -0 166.03 163.622 
-28.7684 39.8619 154.122 -3.9171e-14 166.016 163.613 
-28.7679 39.8679 154.131 -3.91309e-14 166.001 163.602 
-28.7674 39.874 154.14 -0 165.986 163.592 
-28.7668 39.8804 154.149 -3.9047e-14 165.97 163.581 
-28.7662 39.8869 154.159 -3.90032e-14 165.954 163.57 
-28.7656 39.8937 154.169 7.79164e-14 165.938 163.558 
-28.765 39.9006 154.179 -0 165.921 163.547 
-28.7644 39.9078 154.189 -0 165.903 163.534 
-28.7638 39.9151 154.2 -0 165.885 163.522 
-28.7631 39.9227 154.211 -0 165.867 163.509 
-28.7624 39.9305 154.222 3.8715e-14 165.848 163.496 
-28.7617 39.9385 154.233 -0 165.828 163.482 
-28.761 39.9467 154.245 -3.86095e-14 165.808 163.468 
-28.7603 39.9551 154.257 -0 165.788 163.454 
-28.7595 39.9638 154.27 -7.69985e-14 165.767 163.44 
-28.7587 39.9726 154.282 -0 165.745 163.425 
-28.7579 39.9817 154.295 -0 165.723 163.41 
-28.7571 39.991 154.308 -0 165.701 163.394 
-28.7563 40.0005 154.322 3.82652e-14 165.678 163.378 
-28.7555 40.0102 154.336 3.82039e-14 165.654 163.362 
-28.7546 40.0201 154.35 -0 165.63 163.346 
-28.7537 40.0303 154.364 -0 165.606 163.329 
-28.7528 40.0407 154.379 -3.80134e-14 165.581 163.312 
-28.7519 40.0513 154.394 -0 165.555 163.294 
-28.7509 40.0621 154.409 -3.7881e-14 165.529 163.276 
-28.75 40.0731 154.424 -3.78133e-14 165.503 163.258 
-28.749 40.0844 154.44 3.77445e-14 165.476 163.239 
-28.748 40.0959 154.456 3.76746e-14 165.448 163.22 
-28.747 40.1077 154.472 -0 165.42 163.201 
-28.7459 40.1196 154.489 3.75319e-14 165.392 163.182 
-28.7449 40.1318 154.506 -0 165.363 163.162 
-28.7438 40.1443 154.523 3.73852e-14 165.333 163.142 
-28.7427 40.157 154.54 -0 165.303 163.121 
-28.7416 40.1699 154.558 -3.72346e-14 165.272 163.1 
-28.7405 40.183 154.576 -3.71579e-14 165.241 163.079 
-28.7393 40.1964 154.594 -0 165.21 163.057 
-28.7381 40.21 154.612 -0 165.177 163.035 
-28.7369 40.2239 154.631 -0 165.145 163.013 
-28.7357 40.2381 154.65 -0 165.112 162.991 
-28.7345 40.2524 154.67 -0 165.078 162.968 
-28.7332 40.267 154.689 3.66779e-14 165.044 162.944 
-28.7319 40.2819 154.709 3.65947e-14 165.009 162.921 
-28.7306 40.2971 154.729 3.65107e-14 164.974 162.897 
-28.7293 40.3124 154.75 -0 164.938 162.873 
-28.728 40.3281 154.771 -0 164.901 162.848 
-28.7266 40.344 154.792 -0 164.864 162.823 
-28.7252 40.3601 154.813 3.61663e-14 164.827 162.798 
-28.7238 40.3765 154.834 3.60781e-14 164.789 162.772 
-28.7224 40.3932 154.856 -0 164.751 162.746 
-28.721 40.4102 154.878 -0 164.711 162.72 
-28.7195 40.4274 154.901 -3.58088e-14 164.672 162.693 
-28.718 40.4449 154.923 3.57175e-14 164.632 162.666 
-28.7165 40.4627 154.946 3.56255e-14 164.591 162.639 
-28.715 40.4807 154.97 -0 164.55 162.611 
-28.7134 40.499 154.993 -0 164.508 162.583 
-28.7118 40.5176 155.017 -0 164.466 162.555 
-28.7102 40.5365 155.041 -0 164.423 162.526 
-28.7086 40.5557 155.065 -3.51543e-14 164.379 162.497 
-28.707 40.5751 155.09 -0 164.335 162.468 
-28.7053 40.5949 155.114 -0 164.291 162.438 
-28.7036 40.6149 155.14 -0 164.246 162.408 
-28.7019 40.6352 155.165 -3.47651e-14 164.2 162.378 
-28.7001 40.6559 155.191 -0 164.154 162.347 
-28.6984 40.6768 155.216 3.45666e-14 164.107 162.316 
-28.6966 40.698 155.243 -3.44664e-14 164.059 162.285 
-28.6948 40.7196 155.269 -0 164.011 162.253 
-28.6929 40.7414 155.296 3.42643e-14 163.963 162.221 
-28.6911 40.7636 155.323 3.41623e-14 163.914 162.189 
-28.6892 40.786 155.35 -0 163.864 162.156 
-28.6873 40.8088 155.378 -0 163.814 162.123 
-28.6853 40.8319 155.405 -0 163.763 162.089 
-28.6834 40.8553 155.434 -3.3749e-14 163.711 162.056 
-28.6814 40.8791 155.462 -0 163.659 162.022 
-28.6794 40.9032 155.49 -0 163.606 161.987 
-28.6773 40.9276 155.519 -3.34336e-14 163.553 161.952 
-28.6753 40.9523 155.548 -0 163.499 161.917 
-28.6732 40.9774 155.578 -0 163.445 161.882 
-28.6711 41.0028 155.608 -0 163.39 161.846 
-28.6689 41.0286 155.637 3.30062e-14 163.334 161.81 
-28.6667 41.0547 155.668 -3.28983e-14 163.278 161.773 
-28.6645 41.0811 155.698 3.27899e-14 163.221 161.736 
-28.6623 41.1079 155.729 3.26811e-14 163.163 161.699 
-28.6601 41.1351 155.76 -0 163.105 161.662 
-28.6578 41.1626 155.791 -0 163.046 161.624 
-28.6555 41.1905 155.823 3.23522e-14 162.987 161.585 
-28.6531 41.2188 155.854 -6.44837e-14 162.927 161.547 
-28.6508 41.2474 155.886 3.21311e-14 162.866 161.508 
-28.6484 41.2764 155.919 -0 162.805 161.469 
-28.646 41.3058 155.951 -0 162.743 161.429 
-28.6435 41.3356 155.984 -0 162.68 161.389 
-28.641 41.3657 156.017 -0 162.617 161.349 
-28.6385 41.3963 156.05 -0 162.553 161.308 
-28.636 41.4272 156.084 3.14596e-14 162.489 161.267 
-28.6334 41.4586 156.118 -3.13466e-14 162.424 161.226 
-28.6308 41.4903 156.152 -3.12333e-14 162.358 161.184 
-28.6282 41.5224 156.186 -3.11198e-14 162.291 161.142 
-28.6255 41.555 156.221 -0 162.224 161.1 
-28.6228 41.588 156.256 3.08919e-14 162.156 161.057 
-28.6201 41.6214 156.291 -0 162.088 161.014 
-28.6173 41.6552 156.326 3.06631e-14 162.019 160.97 
-28.6145 41.6894 156.362 -0 161.949 160.927 
-28.6117 41.7241 156.398 -0 161.878 160.883 
-28.6088 41.7592 156.434 -3.03183e-14 161.807 160.838 
-28.6059 41.7947 156.47 -0 161.735 160.793 
-28.603 41.8307 156.507 -0 161.662 160.748 
-28.6 41.8672 156.544 2.99717e-14 161.589 160.702 
-28.597 41.9041 156.581 2.98558e-14 161.515 160.657 
-28.594 41.9415 156.618 2.97398e-14 161.44 160.61 
-28.5909 41.9793 156.656 -0 161.365 160.564 
-28.5878 42.0176 156.694 -0 161.289 160.517 
-28.5847 42.0564 156.732 -0 161.212 160.47 
-28.5815 42.0956 156.77 2.92743e-14 161.134 160.422 
-28.5783 42.1354 156.809 -0 161.056 160.374 
-28.575 42.1756 156.848 -0 160.977 160.326 
-28.5717 42.2163 156.887 -0 160.897 160.277 
-28.5684 42.2575 156.926 2.88071e-14 160.816 160.228 
-28.565 42.2993 156.966 -0 160.735 160.178 
-28.5616 42.3415 157.006 -0 160.653 160.129 
-28.5582 42.3843 157.046 -0 160.57 160.078 
-28.5547 42.4276 157.086 -0 160.487 160.028 
-28.5512 42.4714 157.126 -0 160.402 159.977 
-28.5476 42.5158 157.167 -0 160.317 159.926 
-28.544 42.5607 157.208 2.79869e-14 160.231 159.874 
-28.5404 42.6061 157.25 -0 160.144 159.822 
-28.5367 42.6521 157.291 2.77522e-14 160.057 159.77 
-28.5329 42.6987 157.333 -2.76349e-14 159.969 159.718 
-28.5292 42.7458 157.375 -0 159.879 159.665 
-28.5253 42.7935 157.417 -0 159.79 159.611 
-28.5215 42.8418 157.459 -0 159.699 159.557 
-28.5176 42.8907 157.502 -0 159.607 159.503 
-28.5136 42.9402 157.545 -0 159.515 159.449 
-28.5096 42.9902 157.588 -0 159.422 159.394 
-28.5056 43.0409 157.631 1.3407e-14 159.328 159.339 
-28.5015 43.0922 157.675 -0 159.233 159.283 
-28.4973 43.1441 157.719 -1.32899e-14 159.137 159.228 
-28.4931 43.1966 157.763 -1.32314e-14 159.041 159.171 
-28.4889 43.2498 157.807 1.31729e-14 158.943 159.115 
-28.4846 43.3036 157.852 -1.31145e-14 158.845 159.058 
-28.4803 43.358 157.896 1.30561e-14 158.746 159 
-28.4759 43.4131 157.941 1.29978e-14 158.646 158.943 
-28.4714 43.4689 157.986 -2.5879e-14 158.545 158.885 
-28.4669 43.5254 158.032 -0 158.443 158.826 
-28.4624 43.5825 158.077 1.28231e-14 158.34 158.767 
-28.4578 43.6403 158.123 -0 158.236 158.708 
-28.4531 43.6989 158.169 -2.54138e-14 158.132 158.648 
-28.4484 43.7581 158.216 -0 158.026 158.589 
-28.4436 43.818 158.262 -2.51819e-14 157.92 158.528 
-28.4388 43.8787 158.309 -0 157.813 158.468 
-28.4339 43.9401 158.356 1.24753e-14 157.704 158.406 
-28.429 44.0022 158.403 1.24176e-14 157.595 158.345 
-28.424 44.0651 158.45 -0 157.485 158.283 
-28.4189 44.1287 158.498 1.23024e-14 157.374 158.221 
-28.4138 44.1931 158.545 1.22449e-14 157.262 158.158 
-28.4086 44.2583 158.593 -0 157.148 158.096 
-28.4034 44.3242 158.641 -1.21303e-14 157.034 158.032 
-28.3981 44.391 158.69 1.2073e-14 156.919 157.969 
-28.3927 44.4585 158.738 -0 156.803 157.904 
-28.3873 44.5269 158.787 -0 156.686 157.84 
-28.3818 44.5961 158.836 -0 156.568 157.775 
-28.3762 44.6661 158.885 1.18452e-14 156.449 157.71 
-28.3706 44.7369 158.935 -0 156.329 157.644 
-28.3649 44.8087 158.984 -0 156.207 157.578 
-28.3591 44.8812 159.034 1.16753e-14 156.085 157.512 
-28.3532 44.9547 159.084 -0 155.962 157.445 
-28.3473 45.029 159.134 -1.15626e-14 155.837 157.378 
-28.3413 45.1043 159.184 1.15065e-14 155.711 157.31 
-28.3352 45.1804 159.235 -1.14504e-14 155.585 157.242 
-28.3291 45.2574 159.285 1.13945e-14 155.457 157.174 
-28.3229 45.3354 159.336 -1.13386e-14 155.328 157.105 
-28.3166 45.4143 159.387 -0 155.198 157.036 
-28.3102 45.4942 159.439 -1.12274e-14 155.067 156.967 
-28.3038 45.5748 159.49 1.11721e-14 154.935 156.897 
-28.2973 45.656 159.541 -0 154.803 156.827 
-28.2907 45.7378 159.592 -1.10626e-14 154.67 156.757 
-28.2841 45.8201 159.643 -1.10085e-14 154.536 156.687 
-28.2775 45.9031 159.694 -0 154.403 156.618 
-28.2708 45.9865 159.745 -1.09014e-14 154.268 156.548 
-28.2641 46.0706 159.796 -0 154.133 156.477 
-28.2573 46.1553 159.847 1.07959e-14 153.998 156.407 
-28.2504 46.2405 159.898 1.07436e-14 153.862 156.337 
-28.2435 46.3264 159.948 -0 153.725 156.267 
-28.2365 46.4128 159.999 -0 153.588 156.197 
-28.2295 46.4998 160.049 1.05892e-14 153.451 156.126 
-28.2225 46.5875 160.1 1.05384e-14 153.313 156.056 
-28.2153 46.6757 160.15 -0 153.174 155.986 
-28.2082 46.7646 160.2 -1.04379e-14 153.035 155.915 
-28.2009 46.854 160.25 -0 152.896 155.845 
-28.1936 46.9441 160.3 -1.03388e-14 152.756 155.774 
-28.1863 47.0348 160.35 1.02898e-14 152.615 155.703 
-28.1788 47.1262 160.4 -0 152.474 155.633 
-28.1714 47.2181 160.45 -0 152.332 155.562 
-28.1638 47.3107 160.499 -0 152.19 155.491 
-28.1562 47.404 160.549 -0 152.047 155.42 
-28.1485 47.4978 160.599 -0 151.904 155.349 
-28.1408 47.5924 160.648 1.00027e-14 151.76 155.278 
-28.133 47.6875 160.697 -0 151.615 155.207 
-28.1252 47.7833 160.747 -0 151.47 155.136 
-28.1172 47.8798 160.796 -9.86346e-15 151.324 155.065 
-28.1092 47.977 160.845 9.81769e-15 151.178 154.993 
-28.1012 48.0748 160.894 9.77223e-15 151.032 154.922 
-28.0931 48.1732 160.943 -9.72708e-15 150.884 154.851 
-28.0849 48.2724 160.991 -0 150.736 154.779 
-28.0766 48.3722 161.04 -0 150.588 154.707 
-28.0683 48.4727 161.089 -9.59344e-15 150.439 154.636 
-28.0598 48.5738 161.137 -0 150.289 154.564 
-28.0514 48.6757 161.186 -0 150.139 154.492 
-28.0428 48.7782 161.234 -0 149.988 154.42 
-28.0342 48.8815 161.282 -0 149.836 154.349 
-28.0255 48.9854 161.33 -0 149.684 154.277 
-28.0167 49.0901 161.378 -9.3341e-15 149.532 154.204 
-28.0078 49.1955 161.426 -9.29188e-15 149.378 154.132 
-27.9989 49.3015 161.474 -9.24994e-15 149.224 154.06 
-27.9898 49.4083 161.522 -9.20828e-15 149.07 153.988 
-27.9807 49.5158 161.569 9.16689e-15 148.915 153.915 
-27.9715 49.624 161.617 -9.12578e-15 148.759 153.843 
-27.9623 49.733 161.664 -0 148.603 153.77 
-27.9529 49.8427 161.712 -0 148.446 153.698 
-27.9435 49.9531 161.759 9.00406e-15 148.288 153.625 
-27.9339 50.0643 161.806 -8.96402e-15 148.13 153.552 
-27.9243 50.1762 161.853 8.92424e-15 147.971 153.479 
-27.9146 50.2888 161.9 -0 147.811 153.406 
-27.9048 50.4023 161.947 -0 147.651 153.333 
-27.8949 50.5164 161.993 -0 147.49 153.26 
-27.8849 50.6314 162.04 -0 147.329 153.187 
-27.8749 50.7471 162.086 -8.72924e-15 147.167 153.113 
-27.8647 50.8635 162.133 8.691e-15 147.004 153.04 
-27.8544 50.9808 162.179 -0 146.84 152.966 
-27.844 51.0988 162.225 -8.61527e-15 146.676 152.892 
-27.8336 51.2176 162.271 -1.71555e-14 146.511 152.819 
-27.823 51.3372 162.317 8.54052e-15 146.346 152.745 
-27.8123 51.4575 162.363 -0 146.18 152.671 
-27.8015 51.5787 162.408 -8.46675e-15 146.013 152.597 
-27.7906 51.7007 162.454 -0 145.845 152.523 
-27.7796 51.8235 162.499 8.39394e-15 145.677 152.448 
-27.7685 51.9471 162.545 -0 145.508 152.374 
-27.7573 52.0715 162.59 -1.66441e-14 145.339 152.299 
-27.746 52.1967 162.635 -8.28648e-15 145.168 152.225 
-27.7346 52.3227 162.68 -0 144.997 152.15 
-27.723 52.4496 162.725 -0 144.826 152.075 
-27.7113 52.5773 162.77 -0 144.653 152 
-27.6995 52.7058 162.814 -8.14644e-15 144.48 151.925 
-27.6876 52.8352 162.859 8.11199e-15 144.306 151.85 
-27.6756 52.9654 162.903 -0 144.132 151.774 
-27.6634 53.0964 162.947 8.04378e-15 143.956 151.699 
-27.6511 53.2283 162.991 -0 143.78 151.623 
-27.6387 53.3611 163.035 -7.97645e-15 143.604 151.548 
-27.6261 53.4947 163.079 -7.94311e-15 143.426 151.472 
-27.6134 53.6292 163.123 -0 143.248 151.396 
-27.6006 53.7646 163.166 -0 143.069 151.32 
-27.5876 53.9008 163.21 7.84439e-15 142.889 151.243 
-27.5745 54.0379 163.253 -0 142.709 151.167 
-27.5613 54.1759 163.296 -0 142.528 151.09 
-27.5479 54.3148 163.339 -0 142.346 151.014 
-27.5343 54.4545 163.382 -0 142.163 150.937 
-27.5207 54.5952 163.425 7.68412e-15 141.98 150.86 
-27.5068 54.7367 163.468 -0 141.795 150.783 
-27.4928 54.8792 163.51 -0 141.61 150.705 
-27.4787 55.0226 163.553 -7.59046e-15 141.425 150.628 
-27.4644 55.1668 163.595 -0 141.238 150.55 
-27.4499 55.312 163.637 7.52903e-15 141.051 150.473 
-27.4352 55.4581 163.679 -0 140.863 150.395 
-27.4204 55.6052 163.721 -0 140.674 150.317 
-27.4055 55.7531 163.762 -0 140.484 150.238 
-27.3903 55.902 163.804 7.4086e-15 140.294 150.16 
-27.375 56.0519 163.845 -7.37898e-15 140.103 150.081 
-27.3595 56.2026 163.887 -0 139.911 150.002 
-27.3438 56.3543 163.928 -0 139.718 149.923 
-27.3279 56.507 163.969 -0 139.524 149.844 
-27.3118 56.6606 164.009 -0 139.33 149.765 
-27.2955 56.8152 164.05 -0 139.135 149.685 
-27.2791 56.9707 164.09 -0 138.939 149.606 
-27.2624 57.1272 164.131 -0 138.742 149.526 
-27.2455 57.2847 164.171 -7.14908e-15 138.544 149.445 
-27.2285 57.4431 164.211 -0 138.346 149.365 
-27.2112 57.6025 164.251 -0 138.147 149.284 
-27.1937 57.7629 164.29 -0 137.947 149.204 
-27.1759 57.9242 164.33 7.0387e-15 137.746 149.123 
-27.158 58.0866 164.369 -0 137.544 149.041 
-27.1398 58.2499 164.409 -0 137.342 148.96 
-27.1214 58.4143 164.448 -6.95787e-15 137.138 148.878 
-27.1027 58.5796 164.486 -0 136.934 148.796 
-27.0838 58.7459 164.525 -0 136.729 148.714 
-27.0647 58.9133 164.564 -0 136.523 148.632 
-27.0453 59.0816 164.602 3.42633e-15 136.316 148.549 
-27.0257 59.251 164.64 3.4134e-15 136.109 148.466 
-27.0058 59.4213 164.678 -3.40057e-15 135.9 148.383 
-26.9856 59.5927 164.716 3.38782e-15 135.691 148.299 
-26.9651 59.7651 164.754 -3.37517e-15 135.481 148.215 
-26.9444 59.9386 164.791 -0 135.27 148.131 
-26.9234 60.113 164.829 -3.35012e-15 135.058 148.047 
-26.9021 60.2885 164.866 -0 134.846 147.963 
-26.8805 60.465 164.903 3.32543e-15 134.632 147.878 
-26.8586 60.6426 164.94 6.62643e-15 134.418 147.792 
-26.8364 60.8212 164.976 -0 134.202 147.707 
-26.8138 61.0008 165.013 -0 133.986 147.621 
-26.791 61.1815 165.049 3.27709e-15 133.769 147.535 
-26.7678 61.3632 165.085 3.26523e-15 133.552 147.448 
-26.7443 61.546 165.121 -3.25344e-15 133.333 147.362 
-26.7205 61.7298 165.157 -0 133.113 147.274 
-26.6963 61.9147 165.192 3.23014e-15 132.893 147.187 
-26.6717 62.1007 165.228 -0 132.672 147.099 
-26.6468 62.2877 165.263 3.20718e-15 132.45 147.011 
-26.6215 62.4757 165.298 6.39165e-15 132.227 146.922 
-26.5958 62.6648 165.332 -0 132.003 146.833 
-26.5697 62.855 165.367 -3.17337e-15 131.778 146.744 
-26.5432 63.0463 165.401 -6.32454e-15 131.552 146.654 
-26.5163 63.2386 165.436 -0 131.326 146.564 
-26.489 63.432 165.469 -3.14032e-15 131.099 146.473 
-26.4613 63.6264 165.503 3.12947e-15 130.87 146.382 
-26.4331 63.822 165.537 -0 130.641 146.291 
-26.4045 64.0186 165.57 -3.10802e-15 130.411 146.199 
-26.3754 64.2163 165.603 3.09743e-15 130.18 146.106 
-26.3458 64.415 165.636 -0 129.949 146.014 
-26.3158 64.6149 165.669 -3.07647e-15 129.716 145.92 
-26.2852 64.8158 165.702 -0 129.483 145.826 
-26.2542 65.0178 165.734 -3.05585e-15 129.248 145.732 
-26.2226 65.2209 165.766 -0 129.013 145.637 
-26.1905 65.425 165.798 -3.03556e-15 128.777 145.542 
-26.1578 65.6303 165.83 -0 128.54 145.446 
-26.1246 65.8366 165.861 -0 128.302 145.349 
-26.0908 66.044 165.892 -0 128.064 145.252 
-26.0564 66.2525 165.923 -0 127.824 145.154 
-26.0214 66.462 165.954 -0 127.584 145.056 
-25.9858 66.6727 165.985 -0 127.343 144.957 
-25.9495 66.8844 166.015 2.96708e-15 127.1 144.858 
-25.9126 67.0972 166.045 -0 126.857 144.757 
-25.875 67.3111 166.075 -2.94825e-15 126.614 144.657 
-25.8367 67.5261 166.105 -0 126.369 144.555 
-25.7977 67.7422 166.134 5.85946e-15 126.123 144.453 
-25.7579 67.9593 166.164 -0 125.877 144.35 
-25.7174 68.1775 166.193 -0 125.63 144.246 
-25.6762 68.3968 166.221 -2.90255e-15 125.382 144.141 
-25.6341 68.6171 166.25 2.89365e-15 125.133 144.036 
-25.5912 68.8386 166.278 -2.88483e-15 124.883 143.93 
-25.5474 69.061 166.306 -0 124.633 143.823 
-25.5028 69.2846 166.334 -0 124.381 143.715 
-25.4573 69.5092 166.362 -0 124.129 143.606 
-25.4108 69.7349 166.389 2.85034e-15 123.876 143.496 
-25.3634 69.9617 166.416 -0 123.622 143.385 
-25.315 70.1895 166.443 -0 123.367 143.274 
-25.2656 70.4184 166.47 -0 123.112 143.161 
-25.2152 70.6483 166.496 2.81711e-15 122.856 143.047 
-25.1636 70.8793 166.522 2.80899e-15 122.598 142.932 
-25.111 71.1113 166.548 -0 122.341 142.816 
-25.0572 71.3443 166.574 -0 122.082 142.699 
-25.0021 71.5784 166.599 -2.78513e-15 121.822 142.581 
-24.9459 71.8136 166.624 -0 121.562 142.461 
-24.8884 72.0497 166.649 2.7696e-15 121.301 142.341 
-24.8296 72.2869 166.674 -0 121.039 142.219 
-24.7694 72.5251 166.698 -0 120.777 142.095 
-24.7078 72.7643 166.722 -0 120.513 141.97 
-24.6447 73.0045 166.746 -0 120.249 141.844 
-24.5801 73.2458 166.77 -0 119.985 141.716 
-24.514 73.488 166.793 -0 119.719 141.586 
-24.4462 73.7312 166.816 2.71772e-15 119.453 141.455 
-24.3768 73.9754 166.839 -0 119.186 141.323 
-24.3056 74.2206 166.861 -0 118.918 141.188 
-24.2325 74.4668 166.884 -1.34832e-15 118.65 141.052 
-24.1576 74.7139 166.905 -1.34488e-15 118.381 140.914 
-24.0807 74.962 166.927 -0 118.111 140.773 
-24.0018 75.211 166.949 -0 117.84 140.631 
-23.9208 75.461 166.97 -0 117.569 140.487 
-23.8375 75.7119 166.991 1.33152e-15 117.297 140.34 
-23.752 75.9638 167.011 -1.32828e-15 117.025 140.191 
-23.6641 76.2166 167.032 1.32507e-15 116.752 140.04 
-23.5736 76.4702 167.052 -2.64381e-15 116.478 139.886 
-23.4806 76.7248 167.071 -0 116.204 139.73 
-23.3848 76.9803 167.091 1.31568e-15 115.929 139.571 
-23.2862 77.2366 167.11 -0 115.653 139.409 
-23.1847 77.4939 167.129 -1.30961e-15 115.377 139.244 
-23.08 77.752 167.148 -1.30663e-15 115.1 139.076 
-22.9721 78.0109 167.166 1.30369e-15 114.823 138.905 
-22.8608 78.2707 167.184 -0 114.545 138.731 
-22.746 78.5313 167.202 1.29793e-15 114.267 138.552 
-22.6274 78.7927 167.219 -0 113.988 138.371 
-22.5049 79.0549 167.236 -1.29231e-15 113.709 138.185 
-22.3783 79.3179 167.253 -0 113.429 137.995 
-22.2473 79.5817 167.27 -0 113.148 137.801 
-22.1119 79.8463 167.286 1.28417e-15 112.868 137.602 
-21.9716 80.1116 167.302 -0 112.586 137.398 
-21.8263 80.3776 167.318 -1.27893e-15 112.304 137.19 
-21.6757 80.6444 167.333 -0 112.022 136.976 
-21.5195 80.9118 167.348 -0 111.74 136.756 
-21.3574 81.18 167.363 -0 111.457 136.531 
-21.189 81.4488 167.378 -0 111.173 136.299 
-21.014 81.7183 167.392 -0 110.89 136.061 
-20.8319 81.9883 167.406 -0 110.606 135.815 
-20.6424 82.259 167.419 1.26178e-15 110.321 135.563 
-20.445 82.5303 167.433 1.25948e-15 110.037 135.302 
-20.2392 82.8022 167.446 -6.28606e-16 109.752 135.033 
-20.0244 83.0746 167.458 -0 109.467 134.755 
-19.8 83.3475 167.471 -6.26398e-16 109.182 134.467 
-19.5655 83.621 167.483 -6.25321e-16 108.896 134.169 
-19.32 83.8949 167.495 -0 108.611 133.86 
-19.0629 84.1692 167.506 -0 108.325 133.54 
-18.7933 84.444 167.517 -0 108.039 133.207 
-18.5102 84.7191 167.528 6.21202e-16 107.753 132.861 
-18.2127 84.9946 167.539 -6.20219e-16 107.467 132.5 
-17.8996 85.2704 167.549 -0 107.181 132.123 
-17.5697 85.5464 167.559 -0 106.895 131.73 
-17.2216 85.8227 167.568 -0 106.609 131.319 
-16.8538 86.0992 167.577 -0 106.323 130.888 
-16.4647 86.3758 167.586 -0 106.038 130.435 
-16.0523 86.6525 167.595 -0 105.753 129.96 
-15.6146 86.9292 167.603 6.13854e-16 105.468 129.459 
-15.1492 87.2059 167.611 -3.06509e-16 105.183 128.93 
-14.6534 87.4825 167.619 3.06101e-16 104.899 128.371 
-14.1242 87.7589 167.626 -0 104.615 127.778 
-13.5584 88.035 167.633 3.05312e-16 104.332 127.149 
-12.9519 88.3107 167.64 -3.04932e-16 104.049 126.48 
-12.3006 88.586 167.646 -0 103.768 125.765 
-11.5993 88.8606 167.652 -3.042e-16 103.487 125 
-10.8423 89.1345 167.658 -0 103.207 124.18 
-10.023 89.4075 167.663 1.51753e-16 102.929 123.297 
-9.13388 89.6795 167.668 -0 102.652 122.345 
-8.16595 89.9501 167.673 1.51424e-16 102.377 121.314 
-7.10894 90.2191 167.678 -0 102.103 120.193 
-5.95078 90.4863 167.682 -0 101.832 118.972 
-4.67733 90.7513 167.686 -0 101.563 117.635 
-3.27193 91.0137 167.689 -7.54139e-17 101.297 116.167 
-1.71494 91.273 167.692 -3.76729e-17 101.035 114.546 
0.0168443 91.5285 167.695 -0 100.777 112.751 
1.95084 91.7797 167.697 -0 100.523 110.754 
4.11939 92.0255 167.7 -0 100.275 108.522 
6.56041 92.265 167.701 -0 100.034 106.018 
9.31793 92.4967 167.703 -0 99.8004 103.197 
12.4422 92.7191 167.704 -0 99.5769 100.009 
15.9888 92.9301 167.705 1.49903e-16 99.365 96.3994 
20.0163 93.1273 167.705 -0 99.1673 92.3086 
24.5806 93.3077 167.706 1.49743e-16 98.9867 87.681 
29.7265 93.468 167.705 -0 98.8266 82.4718 
35.4728 93.6042 167.705 -0 98.6908 76.6622 
41.7955 93.7124 167.704 -0 98.5834 70.2762 
48.6104 93.7886 167.703 -0 98.5084 63.398 
55.7662 93.8297 167.702 -0 98.4687 56.1789 
63.0557 93.8339 167.7 1.49535e-16 98.4663 48.826 
70.2479 93.8011 167.698 -2.99097e-16 98.5012 41.5706 
77.1289 93.7328 167.695 -0 98.5718 34.6263 
83.5374 93.6321 167.693 -3.74043e-17 98.6753 28.1544 
89.3787 93.5028 167.69 7.01579e-17 98.8077 22.2499 
94.6199 93.3489 167.686 4.49203e-16 98.965 16.9454 
99.2745 93.1743 167.682 7.49044e-17 99.1433 12.2275 
103.384 92.9827 167.678 -1.49892e-16 99.339 8.0547 
107.003 92.7769 167.674 -4.4995e-16 99.5491 4.37204 
110.191 92.5596 167.669 -3.00165e-16 99.7711 1.12096 
113.004 92.3328 167.664 -6.00753e-16 100.003 -1.75483 
115.492 92.0982 167.659 -6.01203e-16 100.243 -4.30651 
117.701 91.8571 167.653 9.02515e-16 100.49 -6.57911 
119.67 91.6108 167.647 3.01087e-16 100.742 -8.61151 
121.432 91.36 167.641 3.01346e-16 100.999 -10.4369 
123.016 91.1056 167.634 -6.03233e-16 101.26 -12.0834 
124.444 90.8482 167.627 6.03794e-16 101.524 -13.5749 
125.737 90.5882 167.62 -6.04375e-16 101.792 -14.9315 
126.913 90.3262 167.612 -1.20995e-15 102.061 -16.1703 
127.985 90.0624 167.605 -6.05597e-16 102.333 -17.3059 
128.966 89.7971 167.596 2.42495e-15 102.607 -18.3506 
129.867 89.5307 167.588 1.82068e-15 102.882 -19.315 
130.697 89.2633 167.579 6.07572e-16 103.158 -20.2081 
131.464 88.9951 167.57 -0 103.435 -21.0379 
132.174 88.7263 167.56 1.82694e-15 103.714 -21.811 
132.833 88.457 167.55 1.21943e-15 103.993 -22.5332 
133.446 88.1874 167.54 -6.10463e-16 104.272 -23.2098 
134.018 87.9175 167.53 1.22246e-15 104.553 -23.8452 
134.553 87.6475 167.519 2.44807e-15 104.834 -24.4433 
135.054 87.3775 167.508 2.45128e-15 105.115 -25.0075 
135.524 87.1074 167.496 6.13643e-16 105.396 -25.5409 
135.966 86.8375 167.485 -2.45793e-15 105.678 -26.0462 
136.382 86.5677 167.473 2.46135e-15 105.96 -26.5257 
136.775 86.2981 167.46 -1.23243e-15 106.241 -26.9817 
137.146 86.0288 167.448 3.70263e-15 106.523 -27.4161 
137.497 85.7598 167.435 -1.23603e-15 106.805 -27.8305 
137.829 85.4912 167.422 1.23788e-15 107.087 -28.2265 
138.145 85.223 167.408 2.47955e-15 107.369 -28.6055 
138.445 84.9552 167.394 -0 107.651 -28.9687 
138.73 84.6879 167.38 -1.24366e-15 107.932 -29.3173 
139.002 84.421 167.366 -4.9826e-15 108.213 -29.6523 
139.261 84.1548 167.351 -1.24768e-15 108.494 -29.9747 
139.508 83.889 167.336 -2.49948e-15 108.775 -30.2853 
139.745 83.6239 167.32 -0 109.056 -30.5848 
139.971 83.3594 167.305 2.50795e-15 109.336 -30.874 
140.187 83.0955 167.289 -3.76842e-15 109.616 -31.1536 
140.394 82.8323 167.273 -1.25834e-15 109.895 -31.4241 
140.593 82.5697 167.256 -2.52116e-15 110.174 -31.6862 
140.784 82.3079 167.239 1.26285e-15 110.453 -31.9402 
140.967 82.0468 167.222 2.53032e-15 110.731 -32.1867 
141.143 81.7864 167.205 -3.8025e-15 111.009 -32.4261 
141.312 81.5267 167.187 1.26988e-15 111.286 -32.6588 
141.475 81.2679 167.169 -1.27229e-15 111.563 -32.8852 
141.633 81.0098 167.151 -6.37366e-15 111.84 -33.1057 
141.784 80.7525 167.132 -1.27721e-15 112.116 -33.3205 
141.93 80.496 167.113 -1.27972e-15 112.391 -33.5299 
142.071 80.2404 167.094 3.84682e-15 112.666 -33.7342 
142.207 79.9856 167.075 1.28486e-15 112.94 -33.9337 
142.339 79.7316 167.055 3.86242e-15 113.214 -34.1287 
142.466 79.4786 167.035 2.58025e-15 113.487 -34.3193 
142.589 79.2264 167.015 -0 113.759 -34.5057 
142.709 78.975 166.994 -2.59106e-15 114.031 -34.6882 
142.824 78.7246 166.973 2.59657e-15 114.302 -34.8669 
142.936 78.4751 166.952 -2.60215e-15 114.573 -35.0421 
143.044 78.2265 166.931 -2.6078e-15 114.843 -35.2138 
143.15 77.9788 166.909 -0 115.112 -35.3823 
143.252 77.7321 166.887 -0 115.381 -35.5476 
143.351 77.4863 166.865 2.62516e-15 115.649 -35.71 
143.447 77.2414 166.842 -2.63108e-15 115.916 -35.8695 
143.54 76.9976 166.82 2.63707e-15 116.183 -36.0263 
143.631 76.7546 166.797 -5.28626e-15 116.449 -36.1804 
143.719 76.5127 166.773 7.94778e-15 116.714 -36.332 
143.805 76.2717 166.75 5.31092e-15 116.978 -36.4812 
143.889 76.0318 166.726 -2.66172e-15 117.242 -36.6282 
143.97 75.7928 166.702 5.33612e-15 117.505 -36.7728 
144.05 75.5548 166.678 -5.34892e-15 117.768 -36.9154 
144.127 75.3178 166.653 -0 118.029 -37.0559 
144.202 75.0819 166.628 -0 118.29 -37.1944 
144.275 74.8469 166.603 2.69408e-15 118.55 -37.331 
144.347 74.613 166.578 -0 118.809 -37.4658 
144.417 74.3801 166.552 -5.41501e-15 119.068 -37.5989 
144.485 74.1482 166.526 -5.42863e-15 119.325 -37.7302 
144.551 73.9174 166.5 1.08848e-14 119.582 -37.8599 
144.616 73.6876 166.474 -0 119.838 -37.988 
144.679 73.4588 166.447 -5.47034e-15 120.094 -38.1146 
144.741 73.2311 166.421 -2.74226e-15 120.348 -38.2398 
144.801 73.0044 166.394 5.49882e-15 120.602 -38.3635 
144.86 72.7788 166.366 2.75664e-15 120.855 -38.4858 
144.918 72.5542 166.339 2.76393e-15 121.107 -38.6068 
144.975 72.3307 166.311 -0 121.358 -38.7266 
145.03 72.1083 166.283 -8.33616e-15 121.609 -38.8451 
145.084 71.8869 166.255 2.78622e-15 121.859 -38.9624 
145.137 71.6666 166.226 5.58757e-15 122.107 -39.0785 
145.188 71.4474 166.197 -8.40425e-15 122.355 -39.1935 
145.239 71.2292 166.168 -0 122.602 -39.3075 
145.289 71.0121 166.139 2.81689e-15 122.849 -39.4203 
145.337 70.7961 166.11 -5.64946e-15 123.094 -39.5322 
145.385 70.5811 166.08 -0 123.339 -39.643 
145.431 70.3672 166.05 -2.84062e-15 123.583 -39.7529 
145.477 70.1544 166.02 -1.13946e-14 123.826 -39.8619 
145.522 69.9427 165.99 -5.71355e-15 124.068 -39.97 
145.566 69.732 165.959 8.59487e-15 124.309 -40.0772 
145.609 69.5224 165.928 -2.87321e-15 124.549 -40.1835 
145.651 69.3139 165.897 -0 124.789 -40.289 
145.692 69.1065 165.866 -0 125.027 -40.3937 
145.733 68.9001 165.835 -5.79674e-15 125.265 -40.4976 
145.773 68.6949 165.803 -2.90689e-15 125.502 -40.6008 
145.812 68.4907 165.771 2.91549e-15 125.738 -40.7032 
145.85 68.2876 165.739 8.77245e-15 125.973 -40.8049 
145.888 68.0855 165.707 1.17315e-14 126.208 -40.906 
145.925 67.8846 165.674 -1.17667e-14 126.441 -41.0063 
145.961 67.6847 165.642 1.18022e-14 126.674 -41.106 
145.997 67.4859 165.609 2.95949e-15 126.906 -41.205 
146.032 67.2881 165.576 5.93698e-15 127.136 -41.3034 
146.067 67.0915 165.542 -5.95513e-15 127.366 -41.4012 
146.101 66.8959 165.509 5.97342e-15 127.595 -41.4984 
146.134 66.7014 165.475 2.99592e-15 127.824 -41.595 
146.167 66.5079 165.441 -1.20208e-14 128.051 -41.691 
146.199 66.3155 165.407 -1.20582e-14 128.278 -41.7865 
146.23 66.1242 165.373 6.04796e-15 128.503 -41.8815 
146.262 65.9339 165.338 3.03347e-15 128.728 -41.9759 
146.292 65.7448 165.303 -0 128.952 -42.0699 
146.322 65.5566 165.268 3.05266e-15 129.175 -42.1633 
146.352 65.3695 165.233 -0 129.397 -42.2562 
146.381 65.1835 165.198 -0 129.619 -42.3487 
146.41 64.9986 165.162 9.24591e-15 129.839 -42.4407 
146.438 64.8147 165.127 -3.09188e-15 130.059 -42.5323 
146.466 64.6318 165.091 6.20372e-15 130.277 -42.6234 
146.493 64.45 165.055 3.11191e-15 130.495 -42.714 
146.52 64.2692 165.019 -3.12203e-15 130.712 -42.8043 
146.547 64.0895 164.982 9.39665e-15 130.928 -42.8941 
146.573 63.9108 164.946 6.28496e-15 131.144 -42.9836 
146.599 63.7332 164.909 9.45843e-15 131.358 -43.0726 
146.624 63.5566 164.872 -3.16321e-15 131.572 -43.1613 
146.649 63.381 164.835 -0 131.784 -43.2496 
146.674 63.2064 164.797 -6.36845e-15 131.996 -43.3375 
146.698 63.0329 164.76 -0 132.207 -43.4251 
146.722 62.8604 164.722 6.41105e-15 132.417 -43.5123 
146.745 62.6889 164.684 -0 132.627 -43.5992 
146.769 62.5185 164.646 -0 132.835 -43.6857 
146.792 62.349 164.608 6.47603e-15 133.043 -43.7719 
146.814 62.1806 164.57 -6.49797e-15 133.25 -43.8578 
146.836 62.0131 164.531 -1.30401e-14 133.456 -43.9433 
146.858 61.8467 164.493 -0 133.661 -44.0286 
146.88 61.6812 164.454 -6.56467e-15 133.865 -44.1135 
146.901 61.5168 164.415 -0 134.068 -44.1982 
146.922 61.3534 164.376 6.60987e-15 134.271 -44.2825 
146.943 61.1909 164.336 6.63268e-15 134.473 -44.3666 
146.964 61.0294 164.297 6.65564e-15 134.674 -44.4504 
146.984 60.869 164.257 -1.33575e-14 134.874 -44.5339 
147.004 60.7094 164.217 6.702e-15 135.073 -44.6172 
147.024 60.5509 164.177 -6.7254e-15 135.272 -44.7002 
147.043 60.3933 164.137 -6.74895e-15 135.469 -44.7829 
147.062 60.2368 164.097 1.35453e-14 135.666 -44.8654 
147.081 60.0811 164.056 1.3593e-14 135.862 -44.9476 
147.1 59.9264 164.016 -2.04615e-14 136.058 -45.0296 
147.118 59.7727 163.975 6.84464e-15 136.252 -45.1113 
147.136 59.62 163.934 -2.74757e-14 136.446 -45.1929 
147.154 59.4681 163.893 -6.89338e-15 136.639 -45.2742 
147.172 59.3173 163.852 6.91797e-15 136.831 -45.3552 
147.19 59.1673 163.811 -0 137.022 -45.4361 
147.207 59.0183 163.769 -0 137.213 -45.5167 
147.224 58.8703 163.727 2.0978e-14 137.402 -45.5971 
147.241 58.7231 163.686 -7.01788e-15 137.591 -45.6773 
147.258 58.5769 163.644 -2.11297e-14 137.779 -45.7573 
147.274 58.4316 163.602 -0 137.967 -45.8371 
147.291 58.2872 163.56 -1.41888e-14 138.153 -45.9167 
147.307 58.1437 163.517 -1.42405e-14 138.339 -45.9961 
147.323 58.0012 163.475 -7.14622e-15 138.524 -46.0753 
147.338 57.8595 163.432 -7.17235e-15 138.708 -46.1543 
147.354 57.7188 163.389 -0 138.892 -46.2332 
147.369 57.5789 163.346 2.16753e-14 139.075 -46.3118 
147.384 57.4399 163.303 -7.2517e-15 139.257 -46.3903 
147.399 57.3018 163.26 7.27846e-15 139.438 -46.4686 
147.414 57.1646 163.217 1.46108e-14 139.619 -46.5468 
147.429 57.0283 163.173 2.19974e-14 139.798 -46.6247 
147.443 56.8928 163.13 -0 139.977 -46.7025 
147.458 56.7582 163.086 -1.47743e-14 140.156 -46.7802 
147.472 56.6245 163.042 7.4147e-15 140.333 -46.8577 
147.486 56.4916 162.998 -1.48849e-14 140.51 -46.935 
147.5 56.3596 162.954 -1.49407e-14 140.686 -47.0122 
147.513 56.2284 162.91 1.49968e-14 140.861 -47.0892 
147.527 56.0981 162.866 -3.01065e-14 141.036 -47.166 
