-18.85 47.8817 161.266 -9.71727e-15 150.852 -116.164 
-18.849 47.8823 161.267 -0 150.851 -116.165 
-18.8473 47.8834 161.267 -0 150.85 -116.168 
-18.8449 47.8848 161.268 -9.71586e-15 150.847 -116.173 
-18.8418 47.8867 161.269 -0 150.845 -116.178 
-18.838 47.889 161.27 9.71399e-15 150.841 -116.185 
-18.8335 47.8918 161.271 -0 150.837 -116.192 
-18.8284 47.8949 161.273 -0 150.833 -116.201 
-18.8225 47.8985 161.274 -0 150.827 -116.212 
-18.8159 47.9025 161.276 9.70798e-15 150.821 -116.223 
-18.8087 47.9069 161.278 -0 150.815 -116.236 
-18.8008 47.9118 161.28 -9.70386e-15 150.808 -116.249 
-18.7922 47.917 161.283 -9.70152e-15 150.8 -116.265 
-18.7828 47.9227 161.286 -0 150.792 -116.281 
-18.7728 47.9289 161.288 -9.69627e-15 150.783 -116.298 
-18.7621 47.9354 161.291 -0 150.773 -116.317 
-18.7507 47.9424 161.295 -9.69029e-15 150.763 -116.337 
-18.7386 47.9497 161.298 -0 150.752 -116.358 
-18.7258 47.9575 161.302 -0 150.741 -116.38 
-18.7123 47.9658 161.306 9.67993e-15 150.729 -116.404 
-18.6981 47.9744 161.31 -0 150.716 -116.428 
-18.6831 47.9835 161.314 9.6721e-15 150.703 -116.454 
-18.6675 47.993 161.318 -0 150.689 -116.481 
-18.6512 48.003 161.323 -9.66354e-15 150.674 -116.51 
-18.6341 48.0134 161.328 -0 150.659 -116.539 
-18.6164 48.0242 161.333 -9.65426e-15 150.643 -116.57 
-18.5979 48.0354 161.338 -9.64934e-15 150.627 -116.602 
-18.5787 48.047 161.343 -0 150.61 -116.635 
-18.5588 48.0591 161.349 -9.63897e-15 150.592 -116.67 
-18.5382 48.0716 161.355 -0 150.574 -116.706 
-18.5169 48.0846 161.361 9.62788e-15 150.555 -116.743 
-18.4948 48.098 161.367 -0 150.535 -116.781 
-18.472 48.1118 161.373 -0 150.515 -116.82 
-18.4485 48.126 161.38 9.60992e-15 150.494 -116.861 
-18.4243 48.1407 161.386 -0 150.473 -116.903 
-18.3993 48.1559 161.393 -0 150.451 -116.946 
-18.3736 48.1714 161.4 -9.59036e-15 150.428 -116.99 
-18.3471 48.1874 161.408 -0 150.405 -117.036 
-18.3199 48.2039 161.415 9.57646e-15 150.381 -117.083 
-18.292 48.2207 161.423 -0 150.356 -117.131 
-18.2633 48.238 161.431 -0 150.331 -117.181 
-18.2338 48.2558 161.439 -9.5543e-15 150.305 -117.231 
-18.2036 48.274 161.447 9.54658e-15 150.279 -117.283 
-18.1727 48.2926 161.455 -0 150.252 -117.336 
-18.141 48.3117 161.464 9.53062e-15 150.224 -117.391 
-18.1085 48.3313 161.473 -9.52238e-15 150.196 -117.447 
-18.0752 48.3513 161.482 -0 150.167 -117.504 
-18.0412 48.3717 161.491 -9.50542e-15 150.137 -117.562 
-18.0064 48.3926 161.5 9.49669e-15 150.107 -117.622 
-17.9708 48.4139 161.51 -9.4878e-15 150.076 -117.683 
-17.9345 48.4357 161.52 -9.47874e-15 150.045 -117.745 
-17.8973 48.4579 161.53 -0 150.013 -117.808 
-17.8594 48.4806 161.54 -0 149.98 -117.873 
-17.8207 48.5037 161.55 -0 149.946 -117.939 
-17.7811 48.5273 161.56 9.4409e-15 149.912 -118.007 
-17.7408 48.5514 161.571 -0 149.878 -118.076 
-17.6996 48.5759 161.582 -9.42103e-15 149.842 -118.146 
-17.6577 48.6009 161.593 -9.41086e-15 149.806 -118.217 
-17.6149 48.6263 161.604 -0 149.77 -118.29 
-17.5713 48.6522 161.615 9.39005e-15 149.732 -118.364 
-17.5268 48.6786 161.627 -0 149.694 -118.439 
-17.4816 48.7054 161.639 -0 149.656 -118.516 
-17.4355 48.7327 161.651 -0 149.617 -118.594 
-17.3885 48.7605 161.663 -9.34662e-15 149.577 -118.674 
-17.3407 48.7887 161.675 -0 149.536 -118.755 
-17.2921 48.8175 161.687 -0 149.495 -118.837 
-17.2425 48.8466 161.7 4.65624e-15 149.453 -118.92 
-17.1922 48.8763 161.713 -4.6504e-15 149.411 -119.005 
-17.1409 48.9064 161.726 -0 149.368 -119.092 
-17.0888 48.9371 161.739 -4.63852e-15 149.324 -119.179 
-17.0358 48.9681 161.752 -4.63247e-15 149.28 -119.268 
-16.9819 48.9997 161.766 -4.62635e-15 149.235 -119.359 
-16.9271 49.0318 161.779 9.24033e-15 149.189 -119.451 
-16.8713 49.0643 161.793 -0 149.143 -119.544 
-16.8147 49.0973 161.807 -0 149.096 -119.639 
-16.7572 49.1309 161.821 -0 149.048 -119.735 
-16.6988 49.1649 161.835 -0 149 -119.833 
-16.6394 49.1994 161.85 4.58821e-15 148.951 -119.932 
-16.5791 49.2343 161.865 -0 148.901 -120.032 
-16.5178 49.2698 161.879 4.57497e-15 148.851 -120.134 
-16.4556 49.3058 161.894 9.1365e-15 148.8 -120.238 
-16.3924 49.3423 161.909 4.56147e-15 148.748 -120.343 
-16.3283 49.3792 161.925 -0 148.696 -120.449 
-16.2632 49.4167 161.94 -0 148.643 -120.557 
-16.1971 49.4547 161.956 -4.54076e-15 148.59 -120.666 
-16.13 49.4932 161.972 -0 148.535 -120.777 
-16.0619 49.5322 161.987 4.52664e-15 148.48 -120.89 
-15.9929 49.5716 162.004 -0 148.425 -121.003 
-15.9228 49.6116 162.02 -0 148.369 -121.119 
-15.8516 49.6522 162.036 -4.50503e-15 148.312 -121.236 
-15.7795 49.6932 162.053 4.49772e-15 148.254 -121.354 
-15.7063 49.7347 162.069 -0 148.196 -121.474 
-15.6321 49.7768 162.086 4.48291e-15 148.137 -121.596 
-15.5568 49.8194 162.103 -0 148.077 -121.719 
-15.4804 49.8624 162.12 -0 148.017 -121.844 
-15.403 49.9061 162.138 -4.4603e-15 147.956 -121.97 
-15.3244 49.9502 162.155 4.45266e-15 147.895 -122.098 
-15.2448 49.9949 162.173 -0 147.833 -122.228 
-15.1641 50.0401 162.19 -0 147.77 -122.359 
-15.0822 50.0858 162.208 -0 147.706 -122.492 
-14.9992 50.132 162.226 -0 147.642 -122.626 
-14.9151 50.1788 162.244 8.8274e-15 147.577 -122.762 
-14.8298 50.2261 162.263 4.40576e-15 147.511 -122.9 
-14.7434 50.274 162.281 -0 147.445 -123.039 
-14.6558 50.3223 162.3 -0 147.378 -123.181 
-14.5671 50.3713 162.318 -0 147.31 -123.323 
-14.4771 50.4207 162.337 -0 147.242 -123.468 
-14.3859 50.4707 162.356 -0 147.173 -123.614 
-14.2935 50.5213 162.375 -0 147.104 -123.762 
-14.1999 50.5724 162.394 -4.34893e-15 147.033 -123.912 
-14.105 50.624 162.414 4.34065e-15 146.962 -124.063 
-14.0089 50.6762 162.433 8.66464e-15 146.891 -124.216 
-13.9115 50.7289 162.453 4.32395e-15 146.818 -124.371 
-13.8129 50.7822 162.473 -0 146.745 -124.528 
-13.7129 50.8361 162.492 -4.3071e-15 146.672 -124.687 
-13.6117 50.8904 162.512 -4.29862e-15 146.597 -124.847 
-13.5091 50.9454 162.532 -4.29011e-15 146.522 -125.009 
-13.4052 51.0009 162.553 4.28156e-15 146.446 -125.173 
-13.3 51.057 162.573 -0 146.37 -125.339 
-13.1934 51.1136 162.593 -0 146.293 -125.507 
-13.0854 51.1707 162.614 -0 146.215 -125.677 
-12.976 51.2285 162.635 -0 146.137 -125.849 
-12.8652 51.2868 162.655 4.23831e-15 146.058 -126.022 
-12.753 51.3457 162.676 -0 145.978 -126.197 
-12.6394 51.4051 162.697 4.2208e-15 145.898 -126.375 
-12.5243 51.4651 162.718 -0 145.817 -126.554 
-12.4078 51.5256 162.739 -0 145.735 -126.736 
-12.2897 51.5868 162.761 -0 145.652 -126.919 
-12.1702 51.6485 162.782 -4.18545e-15 145.569 -127.104 
-12.0492 51.7107 162.804 -4.17655e-15 145.486 -127.292 
-11.9266 51.7736 162.825 -4.16762e-15 145.401 -127.481 
-11.8025 51.837 162.847 -0 145.316 -127.672 
-11.6768 51.901 162.869 -0 145.23 -127.866 
-11.5495 51.9655 162.89 -4.14072e-15 145.144 -128.062 
-11.4206 52.0306 162.912 -0 145.057 -128.259 
-11.2901 52.0963 162.934 -0 144.969 -128.459 
-11.158 52.1626 162.957 -0 144.881 -128.661 
-11.0242 52.2294 162.979 -0 144.792 -128.865 
-10.8888 52.2968 163.001 -0 144.702 -129.072 
-10.7516 52.3648 163.023 -0 144.612 -129.28 
-10.6127 52.4333 163.046 -0 144.521 -129.491 
-10.4721 52.5025 163.068 -4.06818e-15 144.429 -129.704 
-10.3298 52.5722 163.091 -4.05904e-15 144.337 -129.92 
-10.1856 52.6424 163.113 -0 144.244 -130.137 
-10.0397 52.7133 163.136 -0 144.151 -130.357 
-9.89193 52.7847 163.159 4.03158e-15 144.057 -130.58 
-9.74234 52.8566 163.182 -4.02241e-15 143.962 -130.804 
-9.59088 52.9292 163.205 4.01323e-15 143.866 -131.031 
-9.43754 53.0023 163.227 -0 143.77 -131.261 
-9.2823 53.076 163.25 -0 143.674 -131.492 
-9.12513 53.1502 163.273 3.98565e-15 143.576 -131.727 
-8.966 53.225 163.297 -0 143.478 -131.963 
-8.8049 53.3004 163.32 1.98362e-15 143.38 -132.202 
-8.6418 53.3763 163.343 -0 143.281 -132.444 
-8.47668 53.4528 163.366 -0 143.181 -132.688 
-8.30951 53.5298 163.389 -1.96981e-15 143.081 -132.935 
-8.14027 53.6074 163.413 3.93042e-15 142.98 -133.185 
-7.96893 53.6855 163.436 1.96061e-15 142.879 -133.437 
-7.79546 53.7642 163.459 -0 142.776 -133.691 
-7.61985 53.8434 163.483 -0 142.674 -133.949 
-7.44206 53.9232 163.506 -1.94682e-15 142.571 -134.209 
-7.26207 54.0035 163.53 -1.94223e-15 142.467 -134.471 
-7.07984 54.0843 163.553 -0 142.363 -134.737 
-6.89537 54.1657 163.577 -0 142.258 -135.005 
-6.7086 54.2476 163.6 -1.92848e-15 142.152 -135.276 
-6.51953 54.33 163.624 -0 142.046 -135.55 
-6.32811 54.4129 163.647 1.91933e-15 141.94 -135.826 
-6.13432 54.4964 163.671 -0 141.833 -136.106 
-5.93814 54.5804 163.694 -0 141.726 -136.388 
-5.73952 54.6648 163.718 -1.90567e-15 141.618 -136.674 
-5.53845 54.7498 163.741 -0 141.509 -136.962 
-5.33489 54.8352 163.765 -0 141.4 -137.254 
-5.1288 54.9212 163.788 9.46035e-16 141.291 -137.548 
-4.92017 55.0076 163.812 -9.43778e-16 141.181 -137.846 
-4.70895 55.0945 163.835 9.41525e-16 141.07 -138.146 
-4.49512 55.1818 163.859 -0 140.96 -138.45 
-4.27865 55.2697 163.882 -0 140.848 -138.757 
-4.05949 55.3579 163.905 -0 140.737 -139.067 
-3.83763 55.4466 163.929 -9.3257e-16 140.625 -139.38 
-3.61302 55.5358 163.952 -0 140.512 -139.697 
-3.38563 55.6254 163.975 -0 140.399 -140.016 
-3.15543 55.7153 163.999 -0 140.286 -140.34 
-2.92238 55.8058 164.022 -0 140.172 -140.666 
-2.68645 55.8966 164.045 -0 140.058 -140.996 
-2.4476 55.9877 164.068 -4.59665e-16 139.944 -141.329 
-2.20581 56.0793 164.091 -4.58574e-16 139.829 -141.666 
-1.96102 56.1713 164.114 -9.14976e-16 139.714 -142.006 
-1.71322 56.2635 164.137 -0 139.599 -142.35 
-1.46235 56.3562 164.16 -0 139.484 -142.698 
-1.20839 56.4492 164.183 2.27127e-16 139.368 -143.049 
-0.951302 56.5424 164.206 -0 139.252 -143.403 
-0.691041 56.636 164.228 -0 139.136 -143.762 
-0.427575 56.7299 164.251 -0 139.019 -144.124 
-0.160866 56.8241 164.274 -0 138.902 -144.489 
0.109124 56.9185 164.296 -0 138.786 -144.859 
0.382433 57.0132 164.318 -0 138.668 -145.232 
0.659099 57.1082 164.341 -0 138.551 -145.61 
0.939159 57.2033 164.363 2.22923e-16 138.434 -145.991 
1.22265 57.2986 164.385 -0 138.317 -146.376 
1.50962 57.3942 164.407 -4.43798e-16 138.199 -146.765 
1.79936 57.4896 164.428 -0 138.082 -147.157 
2.09119 57.5848 164.45 -8.8357e-16 137.965 -147.552 
2.38509 57.6796 164.471 -8.81591e-16 137.849 -147.948 
2.68108 57.774 164.492 4.39816e-16 137.734 -148.346 
2.97916 57.8681 164.513 8.77697e-16 137.619 -148.747 
3.27934 57.9618 164.534 8.75784e-16 137.504 -149.149 
3.58163 58.0551 164.554 -8.73892e-16 137.391 -149.554 
3.88603 58.148 164.574 8.72023e-16 137.278 -149.961 
4.19254 58.2405 164.594 -0 137.165 -150.37 
4.50117 58.3326 164.614 8.6835e-16 137.053 -150.781 
4.81193 58.4242 164.633 -8.66546e-16 136.942 -151.194 
5.12482 58.5154 164.653 -8.64765e-16 136.832 -151.609 
5.43983 58.606 164.672 8.63005e-16 136.722 -152.027 
5.75698 58.6962 164.691 -8.61267e-16 136.613 -152.446 
6.07626 58.7859 164.709 -0 136.505 -152.868 
6.39768 58.875 164.727 -1.71571e-15 136.398 -153.292 
6.72124 58.9637 164.745 -0 136.291 -153.718 
7.04693 59.0517 164.763 -0 136.185 -154.146 
7.37477 59.1392 164.781 -0 136.08 -154.576 
7.70474 59.2261 164.798 1.70259e-15 135.976 -155.009 
8.03684 59.3125 164.815 -0 135.872 -155.443 
8.37109 59.3982 164.832 -0 135.77 -155.88 
8.70746 59.4833 164.849 -0 135.668 -156.319 
9.04597 59.5677 164.865 -0 135.567 -156.76 
9.3866 59.6515 164.882 1.68716e-15 135.467 -157.203 
9.72935 59.7346 164.897 -0 135.368 -157.648 
10.0742 59.817 164.913 -0 135.27 -158.095 
10.4212 59.8987 164.929 1.67842e-15 135.173 -158.545 
10.7703 59.9797 164.944 -1.6756e-15 135.077 -158.996 
11.1215 60.06 164.959 -1.67281e-15 134.981 -159.45 
11.4747 60.1395 164.973 -0 134.887 -159.905 
11.8301 60.2183 164.988 -1.66737e-15 134.794 -160.363 
12.1875 60.2962 165.002 -0 134.702 -160.823 
12.547 60.3734 165.016 -0 134.611 -161.285 
12.9086 60.4497 165.03 -3.31906e-15 134.521 -161.749 
13.2722 60.5253 165.043 -3.314e-15 134.432 -162.215 
13.6378 60.5999 165.056 -0 134.344 -162.683 
14.0054 60.6738 165.069 -0 134.257 -163.153 
14.375 60.7467 165.082 3.29935e-15 134.171 -163.625 
14.7467 60.8188 165.094 -0 134.087 -164.099 
15.1203 60.8899 165.107 -0 134.004 -164.575 
15.4958 60.9601 165.118 -3.28545e-15 133.921 -165.053 
15.8733 61.0294 165.13 3.28099e-15 133.84 -165.533 
16.2527 61.0978 165.142 3.27661e-15 133.761 -166.015 
16.634 61.1651 165.153 3.27232e-15 133.682 -166.499 
17.0172 61.2315 165.164 -3.26811e-15 133.605 -166.984 
17.4023 61.2969 165.174 -0 133.529 -167.472 
17.7892 61.3613 165.185 -3.25995e-15 133.454 -167.961 
18.1779 61.4247 165.195 3.256e-15 133.381 -168.452 
18.5684 61.487 165.205 -0 133.308 -168.945 
18.9607 61.5483 165.214 3.24834e-15 133.237 -169.44 
19.3547 61.6085 165.224 -0 133.168 -169.936 
19.7504 61.6676 165.233 -0 133.1 -170.434 
20.1479 61.7256 165.242 3.23749e-15 133.033 -170.934 
20.547 61.7825 165.25 3.23404e-15 132.967 -171.436 
20.9477 61.8383 165.259 -0 132.903 -171.939 
21.3501 61.893 165.267 -0 132.84 -172.444 
21.754 61.9465 165.274 -3.22419e-15 132.779 -172.95 
22.1595 61.9989 165.282 3.22108e-15 132.719 -173.458 
22.5664 62.05 165.289 -0 132.661 -173.967 
22.9749 62.1 165.296 -0 132.604 -174.478 
23.3848 62.1488 165.303 -6.42449e-15 132.548 -174.991 
23.7962 62.1964 165.309 -0 132.494 -175.504 
24.2089 62.2428 165.316 -3.20677e-15 132.442 -176.019 
24.6229 62.2879 165.322 -0 132.391 -176.536 
25.0383 62.3318 165.327 -0 132.341 -177.054 
25.4549 62.3745 165.333 -3.19919e-15 132.293 -177.573 
25.8727 62.4159 165.338 -3.19682e-15 132.246 -178.093 
26.2918 62.456 165.343 -0 132.201 -178.614 
26.712 62.4948 165.347 -3.19235e-15 132.158 -179.137 
27.1333 62.5324 165.352 -3.19024e-15 132.116 -179.661 
27.5556 62.5686 165.356 -3.18821e-15 132.076 179.814 
27.979 62.6036 165.36 -3.18627e-15 132.037 179.289 
28.4034 62.6372 165.363 3.18441e-15 132 178.762 
28.8287 62.6695 165.366 -0 131.964 178.234 
29.255 62.7004 165.369 6.36186e-15 131.93 177.705 
29.682 62.7301 165.372 9.53796e-15 131.898 177.176 
30.1099 62.7584 165.375 -0 131.867 176.646 
30.5385 62.7853 165.377 3.17634e-15 131.838 176.115 
30.9679 62.8109 165.379 -0 131.81 175.583 
31.3979 62.8351 165.38 3.1737e-15 131.785 175.05 
31.8285 62.8579 165.382 -3.1725e-15 131.76 174.517 
32.2598 62.8794 165.383 3.17138e-15 131.738 173.984 
32.6915 62.8994 165.384 9.51104e-15 131.717 173.449 
33.1237 62.9181 165.384 -6.33879e-15 131.697 172.915 
33.5564 62.9355 165.385 3.16852e-15 131.68 172.38 
33.9894 62.9514 165.385 6.33548e-15 131.664 171.844 
34.4227 62.9659 165.385 -3.16703e-15 131.649 171.309 
34.8564 62.9791 165.384 6.33282e-15 131.637 170.772 
35.2903 62.9908 165.383 -3.16587e-15 131.626 170.236 
35.7243 63.0012 165.382 -0 131.616 169.7 
36.1585 63.0101 165.381 -0 131.609 169.163 
36.5928 63.0177 165.38 6.32948e-15 131.603 168.626 
37.0271 63.0238 165.378 3.16453e-15 131.598 168.09 
37.4614 63.0286 165.376 -6.3288e-15 131.596 167.553 
37.8956 63.0319 165.373 -0 131.595 167.016 
38.3298 63.0339 165.371 -0 131.595 166.48 
38.7637 63.0344 165.368 -0 131.598 165.943 
39.1974 63.0336 165.365 -6.32938e-15 131.602 165.407 
39.6309 63.0314 165.361 -0 131.607 164.871 
40.0641 63.0277 165.357 -0 131.615 164.336 
40.4969 63.0227 165.354 6.33153e-15 131.624 163.801 
40.9293 63.0164 165.349 -0 131.634 163.266 
41.3612 63.0086 165.345 -0 131.647 162.731 
41.7926 62.9995 165.34 6.33515e-15 131.66 162.198 
42.2234 62.9889 165.335 -0 131.676 161.664 
42.6537 62.9771 165.33 -0 131.693 161.132 
43.0833 62.9638 165.324 6.34022e-15 131.712 160.6 
43.5122 62.9493 165.318 -0 131.732 160.068 
43.9404 62.9333 165.312 -0 131.754 159.538 
44.3677 62.916 165.306 -0 131.778 159.008 
44.7943 62.8974 165.299 -0 131.803 158.479 
45.2199 62.8775 165.292 -0 131.83 157.951 
45.6447 62.8563 165.285 -0 131.858 157.424 
46.0684 62.8337 165.278 -0 131.888 156.897 
46.4912 62.8098 165.27 -0 131.92 156.372 
46.9129 62.7847 165.262 -0 131.953 155.848 
47.3335 62.7583 165.254 -0 131.988 155.325 
47.753 62.7305 165.246 -6.37122e-15 132.024 154.803 
48.1712 62.7016 165.237 6.375e-15 132.062 154.283 
48.5883 62.6713 165.228 -0 132.101 153.763 
49.0042 62.6399 165.219 -6.38304e-15 132.141 153.245 
49.4187 62.6072 165.209 -0 132.184 152.728 
49.8319 62.5732 165.199 6.39172e-15 132.227 152.212 
50.2437 62.5381 165.189 -0 132.272 151.698 
50.6542 62.5018 165.179 6.40103e-15 132.319 151.185 
51.0632 62.4643 165.169 -0 132.367 150.674 
51.4707 62.4256 165.158 6.41098e-15 132.417 150.164 
51.8768 62.3857 165.147 -6.41619e-15 132.468 149.655 
52.2813 62.3447 165.135 -6.42156e-15 132.52 149.148 
52.6842 62.3025 165.124 -6.42709e-15 132.574 148.643 
53.0855 62.2593 165.112 6.43277e-15 132.629 148.139 
53.4852 62.2149 165.1 -0 132.685 147.637 
53.8833 62.1694 165.088 6.44461e-15 132.743 147.137 
54.2797 62.1228 165.075 6.45077e-15 132.802 146.638 
54.6743 62.0752 165.062 -0 132.862 146.141 
55.0673 62.0265 165.049 6.46356e-15 132.924 145.645 
55.4584 61.9767 165.036 6.47018e-15 132.987 145.152 
55.8478 61.926 165.022 6.47697e-15 133.052 144.66 
56.2354 61.8742 165.009 -0 133.117 144.17 
56.6211 61.8214 164.994 6.49101e-15 133.184 143.682 
57.005 61.7676 164.98 -0 133.252 143.196 
57.387 61.7129 164.966 -6.50567e-15 133.322 142.711 
57.7671 61.6572 164.951 -3.25662e-15 133.392 142.229 
58.1453 61.6005 164.936 3.26048e-15 133.464 141.748 
58.5216 61.5429 164.92 3.26442e-15 133.537 141.269 
58.8959 61.4845 164.905 3.26843e-15 133.611 140.792 
59.2683 61.4251 164.889 6.54506e-15 133.686 140.318 
59.6386 61.3648 164.873 -3.2767e-15 133.762 139.845 
60.007 61.3037 164.857 -3.28095e-15 133.84 139.374 
60.3734 61.2417 164.84 -6.57055e-15 133.918 138.905 
60.7377 61.1789 164.823 3.28968e-15 133.998 138.439 
61.1 61.1152 164.806 9.88248e-15 134.078 137.974 
61.4603 61.0508 164.789 -0 134.16 137.511 
61.8184 60.9855 164.772 9.91006e-15 134.243 137.051 
62.1746 60.9195 164.754 -0 134.327 136.592 
62.5286 60.8527 164.736 -3.31286e-15 134.411 136.136 
62.8806 60.7852 164.718 -6.63545e-15 134.497 135.681 
63.2304 60.717 164.699 -0 134.584 135.229 
63.5782 60.648 164.681 -0 134.671 134.779 
63.9238 60.5783 164.662 -6.66557e-15 134.76 134.331 
64.2674 60.508 164.642 6.67592e-15 134.85 133.885 
64.6088 60.4369 164.623 6.68642e-15 134.94 133.441 
64.9481 60.3653 164.604 3.34854e-15 135.031 132.999 
65.2852 60.293 164.584 -6.70789e-15 135.123 132.56 
65.6203 60.22 164.564 3.35943e-15 135.216 132.122 
65.9532 60.1465 164.543 -0 135.31 131.687 
66.2839 60.0723 164.523 -0 135.405 131.254 
66.6126 59.9976 164.502 -1.35053e-14 135.5 130.823 
66.939 59.9223 164.481 -0 135.597 130.394 
67.2634 59.8465 164.46 3.38798e-15 135.694 129.967 
67.5856 59.7701 164.438 6.78784e-15 135.791 129.542 
67.9057 59.6932 164.417 -1.01998e-14 135.89 129.12 
68.2236 59.6158 164.395 -3.40603e-15 135.989 128.699 
68.5394 59.5379 164.373 1.02366e-14 136.089 128.281 
68.8531 59.4596 164.35 3.41844e-15 136.19 127.865 
69.1646 59.3807 164.328 -6.84953e-15 136.291 127.451 
69.474 59.3014 164.305 3.43116e-15 136.393 127.039 
69.7813 59.2217 164.282 -0 136.496 126.63 
70.0865 59.1416 164.259 -3.44419e-15 136.599 126.222 
70.3896 59.061 164.236 3.45081e-15 136.703 125.816 
70.6905 58.9801 164.212 6.91503e-15 136.808 125.413 
70.9894 58.8987 164.188 -1.03929e-14 136.913 125.012 
71.2862 58.817 164.164 -0 137.019 124.613 
71.5808 58.735 164.14 -1.39123e-14 137.125 124.216 
71.8734 58.6526 164.115 -0 137.232 123.821 
72.1639 58.5699 164.091 6.98435e-15 137.339 123.428 
72.4524 58.4868 164.066 3.49933e-15 137.447 123.037 
72.7387 58.4035 164.041 -3.50657e-15 137.556 122.648 
73.0231 58.3198 164.015 -0 137.665 122.261 
73.3054 58.2359 163.99 1.05638e-14 137.774 121.876 
73.5856 58.1517 163.964 -3.52874e-15 137.884 121.494 
73.8638 58.0672 163.938 1.41451e-14 137.995 121.113 
74.14 57.9826 163.912 7.0878e-15 138.105 120.735 
74.4142 57.8976 163.886 -3.55159e-15 138.217 120.358 
74.6864 57.8125 163.859 3.55936e-15 138.328 119.983 
74.9566 57.7271 163.833 -1.42688e-14 138.44 119.611 
75.2248 57.6416 163.806 1.07254e-14 138.553 119.24 
75.4911 57.5558 163.778 3.58313e-15 138.666 118.871 
75.7553 57.4699 163.751 7.18242e-15 138.779 118.505 
76.0177 57.3838 163.724 3.59937e-15 138.893 118.14 
76.2781 57.2976 163.696 -0 139.007 117.777 
76.5365 57.2112 163.668 -7.23181e-15 139.121 117.416 
76.7931 57.1247 163.64 -0 139.235 117.057 
77.0477 57.0381 163.611 -0 139.35 116.7 
77.3005 56.9513 163.583 1.09239e-14 139.466 116.345 
77.5513 56.8645 163.554 3.6499e-15 139.581 115.992 
77.8003 56.7775 163.525 3.65859e-15 139.697 115.64 
78.0474 56.6905 163.496 -3.66736e-15 139.813 115.291 
78.2927 56.6034 163.467 -7.35242e-15 139.93 114.943 
78.5361 56.5162 163.438 3.68513e-15 140.046 114.597 
78.7778 56.429 163.408 -0 140.163 114.253 
79.0176 56.3417 163.378 -3.70321e-15 140.28 113.911 
79.2556 56.2544 163.348 -7.42474e-15 140.397 113.571 
79.4918 56.1671 163.318 -7.44321e-15 140.515 113.232 
79.7262 56.0797 163.288 -1.86546e-15 140.633 112.895 
79.9589 55.9924 163.257 -3.74031e-15 140.751 112.56 
80.1898 55.905 163.226 1.31242e-14 140.869 112.227 
80.4189 55.8176 163.195 -1.87966e-15 140.987 111.895 
80.6464 55.7303 163.164 -5.65343e-15 141.105 111.565 
80.8721 55.6429 163.133 5.66798e-15 141.224 111.237 
81.0961 55.5556 163.102 -5.68265e-15 141.343 110.911 
81.3185 55.4684 163.07 5.69745e-15 141.462 110.586 
81.5391 55.3811 163.038 -0 141.581 110.263 
81.7581 55.294 163.006 7.63651e-15 141.7 109.941 
81.9754 55.2069 162.974 5.74253e-15 141.819 109.622 
82.1911 55.1198 162.942 -1.15156e-14 141.938 109.303 
82.4052 55.0328 162.909 1.92439e-15 142.058 108.987 
82.6176 54.9459 162.877 7.71825e-15 142.177 108.672 
82.8285 54.8591 162.844 -3.86954e-15 142.297 108.359 
83.0377 54.7724 162.811 -1.94002e-15 142.417 108.047 
83.2454 54.6858 162.778 -7.78123e-15 142.537 107.737 
83.4515 54.5993 162.744 9.75318e-15 142.656 107.429 
83.6561 54.5129 162.711 9.78003e-15 142.776 107.122 
83.8591 54.4266 162.677 -9.80707e-15 142.896 106.816 
84.0606 54.3404 162.643 1.37681e-14 143.016 106.512 
84.2605 54.2544 162.609 1.57788e-14 143.136 106.21 
84.459 54.1685 162.575 -0 143.256 105.909 
84.656 54.0828 162.541 -5.95037e-15 143.376 105.61 
84.8514 53.9972 162.506 -0 143.497 105.312 
85.0455 53.9117 162.472 9.97362e-15 143.617 105.015 
85.238 53.8264 162.437 4.00084e-15 143.737 104.72 
85.4291 53.7413 162.402 1.50462e-14 143.857 104.427 
85.6188 53.6563 162.367 -0 143.977 104.135 
85.8071 53.5715 162.332 -0 144.097 103.844 
85.994 53.4869 162.296 1.01181e-15 144.217 103.555 
