148.406 46.5529 157.856 2.29061e-14 155.591 -54.4608 
148.407 46.5533 157.857 4.58108e-14 155.59 -54.4596 
148.407 46.554 157.857 -0 155.589 -54.4577 
148.408 46.5551 157.858 -2.29026e-14 155.587 -54.4549 
148.409 46.5564 157.859 -0 155.584 -54.4513 
148.41 46.558 157.861 -0 155.581 -54.447 
148.411 46.5599 157.862 -2.28948e-14 155.578 -54.4419 
148.412 46.5621 157.864 2.28912e-14 155.574 -54.4359 
148.414 46.5647 157.866 2.28872e-14 155.569 -54.4292 
148.415 46.5675 157.868 -4.57653e-14 155.564 -54.4217 
148.417 46.5706 157.871 -0 155.559 -54.4134 
148.419 46.574 157.874 -6.86168e-14 155.552 -54.4043 
148.422 46.5776 157.877 -4.57327e-14 155.546 -54.3945 
148.424 46.5816 157.88 -2.286e-14 155.538 -54.3838 
148.427 46.5859 157.884 -0 155.531 -54.3723 
148.43 46.5905 157.887 4.56915e-14 155.522 -54.3601 
148.433 46.5954 157.891 2.2838e-14 155.513 -54.3471 
148.436 46.6006 157.896 -2.28297e-14 155.504 -54.3333 
148.439 46.6061 157.9 -0 155.494 -54.3187 
148.443 46.6118 157.905 -2.28118e-14 155.483 -54.3033 
148.446 46.6179 157.91 -2.28021e-14 155.472 -54.2871 
148.45 46.6243 157.915 6.8376e-14 155.461 -54.2701 
148.454 46.631 157.921 2.27814e-14 155.448 -54.2524 
148.459 46.638 157.926 3.41555e-14 155.436 -54.2338 
148.463 46.6453 157.932 4.55177e-14 155.423 -54.2145 
148.468 46.6529 157.938 -4.54937e-14 155.409 -54.1944 
148.473 46.6607 157.945 -1.13672e-14 155.394 -54.1735 
148.478 46.669 157.952 4.54431e-14 155.379 -54.1518 
148.483 46.6775 157.959 3.40623e-14 155.364 -54.1294 
148.488 46.6863 157.966 -2.26944e-14 155.348 -54.1061 
148.494 46.6954 157.973 -2.26801e-14 155.332 -54.0821 
148.5 46.7048 157.981 -2.26654e-14 155.314 -54.0573 
148.506 46.7146 157.989 3.39753e-14 155.297 -54.0317 
148.512 46.7246 157.997 5.65865e-14 155.279 -54.0054 
148.518 46.735 158.005 -2.26185e-14 155.26 -53.9782 
148.525 46.7457 158.014 -5.6505e-14 155.241 -53.9503 
148.531 46.7566 158.023 4.51701e-14 155.221 -53.9216 
148.538 46.7679 158.032 5.64191e-14 155.2 -53.8921 
148.546 46.7796 158.041 2.25498e-14 155.179 -53.8618 
148.553 46.7915 158.051 6.75945e-14 155.158 -53.8308 
148.56 46.8038 158.061 -3.37691e-14 155.136 -53.799 
148.568 46.8163 158.071 2.24936e-14 155.113 -53.7664 
148.576 46.8292 158.081 -3.37109e-14 155.09 -53.733 
148.584 46.8424 158.091 2.24539e-14 155.066 -53.6989 
148.592 46.856 158.102 -6.73003e-14 155.042 -53.664 
148.601 46.8698 158.113 2.24125e-14 155.017 -53.6283 
148.61 46.884 158.125 -1.11956e-14 154.991 -53.5919 
148.618 46.8985 158.136 -1.11847e-14 154.965 -53.5546 
148.628 46.9134 158.148 -5.5868e-14 154.939 -53.5167 
148.637 46.9285 158.16 -4.46492e-14 154.912 -53.4779 
148.646 46.944 158.172 -2.23015e-14 154.884 -53.4384 
148.656 46.9599 158.184 -0 154.856 -53.3981 
148.666 46.976 158.197 1.11271e-14 154.827 -53.357 
148.676 46.9925 158.21 -2.22299e-14 154.797 -53.3152 
148.686 47.0094 158.223 -3.33078e-14 154.767 -53.2726 
148.697 47.0266 158.237 -4.43601e-14 154.737 -53.2293 
148.708 47.0441 158.25 1.10773e-14 154.706 -53.1851 
148.719 47.062 158.264 3.31929e-14 154.674 -53.1403 
148.73 47.0802 158.278 -4.42045e-14 154.642 -53.0946 
148.741 47.0987 158.293 -2.20755e-14 154.609 -53.0482 
148.753 47.1176 158.307 -2.20484e-14 154.575 -53.0011 
148.765 47.1369 158.322 1.10104e-14 154.541 -52.9532 
148.777 47.1565 158.337 1.09964e-14 154.506 -52.9045 
148.789 47.1765 158.352 -5.49113e-14 154.471 -52.8551 
148.801 47.1968 158.368 4.38716e-14 154.435 -52.805 
148.814 47.2174 158.384 -3.286e-14 154.399 -52.7541 
148.827 47.2385 158.4 2.18772e-14 154.362 -52.7024 
148.84 47.2599 158.416 -4.36946e-14 154.324 -52.65 
148.854 47.2816 158.432 2.1817e-14 154.286 -52.5969 
148.867 47.3037 158.449 2.17864e-14 154.247 -52.543 
148.881 47.3262 158.466 2.17554e-14 154.208 -52.4883 
148.895 47.3491 158.483 3.2586e-14 154.168 -52.4329 
148.909 47.3723 158.5 1.08461e-14 154.127 -52.3768 
148.924 47.3959 158.518 2.16601e-14 154.086 -52.32 
148.939 47.4199 158.536 1.08138e-14 154.044 -52.2624 
148.954 47.4443 158.554 -2.15947e-14 154.002 -52.204 
148.969 47.4691 158.572 -3.23422e-14 153.959 -52.145 
148.984 47.4942 158.591 -4.30558e-14 153.915 -52.0852 
149 47.5197 158.61 -1.0747e-14 153.871 -52.0246 
149.016 47.5456 158.629 -1.07298e-14 153.826 -51.9634 
149.032 47.5719 158.648 -2.1425e-14 153.78 -51.9014 
149.049 47.5986 158.667 2.13901e-14 153.734 -51.8387 
149.065 47.6257 158.687 1.06774e-14 153.687 -51.7752 
149.082 47.6532 158.707 -3.19786e-14 153.64 -51.7111 
149.099 47.6811 158.727 1.06415e-14 153.592 -51.6462 
149.117 47.7094 158.748 1.06234e-14 153.543 -51.5806 
149.134 47.7381 158.768 -0 153.494 -51.5143 
149.152 47.7673 158.789 -0 153.444 -51.4473 
149.171 47.7968 158.81 3.17035e-14 153.393 -51.3796 
149.189 47.8268 158.831 -2.1098e-14 153.342 -51.3111 
149.208 47.8571 158.853 1.053e-14 153.29 -51.242 
149.227 47.8879 158.874 -0 153.238 -51.1721 
149.246 47.9192 158.896 2.09832e-14 153.184 -51.1016 
149.266 47.9508 158.919 -4.18885e-14 153.131 -51.0303 
149.285 47.9829 158.941 -2.0905e-14 153.076 -50.9583 
149.305 48.0154 158.964 3.12983e-14 153.021 -50.8857 
149.326 48.0484 158.986 -1.04128e-14 152.965 -50.8124 
149.346 48.0818 159.009 -3.11783e-14 152.909 -50.7383 
149.367 48.1157 159.033 2.07451e-14 152.852 -50.6636 
149.389 48.15 159.056 3.10566e-14 152.794 -50.5882 
149.41 48.1847 159.08 -0 152.735 -50.5121 
149.432 48.2199 159.104 -5.15552e-14 152.676 -50.4353 
149.454 48.2556 159.128 -2.05805e-14 152.616 -50.3579 
149.476 48.2918 159.152 2.05386e-14 152.556 -50.2798 
149.499 48.3284 159.177 3.07447e-14 152.495 -50.201 
149.522 48.3654 159.202 -3.06811e-14 152.433 -50.1215 
149.545 48.403 159.227 7.14398e-14 152.37 -50.0414 
149.569 48.441 159.252 4.07368e-14 152.307 -49.9606 
149.593 48.4795 159.278 -2.03252e-14 152.243 -49.8791 
149.617 48.5185 159.303 -0 152.178 -49.797 
149.642 48.558 159.329 -5.05949e-14 152.113 -49.7142 
149.666 48.598 159.355 1.0097e-14 152.047 -49.6308 
149.692 48.6385 159.382 4.02995e-14 151.98 -49.5467 
149.717 48.6795 159.408 4.02105e-14 151.912 -49.462 
149.743 48.721 159.435 -1.00302e-14 151.844 -49.3766 
149.769 48.763 159.462 4.0031e-14 151.775 -49.2907 
149.796 48.8055 159.489 -1.99703e-14 151.706 -49.204 
149.822 48.8485 159.516 1.99248e-14 151.635 -49.1168 
149.85 48.8921 159.544 -2.98187e-14 151.564 -49.0289 
149.877 48.9362 159.572 -2.97498e-14 151.492 -48.9404 
149.905 48.9808 159.6 9.89352e-15 151.42 -48.8512 
149.933 49.026 159.628 -2.9611e-14 151.346 -48.7615 
149.962 49.0717 159.656 4.92352e-14 151.272 -48.6711 
149.991 49.1179 159.685 3.92945e-14 151.197 -48.5801 
150.02 49.1647 159.713 9.80012e-15 151.122 -48.4886 
150.05 49.2121 159.742 -1.9553e-14 151.045 -48.3964 
150.08 49.26 159.772 9.75279e-15 150.968 -48.3036 
150.11 49.3085 159.801 -9.72896e-15 150.89 -48.2103 
150.141 49.3576 159.831 -1.94101e-14 150.812 -48.1163 
150.172 49.4072 159.861 4.84051e-14 150.732 -48.0218 
150.204 49.4574 159.891 -2.89707e-14 150.652 -47.9267 
150.236 49.5083 159.921 -1.92654e-14 150.571 -47.831 
150.268 49.5597 159.951 -0 150.489 -47.7347 
150.301 49.6117 159.982 2.8752e-14 150.407 -47.6379 
150.334 49.6643 160.013 5.7357e-14 150.323 -47.5405 
150.368 49.7175 160.044 1.90698e-14 150.239 -47.4426 
150.402 49.7713 160.075 2.85308e-14 150.154 -47.3441 
150.437 49.8257 160.106 -0 150.068 -47.2451 
150.471 49.8808 160.138 1.89213e-14 149.982 -47.1455 
150.507 49.9365 160.169 2.83073e-14 149.894 -47.0454 
150.543 49.9928 160.201 -1.88215e-14 149.806 -46.9448 
150.579 50.0498 160.233 -2.8157e-14 149.717 -46.8436 
150.616 50.1074 160.266 1.8721e-14 149.627 -46.7419 
150.653 50.1657 160.298 1.86706e-14 149.536 -46.6397 
150.69 50.2247 160.331 1.862e-14 149.444 -46.5371 
150.728 50.2843 160.364 9.28462e-15 149.352 -46.4339 
150.767 50.3446 160.397 -0 149.259 -46.3302 
150.806 50.4055 160.43 2.7701e-14 149.164 -46.226 
150.846 50.4672 160.464 3.68323e-14 149.069 -46.1213 
150.886 50.5295 160.497 -3.67297e-14 148.973 -46.0162 
150.926 50.5926 160.531 -0 148.876 -45.9106 
150.967 50.6563 160.565 -2.73928e-14 148.779 -45.8046 
151.009 50.7208 160.599 2.73153e-14 148.68 -45.6981 
151.051 50.7859 160.633 1.81584e-14 148.581 -45.5911 
151.094 50.8518 160.668 -2.71597e-14 148.48 -45.4837 
151.137 50.9185 160.703 3.61089e-14 148.379 -45.3759 
151.18 50.9859 160.737 -0 148.277 -45.2676 
151.225 51.054 160.772 8.97504e-15 148.174 -45.1589 
151.27 51.1229 160.808 2.68466e-14 148.07 -45.0498 
151.315 51.1925 160.843 8.92265e-15 147.965 -44.9404 
151.361 51.2629 160.878 1.77928e-14 147.859 -44.8305 
151.407 51.3341 160.914 1.77401e-14 147.752 -44.7202 
151.455 51.406 160.95 -2.65311e-14 147.644 -44.6096 
151.502 51.4788 160.986 -3.52692e-14 147.535 -44.4986 
151.551 51.5523 161.022 -8.79086e-15 147.425 -44.3872 
151.6 51.6267 161.059 8.76438e-15 147.315 -44.2755 
151.649 51.7019 161.095 -0 147.203 -44.1634 
151.7 51.7778 161.132 8.71129e-15 147.09 -44.051 
151.75 51.8547 161.168 8.6847e-15 146.977 -43.9383 
151.802 51.9323 161.205 1.73161e-14 146.862 -43.8252 
151.854 52.0108 161.243 1.72628e-14 146.747 -43.7119 
151.907 52.0902 161.28 -1.72094e-14 146.63 -43.5983 
151.961 52.1704 161.317 -2.5734e-14 146.512 -43.4844 
152.015 52.2515 161.355 1.71025e-14 146.394 -43.3702 
152.07 52.3335 161.393 -8.52446e-15 146.274 -43.2558 
152.126 52.4163 161.43 -4.24883e-14 146.153 -43.1411 
152.182 52.5001 161.468 -1.69417e-14 146.032 -43.0261 
152.239 52.5847 161.507 8.444e-15 145.909 -42.911 
152.297 52.6703 161.545 2.52514e-14 145.785 -42.7956 
152.356 52.7568 161.583 8.39025e-15 145.66 -42.6801 
152.416 52.8442 161.622 -1.67267e-14 145.534 -42.5643 
152.476 52.9325 161.661 -2.50093e-14 145.407 -42.4484 
152.537 53.0219 161.699 -2.49285e-14 145.279 -42.3323 
152.599 53.1121 161.738 2.48477e-14 145.15 -42.216 
152.662 53.2034 161.777 -0 145.019 -42.0997 
152.725 53.2956 161.817 -3.29147e-14 144.888 -41.9832 
152.79 53.3888 161.856 -2.46051e-14 144.755 -41.8665 
152.855 53.483 161.896 -0 144.622 -41.7498 
152.922 53.5782 161.935 -1.62955e-14 144.487 -41.6331 
152.989 53.6744 161.975 -2.43624e-14 144.351 -41.5162 
153.057 53.7716 162.015 -1.61876e-14 144.214 -41.3993 
153.126 53.8699 162.055 1.61337e-14 144.075 -41.2824 
153.196 53.9692 162.095 -3.21595e-14 143.936 -41.1655 
153.267 54.0696 162.135 1.60258e-14 143.796 -41.0485 
153.339 54.171 162.175 7.98594e-15 143.654 -40.9316 
153.412 54.2735 162.216 -0 143.511 -40.8147 
153.486 54.3771 162.256 -1.58641e-14 143.367 -40.6979 
153.561 54.4818 162.297 2.37153e-14 143.221 -40.5812 
153.637 54.5876 162.337 7.87817e-15 143.075 -40.4645 
153.714 54.6945 162.378 -2.35538e-14 142.927 -40.348 
153.792 54.8023 162.419 -7.82443e-15 142.779 -40.2318 
153.871 54.9107 162.46 -7.79775e-15 142.63 -40.1165 
153.951 55.0196 162.5 1.55424e-14 142.48 -40.0018 
154.031 55.1292 162.541 -2.32345e-14 142.33 -39.8879 
154.112 55.2393 162.581 -0 142.179 -39.7747 
154.194 55.35 162.622 -7.6925e-15 142.028 -39.6623 
154.276 55.4614 162.662 -1.53331e-14 141.877 -39.5507 
154.36 55.5733 162.702 -2.29222e-14 141.725 -39.4399 
154.444 55.6859 162.742 -7.61509e-15 141.572 -39.3299 
154.529 55.799 162.782 -1.51792e-14 141.419 -39.2206 
154.615 55.9128 162.821 7.56421e-15 141.266 -39.1122 
154.701 56.0271 162.861 -1.5078e-14 141.112 -39.0047 
154.789 56.1421 162.9 -7.5139e-15 140.958 -38.898 
154.877 56.2577 162.94 2.24669e-14 140.803 -38.7921 
154.966 56.3738 162.979 -0 140.647 -38.6871 
155.056 56.4906 163.018 -1.4879e-14 140.491 -38.583 
155.147 56.608 163.057 7.41497e-15 140.335 -38.4797 
155.239 56.7261 163.096 7.39059e-15 140.178 -38.3774 
155.332 56.8447 163.135 -0 140.021 -38.276 
155.426 56.9639 163.173 -1.46845e-14 139.863 -38.1756 
155.521 57.0838 163.212 -1.46365e-14 139.704 -38.076 
155.616 57.2043 163.25 -0 139.545 -37.9775 
155.713 57.3254 163.289 -7.27075e-15 139.386 -37.8799 
155.81 57.4471 163.327 -1.44944e-14 139.226 -37.7833 
155.909 57.5694 163.365 7.22378e-15 139.066 -37.6877 
156.009 57.6924 163.403 1.4401e-14 138.905 -37.5931 
156.109 57.816 163.441 -7.17735e-15 138.744 -37.4996 
156.211 57.9402 163.478 -1.43087e-14 138.582 -37.4071 
156.314 58.065 163.516 7.13146e-15 138.419 -37.3156 
156.418 58.1904 163.553 -7.10872e-15 138.256 -37.2253 
156.523 58.3165 163.59 3.54306e-15 138.093 -37.136 
156.629 58.4432 163.628 -0 137.929 -37.0479 
156.736 58.5705 163.665 -1.05619e-14 137.765 -36.9609 
156.844 58.6984 163.701 7.01908e-15 137.6 -36.875 
156.954 58.827 163.738 1.04955e-14 137.435 -36.7903 
157.064 58.9562 163.775 -0 137.269 -36.7068 
157.176 59.086 163.811 1.04299e-14 137.103 -36.6245 
157.289 59.2164 163.848 -0 136.936 -36.5434 
157.404 59.3475 163.884 -1.0365e-14 136.769 -36.4636 
157.519 59.4791 163.92 -0 136.601 -36.385 
157.636 59.6114 163.956 1.03009e-14 136.433 -36.3077 
157.755 59.7443 163.992 6.84613e-15 136.264 -36.2317 
157.874 59.8779 164.027 -1.36502e-14 136.095 -36.157 
157.995 60.012 164.063 1.02063e-14 135.925 -36.0837 
158.117 60.1468 164.098 6.78342e-15 135.755 -36.0117 
158.241 60.2822 164.133 -3.38139e-15 135.585 -35.9412 
158.366 60.4182 164.168 -3.37113e-15 135.413 -35.872 
158.492 60.5548 164.203 -1.34437e-14 135.242 -35.8042 
158.62 60.692 164.238 3.35081e-15 135.07 -35.738 
158.75 60.8299 164.273 6.68148e-15 134.897 -35.6732 
158.881 60.9683 164.307 3.33074e-15 134.724 -35.6099 
159.013 61.1074 164.342 -6.6416e-15 134.551 -35.5481 
159.147 61.247 164.376 6.62184e-15 134.377 -35.4879 
159.283 61.3873 164.41 6.60222e-15 134.203 -35.4292 
159.42 61.5282 164.444 -6.58272e-15 134.028 -35.3722 
159.559 61.6697 164.477 6.56335e-15 133.853 -35.3168 
159.699 61.8117 164.511 -1.63603e-14 133.677 -35.2631 
159.841 61.9544 164.544 -6.52499e-15 133.501 -35.211 
159.985 62.0977 164.578 -0 133.325 -35.1607 
160.131 62.2415 164.611 9.73069e-15 133.148 -35.1122 
160.278 62.386 164.644 -1.94052e-14 132.97 -35.0654 
160.427 62.531 164.677 -9.67465e-15 132.792 -35.0204 
160.578 62.6766 164.709 6.43128e-15 132.614 -34.9772 
160.731 62.8228 164.742 -3.20645e-15 132.435 -34.936 
160.886 62.9696 164.774 3.19733e-15 132.256 -34.8966 
161.043 63.1169 164.806 -0 132.077 -34.8592 
161.202 63.2648 164.838 -6.35855e-15 131.897 -34.8238 
161.363 63.4132 164.87 6.34069e-15 131.717 -34.7903 
161.525 63.5622 164.902 3.16147e-15 131.536 -34.7589 
161.69 63.7118 164.933 -9.45798e-15 131.355 -34.7296 
161.857 63.8619 164.965 -9.43174e-15 131.173 -34.7025 
162.027 64.0126 164.996 6.27045e-15 130.992 -34.6774 
162.198 64.1638 165.027 -6.2532e-15 130.809 -34.6546 
162.372 64.3155 165.058 9.35412e-15 130.627 -34.634 
162.547 64.4678 165.088 6.21908e-15 130.444 -34.6157 
162.726 64.6205 165.119 -3.1011e-15 130.261 -34.5997 
162.906 64.7738 165.149 -3.09272e-15 130.077 -34.5861 
163.089 64.9276 165.179 -6.16881e-15 129.893 -34.5748 
163.275 65.0819 165.209 -1.23046e-14 129.709 -34.5661 
163.463 65.2367 165.239 -9.20388e-15 129.524 -34.5598 
163.653 65.392 165.269 -3.05983e-15 129.339 -34.5561 
163.846 65.5477 165.298 6.10352e-15 129.154 -34.5549 
164.042 65.704 165.327 -9.13126e-15 128.969 -34.5564 
164.24 65.8606 165.356 6.07162e-15 128.783 -34.5606 
164.441 66.0178 165.385 4.54189e-15 128.597 -34.5675 
164.645 66.1754 165.414 -7.55026e-15 128.411 -34.5772 
164.852 66.3334 165.442 -9.03702e-15 128.224 -34.5898 
165.062 66.4919 165.471 -1.20186e-14 128.037 -34.6052 
165.274 66.6508 165.499 -1.04895e-14 127.85 -34.6236 
165.49 66.8101 165.527 5.97885e-15 127.663 -34.6451 
165.709 66.9697 165.555 -5.96382e-15 127.476 -34.6696 
165.931 67.1298 165.582 -5.94892e-15 127.288 -34.6972 
166.156 67.2903 165.61 4.4506e-15 127.1 -34.728 
166.384 67.4511 165.637 -4.43961e-15 126.912 -34.7621 
166.615 67.6123 165.664 -4.4287e-15 126.724 -34.7995 
166.85 67.7738 165.691 1.47263e-15 126.535 -34.8402 
167.089 67.9356 165.717 8.81435e-15 126.347 -34.8845 
167.331 68.0978 165.744 -2.93103e-15 126.158 -34.9322 
167.576 68.2603 165.77 4.38602e-15 125.97 -34.9835 
167.825 68.423 165.796 -1.02097e-14 125.781 -35.0385 
168.078 68.586 165.822 4.36523e-15 125.592 -35.0972 
168.335 68.7493 165.848 7.25829e-15 125.403 -35.1597 
168.596 68.9129 165.873 7.24136e-15 125.214 -35.2261 
168.86 69.0766 165.898 -1.01144e-14 125.025 -35.2965 
169.129 69.2406 165.923 2.88318e-15 124.836 -35.3708 
169.402 69.4048 165.948 -4.31489e-15 124.647 -35.4493 
169.678 69.5692 165.973 -5.74013e-15 124.458 -35.5321 
169.96 69.7337 165.997 2.8636e-15 124.269 -35.619 
170.245 69.8983 166.021 2.8572e-15 124.08 -35.7104 
170.535 70.0631 166.045 -1.42543e-15 123.891 -35.8062 
170.83 70.228 166.069 3.55572e-15 123.703 -35.9066 
171.129 70.393 166.093 2.12877e-15 123.514 -36.0116 
171.433 70.558 166.116 8.49663e-15 123.326 -36.1214 
171.742 70.7231 166.139 -1.41306e-15 123.137 -36.236 
172.056 70.8882 166.162 7.05023e-16 122.949 -36.3555 
172.374 71.0533 166.185 2.1106e-15 122.762 -36.48 
172.698 71.2184 166.208 -7.02056e-15 122.574 -36.6097 
173.027 71.3834 166.23 7.00597e-16 122.387 -36.7446 
173.362 71.5484 166.252 7.69068e-15 122.2 -36.8849 
173.702 71.7133 166.274 6.97724e-15 122.013 -37.0305 
174.047 71.878 166.296 -2.78525e-15 121.826 -37.1818 
174.398 72.0426 166.317 2.77966e-15 121.64 -37.3387 
174.755 72.207 166.338 2.0806e-15 121.455 -37.5014 
175.118 72.3712 166.359 5.19127e-15 121.27 -37.67 
175.487 72.5352 166.38 -5.52656e-15 121.085 -37.8447 
175.862 72.6989 166.401 1.03423e-15 120.901 -38.0254 
176.243 72.8623 166.421 -1.72042e-15 120.717 -38.2124 
176.631 73.0253 166.441 -3.09091e-15 120.534 -38.4058 
177.025 73.1881 166.461 -1.71396e-15 120.351 -38.6057 
177.426 73.3504 166.48 -3.76373e-15 120.169 -38.8123 
177.833 73.5122 166.5 4.09837e-15 119.988 -39.0256 
178.247 73.6737 166.519 7.15916e-15 119.807 -39.2458 
178.669 73.8346 166.538 -7.23142e-15 119.627 -39.473 
179.097 73.995 166.557 -1.18895e-15 119.448 -39.7074 
179.533 74.1547 166.575 4.57793e-15 119.27 -39.949 
179.977 74.3139 166.593 -6.76511e-15 119.093 -40.1981 
-179.573 74.4724 166.611 6.08296e-15 118.916 -40.4548 
-179.114 74.6303 166.629 -2.02424e-15 118.74 -40.7191 
-178.648 74.7873 166.647 4.37855e-15 118.566 -40.9913 
-178.173 74.9436 166.664 4.53949e-15 118.392 -41.2715 
-177.691 75.0991 166.681 -3.69285e-15 118.22 -41.5598 
-177.2 75.2536 166.698 6.20077e-15 118.048 -41.8564 
-176.701 75.4073 166.715 1.33859e-15 117.878 -42.1613 
-176.193 75.56 166.731 -6.68257e-16 117.709 -42.4748 
-175.677 75.7116 166.747 -5.33787e-15 117.541 -42.797 
-175.151 75.8622 166.763 3.33114e-16 117.375 -43.128 
-174.617 76.0116 166.778 -4.98928e-15 117.21 -43.468 
-174.074 76.1599 166.794 3.65346e-15 117.046 -43.8171 
-173.521 76.3069 166.809 -1.32662e-15 116.884 -44.1753 
-172.96 76.4527 166.824 -4.63659e-15 116.723 -44.543 
-172.388 76.5971 166.838 -4.63014e-15 116.564 -44.9201 
-171.807 76.7401 166.853 -5.28435e-15 116.407 -45.3068 
-171.217 76.8816 166.867 6.59657e-16 116.251 -45.7033 
-170.616 77.0216 166.881 -3.95272e-15 116.098 -46.1096 
-170.006 77.16 166.895 -1.9738e-15 115.945 -46.5259 
-169.385 77.2968 166.908 -6.57098e-16 115.795 -46.9523 
-168.754 77.4318 166.921 -5.25024e-15 115.647 -47.3888 
-168.113 77.5651 166.934 3.93288e-15 115.501 -47.8356 
-167.462 77.6965 166.947 -3.27348e-15 115.357 -48.2928 
-166.8 77.8261 166.959 1.30786e-15 115.215 -48.7604 
-166.128 77.9536 166.971 -3.26592e-15 115.075 -49.2385 
-165.445 78.0791 166.983 2.60981e-15 114.938 -49.7272 
-164.751 78.2025 166.994 3.91045e-15 114.803 -50.2265 
-164.047 78.3236 167.006 -1.30209e-15 114.671 -50.7365 
-163.332 78.4426 167.017 -5.20296e-15 114.541 -51.2572 
-162.607 78.5592 167.028 1.29942e-15 114.413 -51.7886 
-161.87 78.6734 167.038 -0 114.288 -52.3308 
-161.123 78.7851 167.049 -2.5938e-15 114.166 -52.8836 
-160.365 78.8943 167.059 1.29569e-15 114.047 -53.4472 
-159.597 79.0008 167.068 -2.58905e-15 113.931 -54.0214 
-158.818 79.1046 167.078 1.29339e-15 113.817 -54.6062 
-158.029 79.2057 167.087 -0 113.707 -55.2015 
-157.229 79.304 167.096 3.87371e-15 113.6 -55.8072 
-156.418 79.3993 167.105 1.29021e-15 113.496 -56.4233 
-155.598 79.4916 167.113 5.15692e-15 113.395 -57.0495 
-154.767 79.5809 167.122 -3.86485e-15 113.297 -57.6858 
-153.927 79.667 167.13 1.28738e-15 113.203 -58.332 
-153.077 79.7499 167.137 -2.57301e-15 113.113 -58.9879 
-152.217 79.8296 167.145 -3.85702e-15 113.026 -59.6532 
-151.349 79.9059 167.152 -2.56976e-15 112.942 -60.3277 
-150.471 79.9788 167.159 2.56825e-15 112.862 -61.0113 
-149.584 80.0482 167.165 2.56681e-15 112.786 -61.7035 
-148.69 80.1141 167.172 -1.28273e-15 112.714 -62.4042 
-147.787 80.1763 167.178 1.28209e-15 112.646 -63.1129 
-146.876 80.235 167.184 1.28149e-15 112.581 -63.8293 
-145.958 80.2899 167.189 2.56185e-15 112.521 -64.5531 
-145.033 80.341 167.194 -1.2804e-15 112.465 -65.2839 
-144.101 80.3883 167.2 -1.27992e-15 112.412 -66.0213 
-143.164 80.4318 167.204 2.55896e-15 112.364 -66.7648 
-142.22 80.4713 167.209 1.27907e-15 112.32 -67.514 
-141.272 80.5068 167.213 -2.55742e-15 112.28 -68.2685 
-140.318 80.5384 167.217 -3.83516e-15 112.245 -69.0277 
-139.36 80.5659 167.221 2.5562e-15 112.214 -69.7911 
-138.399 80.5894 167.224 5.11143e-15 112.187 -70.5583 
-137.434 80.6087 167.227 3.83296e-15 112.164 -71.3288 
-136.467 80.624 167.23 -5.10995e-15 112.146 -72.1019 
-135.498 80.6351 167.232 -0 112.132 -72.8772 
-134.527 80.6421 167.235 -2.55456e-15 112.123 -73.654 
-133.554 80.6449 167.237 -3.83171e-15 112.118 -74.432 
-132.582 80.6435 167.239 -3.8317e-15 112.118 -75.2104 
-131.609 80.6379 167.24 -1.27727e-15 112.122 -75.9887 
-130.637 80.6282 167.241 -2.55469e-15 112.131 -76.7664 
-129.667 80.6143 167.242 -1.27746e-15 112.143 -77.543 
-128.698 80.5963 167.243 3.83287e-15 112.161 -78.3177 
-127.731 80.5741 167.243 -3.83346e-15 112.183 -79.0902 
-126.767 80.5477 167.243 -0 112.209 -79.8599 
-125.807 80.5173 167.243 -2.55667e-15 112.239 -80.6262 
-124.85 80.4828 167.243 -0 112.274 -81.3886 
-123.898 80.4442 167.242 -1.27901e-15 112.314 -82.1466 
-122.95 80.4016 167.241 -1.27941e-15 112.357 -82.8997 
-122.008 80.3551 167.24 2.55971e-15 112.405 -83.6475 
-121.072 80.3046 167.239 -1.28033e-15 112.457 -84.3895 
-120.142 80.2502 167.237 2.56171e-15 112.513 -85.1252 
-119.219 80.192 167.235 -1.28141e-15 112.573 -85.8542 
-118.303 80.1299 167.232 5.12805e-15 112.638 -86.5762 
-117.394 80.0642 167.23 -1.28265e-15 112.706 -87.2907 
-116.493 79.9947 167.227 1.28333e-15 112.778 -87.9974 
-115.601 79.9216 167.224 -3.85214e-15 112.855 -88.6959 
-114.716 79.8449 167.22 -3.85442e-15 112.935 -89.3859 
-113.841 79.7648 167.217 -0 113.018 -90.0671 
-112.974 79.6812 167.213 1.28644e-15 113.106 -90.7393 
-112.117 79.5942 167.209 -3.86195e-15 113.197 -91.4023 
-111.27 79.5038 167.204 -0 113.292 -92.0556 
-110.432 79.4103 167.199 2.57837e-15 113.39 -92.6993 
-109.604 79.3136 167.194 -1.29018e-15 113.492 -93.333 
-108.786 79.2137 167.189 -1.29121e-15 113.597 -93.9567 
-107.978 79.1108 167.184 -1.29228e-15 113.706 -94.5701 
-107.181 79.005 167.178 -1.29339e-15 113.817 -95.1732 
-106.394 78.8963 167.172 2.58907e-15 113.932 -95.7658 
-105.618 78.7848 167.165 -3.88717e-15 114.05 -96.3478 
-104.852 78.6705 167.159 -0 114.171 -96.9193 
-104.097 78.5535 167.152 6.49105e-16 114.295 -97.4801 
-103.353 78.434 167.145 1.29951e-15 114.421 -98.0302 
-102.619 78.3119 167.137 6.50424e-16 114.551 -98.5696 
-101.897 78.1874 167.129 -3.25556e-15 114.683 -99.0982 
-101.184 78.0604 167.122 -1.95546e-15 114.818 -99.6162 
-100.483 77.9312 167.113 3.26273e-15 114.955 -100.123 
-99.7922 77.7997 167.105 2.61316e-15 115.095 -100.62 
-99.112 77.6661 167.096 -3.27027e-15 115.238 -101.106 
-98.4424 77.5304 167.087 1.9645e-15 115.383 -101.581 
-97.7833 77.3926 167.078 -1.96691e-15 115.53 -102.046 
-97.1346 77.2529 167.068 -1.31291e-15 115.679 -102.501 
-96.4962 77.1112 167.058 -9.85938e-16 115.83 -102.945 
-95.8681 76.9677 167.048 1.97444e-15 115.984 -103.379 
-95.2501 76.8225 167.038 -9.88534e-16 116.139 -103.803 
-94.6422 76.6756 167.028 -5.60928e-15 116.297 -104.216 
-94.0442 76.527 167.017 -2.97372e-15 116.456 -104.62 
-93.456 76.3768 167.006 -9.92634e-16 116.618 -105.014 
-92.8776 76.2251 166.994 4.1419e-15 116.781 -105.398 
-92.3087 76.072 166.983 -4.97752e-16 116.945 -105.773 
-91.7493 75.9174 166.971 -9.96981e-16 117.112 -106.138 
-91.1992 75.7615 166.959 1.49773e-15 117.28 -106.494 
-90.6583 75.6043 166.946 -8.33346e-16 117.449 -106.841 
-90.1264 75.4459 166.934 -3.19251e-15 117.62 -107.178 
-89.6035 75.2863 166.921 -2.04811e-15 117.793 -107.507 
-89.0893 75.1256 166.908 1.50715e-15 117.967 -107.827 
-88.5838 74.9638 166.894 3.10309e-15 118.142 -108.138 
-88.0868 74.8009 166.881 -3.52826e-15 118.318 -108.441 
-87.5982 74.6371 166.867 -4.20736e-15 118.496 -108.736 
-87.1178 74.4724 166.853 -1.18007e-15 118.675 -109.022 
-86.6455 74.3068 166.838 2.70195e-15 118.855 -109.3 
-86.1811 74.1403 166.824 6.76669e-16 119.036 -109.57 
-85.7245 73.973 166.809 2.71148e-15 119.218 -109.832 
-85.2756 73.805 166.794 -2.3768e-15 119.401 -110.087 
-84.8342 73.6363 166.778 3.40161e-16 119.586 -110.334 
-84.4003 73.4669 166.763 -6.81575e-16 119.771 -110.574 
-83.9735 73.2969 166.747 6.82845e-16 119.956 -110.807 
-83.5539 73.1263 166.731 6.84134e-16 120.143 -111.032 
-83.1413 72.9551 166.714 2.05632e-15 120.331 -111.25 
-82.7356 72.7835 166.698 -2.06029e-15 120.519 -111.462 
-82.3365 72.6114 166.681 -0 120.708 -111.667 
-81.9441 72.4388 166.664 -4.82625e-15 120.897 -111.865 
-81.5582 72.2658 166.646 -2.76337e-15 121.088 -112.057 
-81.1786 72.0925 166.629 -3.46118e-15 121.279 -112.242 
-80.8052 71.9188 166.611 2.77459e-15 121.47 -112.421 
-80.4379 71.7448 166.593 2.78031e-15 121.662 -112.594 
-80.0766 71.5705 166.575 6.96525e-16 121.855 -112.761 
-79.7212 71.396 166.556 -4.18794e-15 122.048 -112.923 
-79.3715 71.2213 166.538 -2.79789e-15 122.241 -113.078 
-79.0275 71.0464 166.519 2.80389e-15 122.435 -113.228 
-78.689 70.8713 166.5 -0 122.629 -113.372 
-78.356 70.6961 166.48 4.22415e-15 122.824 -113.511 
-78.0282 70.5208 166.46 2.82231e-15 123.019 -113.645 
-77.7056 70.3454 166.441 4.24289e-15 123.214 -113.773 
-77.3882 70.1699 166.421 5.66988e-15 123.41 -113.896 
-77.0757 69.9945 166.4 2.84136e-15 123.605 -114.014 
-76.7682 69.819 166.38 -7.11964e-15 123.801 -114.128 
-76.4655 69.6435 166.359 -1.42721e-15 123.998 -114.236 
-76.1675 69.4681 166.338 1.43052e-15 124.194 -114.34 
-75.874 69.2927 166.317 2.86775e-15 124.391 -114.439 
-75.5852 69.1174 166.295 -2.87452e-15 124.587 -114.534 
-75.3007 68.9422 166.274 -4.32205e-15 124.784 -114.624 
-75.0206 68.7672 166.252 1.44414e-15 124.981 -114.71 
-74.7448 68.5923 166.23 -0 125.178 -114.792 
-74.4732 68.4175 166.207 1.45116e-15 125.375 -114.869 
-74.2056 68.2429 166.185 -0 125.572 -114.942 
-73.9421 68.0685 166.162 -0 125.77 -115.012 
-73.6825 67.8944 166.139 -8.7717e-15 125.967 -115.077 
-73.4268 67.7204 166.116 -5.86247e-15 126.164 -115.139 
-73.1748 67.5467 166.092 -0 126.361 -115.196 
-72.9266 67.3733 166.069 -5.89223e-15 126.558 -115.25 
-72.682 67.2001 166.045 -0 126.755 -115.301 
-72.4409 67.0272 166.021 5.92256e-15 126.952 -115.348 
-72.2034 66.8547 165.997 -2.96897e-15 127.149 -115.391 
-71.9693 66.6824 165.972 -2.97673e-15 127.345 -115.431 
-71.7386 66.5105 165.948 -0 127.542 -115.467 
-71.5111 66.3389 165.923 5.98492e-15 127.738 -115.501 
-71.2869 66.1677 165.898 -6.00086e-15 127.934 -115.531 
-71.0659 65.9969 165.873 -3.00847e-15 128.131 -115.557 
-70.848 65.8265 165.847 6.03317e-15 128.326 -115.581 
-70.6331 65.6564 165.821 3.02477e-15 128.522 -115.602 
-70.4213 65.4868 165.796 3.03303e-15 128.718 -115.619 
-70.2124 65.3175 165.77 -3.04136e-15 128.913 -115.634 
-70.0063 65.1487 165.743 -0 129.108 -115.646 
-69.8031 64.9804 165.717 6.11645e-15 129.303 -115.655 
-69.6027 64.8124 165.69 -3.06677e-15 129.497 -115.661 
-69.405 64.645 165.663 3.07538e-15 129.692 -115.665 
-69.21 64.478 165.636 -3.08407e-15 129.886 -115.665 
-69.0176 64.3115 165.609 -6.18564e-15 130.079 -115.664 
-68.8278 64.1454 165.582 -0 130.273 -115.659 
-68.6405 63.9799 165.554 -9.33166e-15 130.466 -115.652 
-68.4557 63.8149 165.526 -3.11953e-15 130.659 -115.643 
-68.2734 63.6503 165.498 -3.12857e-15 130.851 -115.631 
-68.0934 63.4863 165.47 -0 131.043 -115.617 
-67.9158 63.3228 165.442 -6.29376e-15 131.235 -115.6 
-67.7405 63.1599 165.413 3.15614e-15 131.427 -115.581 
-67.5674 62.9974 165.385 -3.16548e-15 131.618 -115.56 
-67.3966 62.8355 165.356 -0 131.809 -115.537 
-67.228 62.6742 165.327 -6.36874e-15 131.999 -115.511 
-67.0615 62.5134 165.297 -0 132.189 -115.483 
-66.8972 62.3532 165.268 3.20356e-15 132.379 -115.454 
-66.7349 62.1936 165.238 6.42652e-15 132.568 -115.422 
-66.5746 62.0345 165.209 -0 132.757 -115.388 
-66.4164 61.876 165.179 3.23289e-15 132.945 -115.352 
-66.2601 61.7181 165.148 -0 133.133 -115.314 
-66.1057 61.5607 165.118 -9.75842e-15 133.321 -115.274 
-65.9532 61.404 165.088 -0 133.508 -115.232 
-65.8027 61.2479 165.057 -3.27303e-15 133.695 -115.189 
-65.6539 61.0923 165.026 -6.5665e-15 133.881 -115.143 
-65.5069 60.9374 164.995 -6.58709e-15 134.067 -115.096 
-65.3618 60.783 164.964 -6.60784e-15 134.253 -115.047 
-65.2183 60.6293 164.933 6.62873e-15 134.438 -114.996 
-65.0766 60.4762 164.901 -3.32489e-15 134.623 -114.944 
-64.9365 60.3237 164.869 -6.67097e-15 134.807 -114.89 
-64.7981 60.1719 164.838 -0 134.991 -114.834 
-64.6614 60.0206 164.806 -6.71382e-15 135.174 -114.776 
-64.5262 59.87 164.773 -0 135.357 -114.717 
-64.3926 59.72 164.741 -1.01359e-14 135.539 -114.657 
-64.2606 59.5706 164.709 6.77924e-15 135.721 -114.594 
-64.1301 59.4219 164.676 -1.0202e-14 135.902 -114.531 
-64.001 59.2738 164.643 -1.02354e-14 136.083 -114.466 
-63.8735 59.1264 164.61 -0 136.263 -114.399 
-63.7474 58.9796 164.577 -0 136.443 -114.331 
-63.6227 58.8334 164.544 -0 136.623 -114.261 
-63.4995 58.6879 164.51 3.45712e-15 136.802 -114.19 
-63.3776 58.543 164.477 -6.93728e-15 136.98 -114.118 
-63.257 58.3988 164.443 3.48024e-15 137.158 -114.044 
-63.1379 58.2552 164.409 1.39677e-14 137.336 -113.969 
-63.02 58.1123 164.375 1.40147e-14 137.513 -113.893 
-62.9034 57.97 164.341 -0 137.689 -113.815 
-62.7881 57.8284 164.307 7.05488e-15 137.865 -113.736 
-62.6741 57.6874 164.272 -7.07888e-15 138.041 -113.656 
-62.5612 57.5471 164.237 7.10303e-15 138.216 -113.575 
-62.4497 57.4074 164.203 -0 138.39 -113.492 
-62.3393 57.2684 164.168 -0 138.564 -113.408 
-62.23 57.13 164.133 -0 138.737 -113.323 
-62.122 56.9923 164.097 -0 138.91 -113.237 
-62.0151 56.8552 164.062 7.22625e-15 139.083 -113.15 
-61.9093 56.7188 164.027 -0 139.255 -113.062 
-61.8046 56.5831 163.991 -0 139.426 -112.972 
-61.701 56.448 163.955 7.30215e-15 139.597 -112.881 
-61.5985 56.3136 163.919 -0 139.767 -112.79 
-61.4971 56.1798 163.883 -0 139.937 -112.697 
-61.3967 56.0467 163.847 -0 140.106 -112.603 
-61.2973 55.9142 163.811 -0 140.275 -112.508 
-61.199 55.7824 163.774 -7.43197e-15 140.444 -112.412 
-61.1016 55.6513 163.737 7.45845e-15 140.611 -112.316 
-61.0053 55.5208 163.701 -0 140.779 -112.218 
-60.9099 55.3909 163.664 7.5119e-15 140.945 -112.119 
-60.8154 55.2617 163.627 -7.53889e-15 141.111 -112.019 
-60.7219 55.1332 163.59 7.56604e-15 141.277 -111.918 
-60.6294 55.0053 163.552 -0 141.442 -111.817 
-60.5377 54.878 163.515 -0 141.607 -111.714 
-60.4469 54.7514 163.477 -7.64856e-15 141.771 -111.611 
-60.3571 54.6255 163.44 -7.67642e-15 141.935 -111.506 
-60.2681 54.5002 163.402 -0 142.098 -111.401 
-60.18 54.3755 163.364 -0 142.26 -111.295 
-60.0927 54.2515 163.326 -7.76106e-15 142.422 -111.188 
-60.0063 54.1282 163.288 -7.78963e-15 142.584 -111.08 
-59.9207 54.0055 163.25 -0 142.745 -110.972 
-59.8359 53.8834 163.211 -7.84731e-15 142.905 -110.862 
-59.7519 53.7619 163.173 1.57528e-14 143.065 -110.752 
-59.6688 53.6412 163.134 -1.58114e-14 143.225 -110.641 
-59.5864 53.521 163.095 -0 143.384 -110.529 
-59.5047 53.4015 163.056 7.96486e-15 143.542 -110.417 
-59.4239 53.2826 163.017 -0 143.7 -110.303 
-59.3438 53.1643 162.978 -0 143.857 -110.189 
-59.2644 53.0467 162.939 8.05498e-15 144.014 -110.074 
-59.1858 52.9297 162.9 -2.42562e-14 144.171 -109.959 
-59.1079 52.8134 162.86 -0 144.327 -109.842 
-59.0307 52.6976 162.821 8.1468e-15 144.482 -109.725 
-58.9542 52.5825 162.781 -1.63556e-14 144.637 -109.608 
-58.8784 52.468 162.741 8.20897e-15 144.791 -109.489 
-58.8033 52.3542 162.701 8.24034e-15 144.945 -109.37 
-58.7289 52.2409 162.661 -0 145.098 -109.25 
-58.6551 52.1283 162.621 8.30368e-15 145.251 -109.13 
-58.582 52.0163 162.581 -8.33565e-15 145.403 -109.009 
-58.5095 51.9049 162.54 8.36782e-15 145.555 -108.887 
-58.4377 51.7941 162.5 -8.40018e-15 145.706 -108.765 
-58.3665 51.6839 162.459 -8.43275e-15 145.857 -108.642 
-58.296 51.5744 162.418 8.46552e-15 146.007 -108.518 
-58.226 51.4654 162.378 -8.49849e-15 146.157 -108.394 
-58.1567 51.3571 162.337 -0 146.306 -108.269 
-58.088 51.2493 162.296 -0 146.455 -108.143 
-58.0198 51.1422 162.254 -8.59865e-15 146.603 -108.017 
-57.9523 51.0357 162.213 8.63245e-15 146.751 -107.891 
-57.8853 50.9297 162.172 -8.66646e-15 146.898 -107.763 
-57.8189 50.8244 162.13 -0 147.045 -107.636 
-57.7531 50.7196 162.089 -8.73512e-15 147.192 -107.507 
-57.6878 50.6154 162.047 -8.76977e-15 147.337 -107.378 
-57.6231 50.5118 162.005 -0 147.483 -107.249 
-57.5589 50.4089 161.964 1.76794e-14 147.628 -107.119 
-57.4953 50.3064 161.922 8.87502e-15 147.772 -106.988 
-57.4322 50.2046 161.88 -1.78211e-14 147.916 -106.857 
-57.3696 50.1034 161.837 1.78926e-14 148.059 -106.726 
-57.3075 50.0027 161.795 -8.98225e-15 148.202 -106.593 
-57.246 49.9026 161.753 9.01844e-15 148.345 -106.461 
-57.1849 49.8031 161.71 -0 148.487 -106.328 
-57.1244 49.7041 161.668 -0 148.628 -106.194 
-57.0643 49.6058 161.625 -9.12838e-15 148.769 -106.06 
-57.0048 49.5079 161.583 -0 148.91 -105.925 
-56.9457 49.4107 161.54 -9.20282e-15 149.05 -105.79 
-56.8871 49.314 161.497 -0 149.189 -105.654 
-56.8289 49.2179 161.454 -0 149.328 -105.518 
-56.7713 49.1223 161.411 9.31624e-15 149.467 -105.382 
-56.7141 49.0273 161.367 1.87091e-14 149.605 -105.245 
-56.6573 48.9328 161.324 -0 149.743 -105.107 
-56.601 48.8389 161.281 -0 149.88 -104.969 
-56.5451 48.7456 161.237 -9.47083e-15 150.017 -104.831 
-56.4897 48.6528 161.194 -1.90202e-14 150.153 -104.692 
-56.4347 48.5605 161.15 9.5496e-15 150.289 -104.553 
-56.3801 48.4688 161.106 1.91787e-14 150.425 -104.413 
-56.326 48.3776 161.063 -0 150.56 -104.273 
-56.2723 48.2869 161.019 -0 150.694 -104.133 
-56.219 48.1968 160.975 -9.71015e-15 150.829 -103.992 
-56.1661 48.1072 160.931 9.75093e-15 150.962 -103.851 
-56.1136 48.0181 160.886 -9.79197e-15 151.095 -103.709 
-56.0615 47.9296 160.842 -0 151.228 -103.567 
-56.0098 47.8416 160.798 -9.87483e-15 151.361 -103.424 
-55.9585 47.7541 160.753 -0 151.492 -103.281 
-55.9076 47.6672 160.709 -0 151.624 -103.138 
-55.857 47.5807 160.664 -0 151.755 -102.994 
-55.8069 47.4948 160.62 1.00438e-14 151.886 -102.85 
-55.7571 47.4094 160.575 -0 152.016 -102.706 
-55.7077 47.3245 160.53 -2.02598e-14 152.145 -102.561 
-55.6586 47.2401 160.485 -2.03467e-14 152.275 -102.416 
-55.61 47.1562 160.44 -0 152.404 -102.27 
-55.5616 47.0728 160.395 1.02611e-14 152.532 -102.125 
-55.5137 46.9899 160.35 1.03055e-14 152.66 -101.978 
-55.4661 46.9076 160.305 -1.03501e-14 152.788 -101.832 
-55.4188 46.8257 160.259 1.0395e-14 152.915 -101.685 
-55.3719 46.7443 160.214 -1.04402e-14 153.042 -101.538 
-55.3253 46.6634 160.169 -2.09713e-14 153.168 -101.39 
-55.279 46.583 160.123 2.10629e-14 153.294 -101.242 
-55.2331 46.5031 160.077 1.05776e-14 153.42 -101.094 
-55.1875 46.4236 160.032 -0 153.545 -100.945 
-55.1422 46.3447 159.986 -0 153.669 -100.796 
-55.0973 46.2662 159.94 -0 153.794 -100.647 
-55.0527 46.1882 159.894 -2.153e-14 153.918 -100.497 
-55.0084 46.1107 159.848 1.08126e-14 154.041 -100.347 
-54.9644 46.0337 159.802 -0 154.164 -100.197 
-54.9207 45.9571 159.756 -0 154.287 -100.047 
-54.8773 45.881 159.71 1.09575e-14 154.409 -99.8958 
