-28.7761 35.4501 154.817 -0 169.733 163.763 
-28.7762 35.4505 154.817 -0 169.732 163.763 
-28.7763 35.451 154.818 -0 169.731 163.764 
-28.7765 35.4517 154.819 -5.30899e-14 169.729 163.765 
-28.7768 35.4527 154.82 -0 169.727 163.766 
-28.777 35.4539 154.822 -0 169.724 163.767 
-28.7774 35.4553 154.824 5.30481e-14 169.721 163.769 
-28.7778 35.4569 154.826 -0 169.717 163.771 
-28.7782 35.4587 154.828 5.30076e-14 169.713 163.773 
-28.7787 35.4607 154.831 -0 169.708 163.776 
-28.7793 35.463 154.834 -0 169.703 163.779 
-28.7799 35.4654 154.837 -0 169.697 163.782 
-28.7806 35.4681 154.841 -0 169.691 163.785 
-28.7813 35.471 154.844 -0 169.685 163.788 
-28.7821 35.4741 154.849 -5.28259e-14 169.677 163.792 
-28.7829 35.4774 154.853 -0 169.67 163.796 
-28.7838 35.4809 154.858 -5.27455e-14 169.661 163.801 
-28.7847 35.4847 154.863 -5.27017e-14 169.653 163.805 
-28.7857 35.4887 154.868 -0 169.644 163.81 
-28.7867 35.4929 154.873 -0 169.634 163.815 
-28.7878 35.4973 154.879 -0 169.624 163.821 
-28.789 35.5019 154.885 -0 169.613 163.826 
-28.7902 35.5067 154.892 5.2446e-14 169.602 163.832 
-28.7914 35.5118 154.898 -0 169.59 163.839 
-28.7927 35.5171 154.905 -5.23269e-14 169.578 163.845 
-28.7941 35.5226 154.912 5.22639e-14 169.565 163.852 
-28.7955 35.5283 154.92 -5.21985e-14 169.552 163.859 
-28.797 35.5343 154.928 -5.21308e-14 169.538 163.866 
-28.7985 35.5404 154.936 -0 169.524 163.873 
-28.8001 35.5468 154.944 -0 169.509 163.881 
-28.8017 35.5535 154.953 -0 169.494 163.889 
-28.8034 35.5603 154.961 5.18372e-14 169.478 163.898 
-28.8052 35.5674 154.971 5.17582e-14 169.462 163.906 
-28.807 35.5747 154.98 -0 169.445 163.915 
-28.8088 35.5822 154.99 -5.15935e-14 169.428 163.924 
-28.8107 35.59 155 -0 169.41 163.933 
-28.8127 35.598 155.01 -0 169.392 163.943 
-28.8147 35.6062 155.021 -0 169.373 163.953 
-28.8168 35.6146 155.032 5.12381e-14 169.354 163.963 
-28.8189 35.6233 155.043 -0 169.334 163.974 
-28.8211 35.6322 155.054 -0 169.314 163.984 
-28.8234 35.6414 155.066 -0 169.293 163.995 
-28.8257 35.6508 155.078 -0 169.271 164.007 
-28.8281 35.6604 155.09 -0 169.25 164.018 
-28.8305 35.6703 155.103 -0 169.227 164.03 
-28.833 35.6804 155.115 -5.05364e-14 169.204 164.042 
-28.8355 35.6907 155.129 5.04283e-14 169.181 164.054 
-28.8381 35.7013 155.142 -5.03181e-14 169.157 164.067 
-28.8408 35.7121 155.156 5.02061e-14 169.132 164.08 
-28.8435 35.7232 155.169 -0 169.107 164.093 
-28.8462 35.7345 155.184 -4.99766e-14 169.082 164.106 
-28.8491 35.7461 155.198 4.9859e-14 169.056 164.12 
-28.852 35.7579 155.213 -4.97397e-14 169.029 164.134 
-28.8549 35.77 155.228 -0 169.002 164.148 
-28.8579 35.7823 155.243 -0 168.974 164.162 
-28.861 35.7948 155.259 -4.93712e-14 168.946 164.177 
-28.8641 35.8077 155.275 -0 168.918 164.192 
-28.8673 35.8207 155.291 -0 168.888 164.207 
-28.8706 35.8341 155.307 4.89874e-14 168.859 164.223 
-28.8739 35.8477 155.324 4.88562e-14 168.828 164.239 
-28.8772 35.8615 155.341 -0 168.797 164.255 
-28.8807 35.8756 155.358 -0 168.766 164.271 
-28.8842 35.89 155.376 4.84532e-14 168.734 164.288 
-28.8877 35.9047 155.394 -4.83157e-14 168.702 164.305 
-28.8913 35.9196 155.412 -0 168.669 164.322 
-28.895 35.9348 155.43 -4.80365e-14 168.635 164.339 
-28.8988 35.9502 155.449 4.78947e-14 168.601 164.357 
-28.9026 35.966 155.468 -0 168.566 164.375 
-28.9065 35.982 155.487 -0 168.531 164.393 
-28.9104 35.9982 155.506 4.7461e-14 168.495 164.412 
-28.9144 36.0148 155.526 -0 168.459 164.43 
-28.9185 36.0316 155.546 -0 168.422 164.45 
-28.9226 36.0488 155.566 -4.70154e-14 168.385 164.469 
-28.9268 36.0662 155.587 -0 168.347 164.489 
-28.9311 36.0839 155.608 -0 168.308 164.508 
-28.9354 36.1018 155.629 4.65586e-14 168.269 164.529 
-28.9398 36.1201 155.65 -0 168.23 164.549 
-28.9443 36.1387 155.672 4.62482e-14 168.189 164.57 
-28.9488 36.1575 155.694 -4.60913e-14 168.149 164.591 
-28.9534 36.1767 155.716 -4.59334e-14 168.107 164.612 
-28.9581 36.1962 155.738 -4.57744e-14 168.065 164.634 
-28.9628 36.2159 155.761 -0 168.023 164.656 
-28.9676 36.236 155.784 4.54532e-14 167.98 164.678 
-28.9725 36.2564 155.807 -4.52912e-14 167.936 164.7 
-28.9774 36.2771 155.831 4.51282e-14 167.892 164.723 
-28.9825 36.2981 155.855 -0 167.847 164.746 
-28.9875 36.3194 155.879 4.47995e-14 167.802 164.769 
-28.9927 36.341 155.903 -0 167.756 164.793 
-28.9979 36.363 155.928 -0 167.709 164.816 
-29.0033 36.3853 155.953 -0 167.662 164.841 
-29.0086 36.4079 155.978 4.41318e-14 167.614 164.865 
-29.0141 36.4308 156.003 -0 167.566 164.89 
-29.0196 36.4541 156.029 -0 167.517 164.915 
-29.0252 36.4777 156.055 -0 167.467 164.94 
-29.0309 36.5016 156.081 -4.34517e-14 167.417 164.965 
-29.0367 36.5259 156.108 4.32799e-14 167.366 164.991 
-29.0425 36.5505 156.134 4.31075e-14 167.315 165.017 
-29.0484 36.5755 156.161 -4.29344e-14 167.263 165.044 
-29.0544 36.6008 156.189 4.27608e-14 167.211 165.07 
-29.0604 36.6264 156.216 4.25866e-14 167.157 165.097 
-29.0666 36.6525 156.244 -0 167.103 165.125 
-29.0728 36.6788 156.272 -4.22365e-14 167.049 165.152 
-29.0791 36.7056 156.3 -0 166.994 165.18 
-29.0855 36.7327 156.329 -0 166.938 165.208 
-29.092 36.7602 156.358 -0 166.882 165.236 
-29.0985 36.788 156.387 -4.15305e-14 166.825 165.265 
-29.1051 36.8163 156.416 -0 166.767 165.294 
-29.1119 36.8449 156.446 4.11749e-14 166.709 165.323 
-29.1187 36.8739 156.476 -0 166.65 165.353 
-29.1255 36.9033 156.506 -0 166.591 165.383 
-29.1325 36.933 156.537 4.06388e-14 166.53 165.413 
-29.1396 36.9632 156.567 -0 166.47 165.444 
-29.1467 36.9937 156.598 -0 166.408 165.474 
-29.1539 37.0247 156.629 -4.01e-14 166.346 165.505 
-29.1613 37.0561 156.661 -0 166.283 165.537 
-29.1687 37.0879 156.692 3.97395e-14 166.22 165.569 
-29.1762 37.12 156.724 -0 166.156 165.6 
-29.1838 37.1527 156.757 -0 166.091 165.633 
-29.1914 37.1857 156.789 -0 166.025 165.665 
-29.1992 37.2191 156.822 3.90162e-14 165.959 165.698 
-29.2071 37.253 156.855 -3.8835e-14 165.892 165.731 
-29.215 37.2874 156.888 3.86537e-14 165.825 165.765 
-29.2231 37.3221 156.922 -0 165.756 165.799 
-29.2312 37.3573 156.955 -0 165.687 165.833 
-29.2395 37.393 156.989 -0 165.618 165.867 
-29.2478 37.4291 157.023 -3.79277e-14 165.547 165.902 
-29.2563 37.4657 157.058 -0 165.476 165.937 
-29.2648 37.5027 157.093 -0 165.405 165.972 
-29.2735 37.5402 157.128 -0 165.332 166.008 
-29.2822 37.5781 157.163 3.72015e-14 165.259 166.044 
-29.2911 37.6166 157.198 -0 165.185 166.08 
-29.3001 37.6555 157.234 3.68386e-14 165.11 166.117 
-29.3091 37.6949 157.27 -3.66572e-14 165.035 166.154 
-29.3183 37.7348 157.306 -0 164.959 166.191 
-29.3276 37.7752 157.343 -0 164.882 166.228 
-29.337 37.8161 157.379 -3.61138e-14 164.804 166.266 
-29.3465 37.8575 157.416 3.59329e-14 164.726 166.304 
-29.3561 37.8994 157.454 3.57522e-14 164.647 166.343 
-29.3658 37.9419 157.491 3.55716e-14 164.567 166.382 
-29.3756 37.9848 157.529 3.53912e-14 164.486 166.421 
-29.3856 38.0283 157.567 -0 164.405 166.46 
-29.3956 38.0723 157.605 -0 164.323 166.5 
-29.4058 38.1169 157.643 -3.48513e-14 164.24 166.54 
-29.4161 38.162 157.682 -6.93436e-14 164.156 166.581 
-29.4265 38.2077 157.721 -0 164.072 166.621 
-29.437 38.2539 157.76 -3.43135e-14 163.986 166.662 
-29.4477 38.3007 157.799 -0 163.9 166.704 
-29.4585 38.348 157.839 -0 163.813 166.746 
-29.4694 38.396 157.878 -0 163.726 166.788 
-29.4804 38.4445 157.918 -0 163.637 166.83 
-29.4916 38.4936 157.959 3.34228e-14 163.548 166.873 
-29.5029 38.5433 157.999 -0 163.457 166.916 
-29.5143 38.5936 158.04 3.30688e-14 163.366 166.959 
-29.5258 38.6445 158.081 -0 163.275 167.003 
-29.5375 38.696 158.122 -0 163.182 167.047 
-29.5493 38.7482 158.164 -0 163.088 167.092 
-29.5613 38.801 158.205 -3.23649e-14 162.994 167.137 
-29.5734 38.8544 158.247 3.21899e-14 162.899 167.182 
-29.5856 38.9085 158.289 -0 162.802 167.227 
-29.598 38.9632 158.331 -0 162.705 167.273 
-29.6105 39.0186 158.374 -0 162.607 167.32 
-29.6232 39.0746 158.417 -0 162.509 167.366 
-29.636 39.1313 158.46 -0 162.409 167.413 
-29.649 39.1887 158.503 -0 162.308 167.46 
-29.6621 39.2468 158.546 -0 162.207 167.508 
-29.6754 39.3056 158.59 -0 162.104 167.556 
-29.6888 39.3651 158.634 -0 162.001 167.604 
-29.7024 39.4253 158.678 -0 161.897 167.653 
-29.7161 39.4863 158.722 -0 161.792 167.702 
-29.73 39.5479 158.767 -1.50619e-14 161.685 167.752 
-29.7441 39.6103 158.811 1.49773e-14 161.578 167.802 
-29.7583 39.6735 158.856 -0 161.47 167.852 
-29.7727 39.7374 158.901 -1.48089e-14 161.361 167.903 
-29.7872 39.8021 158.947 2.94503e-14 161.251 167.954 
-29.802 39.8675 158.992 -1.46416e-14 161.14 168.005 
-29.8169 39.9337 159.038 -0 161.028 168.057 
-29.832 40.0008 159.084 -0 160.915 168.109 
-29.8472 40.0686 159.13 -1.43926e-14 160.801 168.161 
-29.8627 40.1372 159.177 -0 160.686 168.214 
-29.8783 40.2067 159.223 1.4228e-14 160.57 168.268 
-29.8941 40.277 159.27 -0 160.453 168.321 
-29.9102 40.3481 159.317 -0 160.335 168.376 
-29.9263 40.4201 159.364 -1.39832e-14 160.216 168.43 
-29.9427 40.4929 159.411 -0 160.096 168.485 
-29.9593 40.5666 159.459 -1.38214e-14 159.975 168.54 
-29.9761 40.6412 159.507 -0 159.852 168.596 
-29.9931 40.7167 159.554 1.36608e-14 159.729 168.652 
-30.0103 40.7931 159.603 -2.71619e-14 159.604 168.709 
-30.0277 40.8703 159.651 -1.35014e-14 159.479 168.766 
-30.0453 40.9486 159.699 1.34221e-14 159.352 168.823 
-30.0632 41.0277 159.748 2.66864e-14 159.224 168.881 
-30.0812 41.1078 159.797 -1.32645e-14 159.095 168.94 
-30.0995 41.1889 159.846 -1.31862e-14 158.965 168.998 
-30.118 41.2709 159.895 -0 158.834 169.057 
-30.1367 41.3539 159.944 -3.90913e-14 158.702 169.117 
-30.1557 41.4379 159.994 -1.2953e-14 158.568 169.177 
-30.1749 41.5229 160.044 -1.28759e-14 158.433 169.237 
-30.1943 41.6089 160.094 1.27991e-14 158.297 169.298 
-30.214 41.696 160.144 -1.27226e-14 158.16 169.36 
-30.234 41.7841 160.194 -0 158.022 169.422 
-30.2541 41.873 160.244 2.51417e-14 157.883 169.484 
-30.2744 41.9625 160.294 2.49918e-14 157.743 169.546 
-30.2948 42.0527 160.345 2.48432e-14 157.603 169.608 
-30.3154 42.1435 160.395 1.2348e-14 157.462 169.671 
-30.3361 42.2349 160.445 1.22751e-14 157.321 169.734 
-30.357 42.3269 160.494 -1.22028e-14 157.179 169.797 
-30.3781 42.4196 160.544 -1.21312e-14 157.036 169.86 
-30.3993 42.5129 160.594 -2.41204e-14 156.893 169.923 
-30.4207 42.6069 160.643 3.59695e-14 156.75 169.986 
-30.4423 42.7014 160.693 2.38402e-14 156.606 170.05 
-30.464 42.7967 160.742 -0 156.461 170.114 
-30.4859 42.8926 160.792 -0 156.316 170.178 
-30.508 42.9891 160.841 -2.34291e-14 156.17 170.242 
-30.5302 43.0864 160.89 1.16472e-14 156.024 170.306 
-30.5527 43.1842 160.939 -0 155.877 170.37 
-30.5753 43.2828 160.988 -0 155.729 170.435 
-30.598 43.382 161.037 -0 155.581 170.5 
-30.621 43.4819 161.086 -1.13837e-14 155.432 170.565 
-30.6442 43.5824 161.134 -0 155.283 170.63 
-30.6675 43.6837 161.183 1.12554e-14 155.133 170.695 
-30.691 43.7856 161.231 -1.1192e-14 154.983 170.761 
-30.7148 43.8883 161.28 -1.11292e-14 154.832 170.827 
-30.7387 43.9916 161.328 1.10669e-14 154.68 170.893 
-30.7628 44.0956 161.376 -1.10052e-14 154.528 170.959 
-30.7871 44.2004 161.424 -1.0944e-14 154.375 171.025 
-30.8116 44.3058 161.472 -2.17665e-14 154.222 171.091 
-30.8363 44.4119 161.52 -1.08231e-14 154.068 171.158 
-30.8613 44.5188 161.568 -0 153.913 171.225 
-30.8864 44.6264 161.616 -1.07042e-14 153.758 171.292 
-30.9117 44.7347 161.663 -1.06454e-14 153.602 171.36 
-30.9373 44.8437 161.711 -0 153.446 171.427 
-30.9631 44.9535 161.758 -0 153.289 171.495 
-30.9891 45.064 161.805 -1.04722e-14 153.131 171.563 
-31.0153 45.1752 161.852 -0 152.973 171.631 
-31.0418 45.2872 161.899 -1.03591e-14 152.813 171.7 
-31.0684 45.3999 161.946 -1.03033e-14 152.654 171.768 
-31.0954 45.5134 161.993 -1.02479e-14 152.494 171.837 
-31.1225 45.6277 162.04 -0 152.333 171.907 
-31.1499 45.7427 162.086 -1.01384e-14 152.171 171.976 
-31.1775 45.8584 162.133 -0 152.009 172.046 
-31.2054 45.9749 162.179 1.00308e-14 151.846 172.115 
-31.2335 46.0922 162.225 9.97759e-15 151.682 172.186 
-31.2619 46.2103 162.272 -0 151.518 172.256 
-31.2905 46.3292 162.318 9.87251e-15 151.353 172.327 
-31.3194 46.4488 162.364 9.82061e-15 151.188 172.397 
-31.3485 46.5693 162.409 -9.76912e-15 151.021 172.469 
-31.3779 46.6905 162.455 -9.71804e-15 150.855 172.54 
-31.4076 46.8125 162.501 -0 150.687 172.612 
-31.4375 46.9353 162.546 -0 150.519 172.684 
-31.4678 47.0589 162.591 -0 150.35 172.756 
-31.4983 47.1834 162.637 -0 150.18 172.828 
-31.5291 47.3086 162.682 -0 150.01 172.901 
-31.5601 47.4347 162.727 -9.42005e-15 149.839 172.974 
-31.5915 47.5616 162.771 -9.37176e-15 149.667 173.048 
-31.6232 47.6893 162.816 -9.32384e-15 149.495 173.121 
-31.6551 47.8178 162.861 -9.27631e-15 149.321 173.195 
-31.6874 47.9472 162.905 1.84583e-14 149.148 173.27 
-31.72 48.0774 162.95 -9.18237e-15 148.973 173.344 
-31.7529 48.2085 162.994 -0 148.798 173.419 
-31.7861 48.3404 163.038 -9.0899e-15 148.622 173.494 
-31.8196 48.4732 163.082 9.04421e-15 148.445 173.57 
-31.8534 48.6068 163.126 -0 148.268 173.646 
-31.8876 48.7412 163.169 -0 148.09 173.722 
-31.9221 48.8766 163.213 8.90927e-15 147.911 173.798 
-31.957 49.0128 163.256 8.86499e-15 147.731 173.875 
-31.9922 49.1498 163.299 8.82106e-15 147.551 173.953 
-32.0278 49.2878 163.343 8.77748e-15 147.37 174.03 
-32.0637 49.4266 163.386 -8.73423e-15 147.188 174.108 
-32.1 49.5663 163.428 -8.69132e-15 147.005 174.186 
-32.1366 49.7069 163.471 8.64874e-15 146.822 174.265 
-32.1736 49.8484 163.514 -8.6065e-15 146.638 174.344 
-32.211 49.9907 163.556 -0 146.453 174.423 
-32.2488 50.134 163.599 1.7046e-14 146.267 174.503 
-32.287 50.2782 163.641 -0 146.081 174.583 
-32.3256 50.4233 163.683 8.44078e-15 145.894 174.664 
-32.3645 50.5693 163.725 -8.40016e-15 145.706 174.745 
-32.4039 50.7162 163.766 -0 145.517 174.826 
-32.4437 50.864 163.808 8.31985e-15 145.328 174.908 
-32.4839 51.0127 163.849 -8.28016e-15 145.138 174.99 
-32.5246 51.1624 163.891 -1.64816e-14 144.947 175.073 
-32.5657 51.313 163.932 -8.2017e-15 144.755 175.156 
-32.6072 51.4645 163.973 8.16293e-15 144.563 175.24 
-32.6492 51.617 164.014 -0 144.369 175.324 
-32.6916 51.7704 164.054 -0 144.175 175.408 
-32.7345 51.9248 164.095 -0 143.98 175.493 
-32.7779 52.08 164.135 -0 143.785 175.578 
-32.8217 52.2363 164.175 7.97356e-15 143.588 175.664 
-32.8661 52.3935 164.215 -0 143.391 175.751 
-32.9109 52.5516 164.255 -0 143.193 175.837 
-32.9562 52.7108 164.295 -7.86343e-15 142.994 175.925 
-33.0021 52.8708 164.335 7.82729e-15 142.795 176.013 
-33.0485 53.0319 164.374 -7.79143e-15 142.594 176.101 
-33.0954 53.1939 164.413 7.75586e-15 142.393 176.19 
-33.1428 53.3569 164.452 -0 142.191 176.279 
-33.1908 53.5208 164.491 7.68554e-15 141.988 176.369 
-33.2394 53.6858 164.53 -0 141.784 176.46 
-33.2885 53.8517 164.569 -0 141.58 176.551 
-33.3382 54.0186 164.607 -7.58211e-15 141.374 176.643 
-33.3885 54.1865 164.645 -7.54817e-15 141.168 176.735 
-33.4394 54.3554 164.683 7.5145e-15 140.961 176.828 
-33.4908 54.5252 164.721 -0 140.754 176.921 
-33.543 54.6961 164.759 -0 140.545 177.016 
-33.5957 54.868 164.796 7.41508e-15 140.336 177.11 
-33.6491 55.0408 164.834 -0 140.125 177.206 
-33.7031 55.2147 164.871 7.35011e-15 139.914 177.302 
-33.7579 55.3896 164.908 -0 139.702 177.399 
-33.8132 55.5655 164.945 -0 139.49 177.496 
-33.8693 55.7423 164.981 -0 139.276 177.594 
-33.9261 55.9202 165.018 -0 139.062 177.693 
-33.9836 56.0992 165.054 -0 138.847 177.792 
-34.0418 56.2791 165.09 -7.1613e-15 138.631 177.893 
-34.1008 56.46 165.126 7.13071e-15 138.414 177.994 
-34.1606 56.642 165.162 -7.10036e-15 138.196 178.095 
-34.2211 56.825 165.197 7.07027e-15 137.978 178.198 
-34.2824 57.009 165.233 -0 137.758 178.301 
-34.3445 57.194 165.268 -0 137.538 178.405 
-34.4074 57.3801 165.303 -0 137.317 178.51 
-34.4712 57.5671 165.337 6.95229e-15 137.096 178.616 
-34.5358 57.7552 165.372 6.9234e-15 136.873 178.723 
-34.6013 57.9444 165.406 -6.89474e-15 136.649 178.83 
-34.6677 58.1345 165.44 -6.86632e-15 136.425 178.939 
-34.735 58.3257 165.474 -6.83814e-15 136.2 179.048 
-34.8032 58.5179 165.508 -0 135.974 179.158 
-34.8723 58.7112 165.542 -0 135.747 179.269 
-34.9424 58.9054 165.575 -0 135.52 179.381 
-35.0135 59.1007 165.608 -0 135.291 179.494 
-35.0856 59.2971 165.641 -0 135.062 179.609 
-35.1588 59.4944 165.674 -0 134.832 179.724 
-35.2329 59.6928 165.706 -0 134.601 179.84 
-35.3082 59.8922 165.738 -0 134.369 179.957 
-35.3845 60.0927 165.77 -0 134.137 -179.925 
-35.4619 60.2942 165.802 -6.56894e-15 133.904 -179.805 
-35.5405 60.4967 165.834 -0 133.67 -179.685 
-35.6203 60.7002 165.865 -0 133.435 -179.563 
-35.7012 60.9047 165.896 -0 133.199 -179.44 
-35.7834 61.1103 165.927 -0 132.962 -179.316 
-35.8668 61.3169 165.958 -9.66414e-15 132.725 -179.19 
-35.9515 61.5245 165.989 -6.41818e-15 132.487 -179.064 
-36.0375 61.7331 166.019 -0 132.248 -178.936 
-36.1248 61.9428 166.049 3.18483e-15 132.008 -178.806 
-36.2134 62.1534 166.079 6.34573e-15 131.768 -178.676 
-36.3035 62.3651 166.108 -0 131.527 -178.543 
-36.395 62.5778 166.138 -0 131.284 -178.41 
-36.488 62.7914 166.167 -0 131.042 -178.275 
-36.5824 63.0061 166.196 -6.25213e-15 130.798 -178.139 
