-51.6372 35.7927 155.539 -0 168.668 -83.3767 
-51.6381 35.793 155.539 -0 168.668 -83.3775 
-51.6397 35.7934 155.54 -4.81699e-14 168.667 -83.3787 
-51.6418 35.794 155.54 -0 168.666 -83.3804 
-51.6446 35.7948 155.541 4.816e-14 168.665 -83.3826 
-51.648 35.7957 155.541 -0 168.663 -83.3854 
-51.652 35.7968 155.542 -0 168.661 -83.3886 
-51.6566 35.7981 155.543 -0 168.659 -83.3923 
-51.6619 35.7996 155.544 -0 168.656 -83.3965 
-51.6677 35.8012 155.545 4.81138e-14 168.654 -83.4012 
-51.6742 35.803 155.547 -0 168.65 -83.4064 
-51.6813 35.805 155.548 -4.80867e-14 168.647 -83.4121 
-51.689 35.8071 155.549 4.80713e-14 168.643 -83.4183 
-51.6973 35.8094 155.551 4.80548e-14 168.639 -83.4249 
-51.7062 35.8119 155.553 -4.8037e-14 168.635 -83.4321 
-51.7158 35.8146 155.555 -0 168.631 -83.4397 
-51.7259 35.8174 155.557 -0 168.626 -83.4479 
-51.7367 35.8204 155.559 -4.79763e-14 168.621 -83.4565 
-51.7482 35.8236 155.561 -0 168.615 -83.4657 
-51.7602 35.8269 155.564 -4.79299e-14 168.609 -83.4753 
-51.7728 35.8304 155.566 -0 168.603 -83.4854 
-51.7861 35.8341 155.569 -0 168.597 -83.496 
-51.8 35.838 155.572 -0 168.591 -83.5071 
-51.8145 35.842 155.574 -4.78228e-14 168.584 -83.5187 
-51.8297 35.8462 155.577 9.55861e-14 168.576 -83.5307 
-51.8454 35.8506 155.581 -4.77621e-14 168.569 -83.5433 
-51.8618 35.8551 155.584 4.77301e-14 168.561 -83.5563 
-51.8788 35.8598 155.587 4.76968e-14 168.553 -83.5698 
-51.8965 35.8647 155.591 4.76625e-14 168.545 -83.5838 
-51.9147 35.8698 155.594 -0 168.536 -83.5983 
-51.9336 35.875 155.598 -0 168.527 -83.6133 
-51.9532 35.8805 155.602 4.75525e-14 168.518 -83.6288 
-51.9733 35.886 155.606 -4.75135e-14 168.508 -83.6447 
-51.9941 35.8918 155.61 -0 168.498 -83.6611 
-52.0155 35.8977 155.614 -4.74323e-14 168.488 -83.678 
-52.0375 35.9038 155.618 -4.739e-14 168.478 -83.6954 
-52.0602 35.9101 155.623 -4.73466e-14 168.467 -83.7133 
-52.0835 35.9166 155.627 -4.73022e-14 168.456 -83.7316 
-52.1074 35.9232 155.632 4.72566e-14 168.445 -83.7504 
-52.132 35.93 155.637 -0 168.433 -83.7697 
-52.1572 35.937 155.642 4.71622e-14 168.422 -83.7895 
-52.183 35.9441 155.647 -0 168.409 -83.8098 
-52.2095 35.9515 155.652 -4.70636e-14 168.397 -83.8305 
-52.2366 35.959 155.657 4.70127e-14 168.384 -83.8517 
-52.2644 35.9666 155.662 -4.69608e-14 168.371 -83.8733 
-52.2928 35.9745 155.668 -4.69078e-14 168.358 -83.8954 
-52.3218 35.9825 155.673 -0 168.344 -83.918 
-52.3515 35.9907 155.679 -4.67988e-14 168.33 -83.9411 
-52.3818 35.9991 155.685 4.67428e-14 168.316 -83.9646 
-52.4128 36.0076 155.691 -0 168.302 -83.9886 
-52.4444 36.0163 155.697 -4.66278e-14 168.287 -84.0131 
-52.4767 36.0252 155.703 -4.65689e-14 168.272 -84.038 
-52.5096 36.0343 155.709 -4.65089e-14 168.257 -84.0634 
-52.5432 36.0436 155.715 -4.6448e-14 168.241 -84.0892 
-52.5774 36.053 155.722 -0 168.225 -84.1155 
-52.6122 36.0626 155.729 -4.63234e-14 168.209 -84.1423 
-52.6478 36.0724 155.735 -0 168.192 -84.1695 
-52.684 36.0824 155.742 4.6195e-14 168.176 -84.1972 
-52.7208 36.0925 155.749 -0 168.159 -84.2253 
-52.7583 36.1028 155.756 -0 168.141 -84.2539 
-52.7964 36.1133 155.763 -4.59956e-14 168.124 -84.2829 
-52.8353 36.124 155.77 -0 168.106 -84.3124 
-52.8747 36.1348 155.778 4.58583e-14 168.088 -84.3423 
-52.9149 36.1458 155.785 -0 168.069 -84.3727 
-52.9557 36.157 155.793 -0 168.05 -84.4035 
-52.9972 36.1684 155.8 -0 168.031 -84.4347 
-53.0393 36.18 155.808 -4.55734e-14 168.012 -84.4664 
-53.0822 36.1917 155.816 -0 167.992 -84.4985 
-53.1257 36.2036 155.824 4.5426e-14 167.972 -84.5311 
-53.1698 36.2157 155.832 -4.53511e-14 167.952 -84.5641 
-53.2147 36.228 155.84 -0 167.932 -84.5975 
-53.2602 36.2405 155.848 -4.51989e-14 167.911 -84.6314 
-53.3064 36.2531 155.857 4.51217e-14 167.89 -84.6657 
-53.3533 36.2659 155.865 -0 167.869 -84.7004 
-53.4009 36.2789 155.874 -0 167.847 -84.7356 
-53.4491 36.2921 155.882 -0 167.825 -84.7712 
-53.4981 36.3054 155.891 -4.48054e-14 167.803 -84.8072 
-53.5477 36.319 155.9 4.47245e-14 167.781 -84.8436 
-53.5981 36.3327 155.909 -0 167.758 -84.8804 
-53.6491 36.3466 155.918 -0 167.735 -84.9177 
-53.7008 36.3607 155.927 -0 167.712 -84.9554 
-53.7532 36.3749 155.936 -0 167.689 -84.9934 
-53.8063 36.3893 155.946 -0 167.665 -85.0319 
-53.8601 36.404 155.955 -4.42251e-14 167.641 -85.0709 
-53.9147 36.4188 155.965 -0 167.616 -85.1102 
-53.9699 36.4337 155.974 8.81069e-14 167.592 -85.1499 
-54.0258 36.4489 155.984 -0 167.567 -85.19 
-54.0825 36.4643 155.994 -0 167.542 -85.2305 
-54.1398 36.4798 156.004 4.37916e-14 167.516 -85.2714 
-54.1979 36.4955 156.014 -0 167.491 -85.3128 
-54.2567 36.5114 156.024 4.36141e-14 167.465 -85.3545 
-54.3162 36.5275 156.034 -0 167.439 -85.3966 
-54.3764 36.5437 156.044 -4.34344e-14 167.412 -85.4391 
-54.4373 36.5602 156.054 4.33438e-14 167.385 -85.4819 
-54.499 36.5768 156.065 -0 167.358 -85.5252 
-54.5614 36.5936 156.075 -0 167.331 -85.5688 
-54.6245 36.6106 156.086 -4.3069e-14 167.304 -85.6129 
-54.6884 36.6278 156.096 -0 167.276 -85.6573 
-54.753 36.6451 156.107 -4.28834e-14 167.248 -85.7021 
-54.8183 36.6627 156.118 -0 167.219 -85.7472 
-54.8844 36.6804 156.129 4.26959e-14 167.191 -85.7927 
-54.9512 36.6983 156.14 -0 167.162 -85.8386 
-55.0188 36.7164 156.151 8.50136e-14 167.133 -85.8849 
-55.0871 36.7347 156.162 4.24116e-14 167.103 -85.9315 
-55.1562 36.7531 156.173 -4.2316e-14 167.074 -85.9785 
-55.226 36.7718 156.184 -0 167.044 -86.0258 
-55.2966 36.7906 156.196 -0 167.014 -86.0735 
-55.3679 36.8096 156.207 -0 166.983 -86.1215 
-55.44 36.8288 156.219 4.193e-14 166.953 -86.1699 
-55.5128 36.8482 156.23 -4.18326e-14 166.922 -86.2187 
-55.5865 36.8677 156.242 -4.1735e-14 166.891 -86.2677 
-55.6609 36.8875 156.253 4.16369e-14 166.859 -86.3172 
-55.736 36.9074 156.265 -0 166.828 -86.3669 
-55.812 36.9275 156.277 -0 166.796 -86.417 
-55.8887 36.9478 156.289 4.13412e-14 166.763 -86.4675 
-55.9662 36.9683 156.301 -4.1242e-14 166.731 -86.5182 
-56.0444 36.989 156.313 4.11426e-14 166.698 -86.5693 
-56.1235 37.0098 156.325 4.1043e-14 166.666 -86.6207 
-56.2033 37.0308 156.337 4.09431e-14 166.632 -86.6725 
-56.284 37.0521 156.349 4.0843e-14 166.599 -86.7245 
-56.3654 37.0735 156.361 -0 166.565 -86.7769 
-56.4476 37.0951 156.373 -4.06421e-14 166.532 -86.8296 
-56.5307 37.1168 156.386 -0 166.497 -86.8826 
-56.6145 37.1388 156.398 4.04405e-14 166.463 -86.9359 
-56.6991 37.1609 156.411 -0 166.429 -86.9895 
-56.7846 37.1832 156.423 8.04764e-14 166.394 -87.0434 
-56.8709 37.2057 156.436 -0 166.359 -87.0976 
-56.9579 37.2284 156.448 4.00353e-14 166.324 -87.1521 
-57.0458 37.2513 156.461 3.99337e-14 166.288 -87.2069 
-57.1345 37.2743 156.473 -0 166.252 -87.262 
-57.2241 37.2976 156.486 -0 166.216 -87.3174 
-57.3144 37.321 156.499 -0 166.18 -87.373 
-57.4056 37.3446 156.512 3.9526e-14 166.144 -87.429 
-57.4977 37.3684 156.524 3.94239e-14 166.107 -87.4852 
-57.5905 37.3923 156.537 -3.93217e-14 166.07 -87.5417 
-57.6842 37.4165 156.55 -0 166.033 -87.5984 
-57.7788 37.4408 156.563 7.82344e-14 165.996 -87.6554 
-57.8742 37.4653 156.576 7.80297e-14 165.959 -87.7127 
-57.9704 37.49 156.589 7.7825e-14 165.921 -87.7703 
-58.0675 37.5148 156.602 -3.88101e-14 165.883 -87.8281 
-58.1655 37.5399 156.615 -0 165.845 -87.8862 
-58.2643 37.5651 156.628 -0 165.807 -87.9445 
-58.364 37.5905 156.642 -0 165.768 -88.003 
-58.4645 37.6161 156.655 -3.84007e-14 165.729 -88.0618 
-58.5659 37.6418 156.668 -0 165.69 -88.1209 
-58.6682 37.6677 156.681 -0 165.651 -88.1802 
-58.7713 37.6939 156.694 -3.80939e-14 165.612 -88.2397 
-58.8754 37.7201 156.708 -0 165.572 -88.2995 
-58.9803 37.7466 156.721 -3.78896e-14 165.533 -88.3594 
-59.0861 37.7732 156.734 -0 165.493 -88.4196 
-59.1928 37.8 156.747 3.76856e-14 165.453 -88.4801 
-59.3004 37.827 156.761 7.51676e-14 165.412 -88.5407 
-59.4089 37.8542 156.774 -0 165.372 -88.6016 
-59.5182 37.8815 156.787 -3.73804e-14 165.331 -88.6627 
-59.6285 37.909 156.801 -3.72789e-14 165.29 -88.7239 
-59.7397 37.9367 156.814 -7.43551e-14 165.249 -88.7854 
-59.8518 37.9645 156.827 -3.70763e-14 165.208 -88.8471 
-59.9648 37.9926 156.841 -0 165.167 -88.909 
-60.0787 38.0207 156.854 3.68743e-14 165.125 -88.9711 
-60.1936 38.0491 156.867 -0 165.083 -89.0334 
-60.3093 38.0776 156.881 3.66729e-14 165.042 -89.0958 
-60.426 38.1063 156.894 -0 165 -89.1585 
-60.5436 38.1352 156.907 3.64723e-14 164.957 -89.2213 
-60.6622 38.1642 156.921 -0 164.915 -89.2843 
-60.7817 38.1934 156.934 7.25448e-14 164.872 -89.3475 
-60.9021 38.2227 156.947 7.23456e-14 164.83 -89.4108 
-61.0235 38.2522 156.961 3.60734e-14 164.787 -89.4743 
-61.1458 38.2819 156.974 -3.59742e-14 164.744 -89.538 
-61.269 38.3117 156.987 -3.58753e-14 164.701 -89.6019 
-61.3933 38.3417 157.001 3.57765e-14 164.658 -89.6659 
-61.5184 38.3718 157.014 -0 164.614 -89.73 
-61.6446 38.4022 157.027 -3.55799e-14 164.571 -89.7943 
-61.7716 38.4326 157.04 -0 164.527 -89.8588 
-61.8997 38.4632 157.053 -7.07686e-14 164.483 -89.9234 
-62.0287 38.494 157.067 -3.52869e-14 164.439 -89.9881 
-62.1587 38.5249 157.08 3.51898e-14 164.395 -90.053 
-62.2897 38.556 157.093 -3.5093e-14 164.351 -90.118 
-62.4217 38.5872 157.106 -0 164.307 -90.1832 
-62.5546 38.6186 157.119 3.49003e-14 164.263 -90.2484 
-62.6885 38.6501 157.132 -0 164.218 -90.3138 
-62.8235 38.6818 157.145 3.47088e-14 164.174 -90.3794 
-62.9594 38.7136 157.158 3.46136e-14 164.129 -90.445 
-63.0963 38.7455 157.17 -0 164.084 -90.5108 
-63.2342 38.7776 157.183 -3.44241e-14 164.039 -90.5766 
-63.3731 38.8098 157.196 3.43299e-14 163.994 -90.6426 
-63.513 38.8422 157.209 -0 163.949 -90.7087 
-63.6539 38.8747 157.221 -3.41425e-14 163.904 -90.7749 
-63.7958 38.9073 157.234 1.70247e-14 163.859 -90.8411 
-63.9387 38.9401 157.246 -1.69783e-14 163.813 -90.9075 
-64.0827 38.973 157.259 -0 163.768 -90.974 
-64.2277 39.006 157.271 6.75443e-14 163.723 -91.0406 
-64.3737 39.0392 157.284 -3.36805e-14 163.677 -91.1072 
-64.5207 39.0725 157.296 -1.67947e-14 163.632 -91.1739 
-64.6687 39.1059 157.308 -1.67492e-14 163.586 -91.2408 
-64.8178 39.1394 157.32 -0 163.54 -91.3077 
-64.9679 39.1731 157.332 -0 163.494 -91.3746 
-65.1191 39.2068 157.345 -6.64569e-14 163.449 -91.4417 
-65.2713 39.2407 157.356 -1.65696e-14 163.403 -91.5088 
-65.4245 39.2747 157.368 -1.65253e-14 163.357 -91.576 
-65.5788 39.3088 157.38 -3.29623e-14 163.311 -91.6432 
-65.7337 39.343 157.392 -3.28746e-14 163.265 -91.7104 
-65.889 39.377 157.403 6.55757e-14 163.22 -91.7772 
-66.0444 39.411 157.415 -1.6351e-14 163.174 -91.8438 
-66.2002 39.445 157.426 1.63085e-14 163.129 -91.9102 
-66.3562 39.4789 157.437 1.62664e-14 163.084 -91.9762 
-66.5125 39.5127 157.448 -1.62247e-14 163.039 -92.0421 
-66.669 39.5464 157.459 -3.23669e-14 162.995 -92.1076 
-66.8259 39.5801 157.469 -0 162.951 -92.1729 
-66.9829 39.6137 157.48 -0 162.906 -92.2379 
-67.1403 39.6472 157.49 1.60622e-14 162.863 -92.3026 
-67.2978 39.6806 157.501 -1.60226e-14 162.819 -92.3671 
-67.4557 39.714 157.511 4.79501e-14 162.775 -92.4314 
-67.6138 39.7473 157.521 -3.18891e-14 162.732 -92.4954 
-67.7721 39.7805 157.53 3.18123e-14 162.689 -92.5591 
-67.9307 39.8137 157.54 -3.17362e-14 162.646 -92.6226 
-68.0896 39.8467 157.55 -1.58305e-14 162.604 -92.6858 
-68.2487 39.8797 157.559 3.15864e-14 162.561 -92.7488 
-68.408 39.9126 157.568 3.15127e-14 162.519 -92.8116 
-68.5676 39.9454 157.577 3.14397e-14 162.477 -92.8741 
-68.7274 39.9781 157.586 -4.70513e-14 162.436 -92.9364 
-68.8875 40.0108 157.595 1.5648e-14 162.394 -92.9984 
-69.0478 40.0433 157.604 1.56127e-14 162.353 -93.0602 
-69.2083 40.0758 157.612 -0 162.312 -93.1217 
-69.369 40.1081 157.62 3.1086e-14 162.271 -93.1831 
-69.53 40.1404 157.629 -3.10175e-14 162.231 -93.2441 
-69.6913 40.1726 157.637 3.09497e-14 162.191 -93.305 
-69.8527 40.2047 157.645 -1.54413e-14 162.151 -93.3656 
-70.0144 40.2367 157.652 3.08162e-14 162.111 -93.4261 
-70.1763 40.2686 157.66 1.53752e-14 162.071 -93.4863 
-70.3384 40.3004 157.667 -0 162.032 -93.5462 
-70.5007 40.3321 157.675 -0 161.993 -93.606 
-70.6633 40.3637 157.682 -0 161.954 -93.6655 
-70.826 40.3952 157.689 -0 161.916 -93.7248 
-70.989 40.4266 157.696 -1.52162e-14 161.878 -93.784 
-71.1522 40.4579 157.703 -1.51854e-14 161.84 -93.8429 
-71.3156 40.4891 157.709 -0 161.802 -93.9016 
-71.4792 40.5202 157.716 -3.02496e-14 161.764 -93.96 
-71.643 40.5512 157.722 1.5095e-14 161.727 -94.0183 
-71.807 40.5821 157.728 3.0131e-14 161.69 -94.0764 
-71.9712 40.6128 157.734 -0 161.653 -94.1343 
-72.1356 40.6435 157.74 -1.50075e-14 161.617 -94.192 
-72.3001 40.674 157.746 2.99581e-14 161.58 -94.2495 
-72.4649 40.7045 157.751 5.98034e-14 161.544 -94.3068 
-72.6299 40.7348 157.756 -1.4923e-14 161.509 -94.364 
-72.795 40.765 157.762 -1.48954e-14 161.473 -94.4209 
-72.9603 40.7951 157.767 -1.48682e-14 161.438 -94.4777 
-73.1259 40.8251 157.772 -0 161.403 -94.5342 
-73.2916 40.8549 157.777 -0 161.369 -94.5906 
