99.4454 46.2791 158.028 1.72473e-14 155.693 79.6863 
99.4452 46.2795 158.028 5.74892e-15 155.692 79.6859 
99.4447 46.2802 158.029 2.87431e-14 155.691 79.6852 
99.4441 46.2811 158.03 -0 155.689 79.6843 
99.4432 46.2823 158.031 5.74767e-15 155.686 79.6831 
99.4422 46.2837 158.033 -1.1494e-14 155.684 79.6816 
99.4411 46.2855 158.035 1.72387e-14 155.68 79.6798 
99.4397 46.2874 158.037 1.7236e-14 155.676 79.6778 
99.4382 46.2897 158.039 -0 155.671 79.6755 
99.4364 46.2922 158.041 1.14864e-14 155.666 79.673 
99.4345 46.295 158.044 2.29678e-14 155.661 79.6701 
99.4324 46.298 158.047 2.87029e-14 155.654 79.667 
99.4301 46.3014 158.051 -2.86954e-14 155.648 79.6637 
99.4277 46.305 158.055 -2.29499e-14 155.641 79.66 
99.425 46.3088 158.058 3.44145e-14 155.633 79.6561 
99.4222 46.3129 158.063 -1.14678e-14 155.624 79.652 
99.4192 46.3173 158.067 2.29278e-14 155.615 79.6475 
99.416 46.322 158.072 -0 155.606 79.6428 
99.4126 46.3269 158.077 -4.00938e-14 155.596 79.6378 
99.4091 46.3321 158.082 1.14507e-14 155.586 79.6326 
99.4053 46.3376 158.088 -0 155.575 79.6271 
99.4014 46.3433 158.094 -2.28815e-14 155.563 79.6213 
99.3973 46.3493 158.1 -2.28709e-14 155.551 79.6153 
99.393 46.3556 158.106 -0 155.538 79.609 
99.3885 46.3622 158.113 2.28482e-14 155.525 79.6024 
99.3838 46.369 158.12 -5.70903e-15 155.511 79.5956 
99.3789 46.3761 158.127 -1.14118e-14 155.497 79.5885 
99.3739 46.3835 158.135 2.28106e-14 155.482 79.5812 
99.3686 46.3912 158.142 5.6993e-15 155.467 79.5735 
99.3632 46.3991 158.15 -0 155.451 79.5657 
99.3575 46.4073 158.159 1.13845e-14 155.434 79.5575 
99.3517 46.4158 158.167 -5.68853e-15 155.417 79.5491 
99.3457 46.4246 158.176 -1.70541e-14 155.399 79.5405 
99.3395 46.4337 158.185 3.40847e-14 155.381 79.5316 
99.3331 46.443 158.194 -4.54139e-14 155.363 79.5224 
99.3265 46.4526 158.204 -3.9708e-14 155.343 79.5129 
99.3197 46.4625 158.214 -2.83415e-14 155.324 79.5032 
99.3128 46.4727 158.224 1.13278e-14 155.303 79.4933 
99.3056 46.4832 158.235 -1.13188e-14 155.282 79.4831 
99.2982 46.494 158.245 -3.39289e-14 155.261 79.4726 
99.2907 46.505 158.256 -5.6501e-15 155.239 79.4619 
99.2829 46.5164 158.268 -3.38716e-14 155.216 79.451 
99.2749 46.528 158.279 -0 155.193 79.4397 
99.2668 46.54 158.291 1.69058e-14 155.169 79.4283 
99.2584 46.5522 158.303 -1.12602e-14 155.145 79.4165 
99.2498 46.5647 158.315 5.62486e-15 155.12 79.4046 
99.2411 46.5776 158.328 -0 155.095 79.3923 
99.2321 46.5907 158.341 2.2456e-14 155.069 79.3799 
99.2229 46.6041 158.354 -1.12168e-14 155.042 79.3672 
99.2136 46.6179 158.367 1.68081e-14 155.015 79.3542 
99.204 46.6319 158.381 -4.47752e-14 154.987 79.341 
99.1942 46.6462 158.395 -5.59099e-15 154.959 79.3275 
99.1842 46.6609 158.409 -2.23399e-14 154.93 79.3138 
99.174 46.6759 158.423 5.57884e-15 154.901 79.2999 
99.1635 46.6911 158.438 -2.78631e-14 154.871 79.2857 
99.1529 46.7067 158.453 -0 154.84 79.2713 
99.1421 46.7226 158.468 2.22394e-14 154.809 79.2566 
99.131 46.7388 158.484 4.44264e-14 154.777 79.2418 
99.1197 46.7553 158.5 4.43733e-14 154.745 79.2266 
99.1082 46.7722 158.516 -1.66198e-14 154.712 79.2113 
99.0965 46.7894 158.532 -5.53307e-15 154.678 79.1957 
99.0846 46.8069 158.549 3.86829e-14 154.644 79.1798 
99.0724 46.8247 158.566 1.65572e-14 154.61 79.1638 
99.0601 46.8429 158.583 -0 154.574 79.1475 
99.0475 46.8613 158.6 -0 154.539 79.131 
99.0347 46.8802 158.618 -1.09947e-14 154.502 79.1142 
99.0216 46.8993 158.636 -2.74495e-14 154.465 79.0973 
99.0083 46.9188 158.654 1.09647e-14 154.427 79.0801 
98.9948 46.9386 158.672 -2.73736e-14 154.389 79.0627 
98.9811 46.9588 158.691 1.64009e-14 154.35 79.045 
98.9671 46.9793 158.71 1.09183e-14 154.311 79.0272 
98.9529 47.0002 158.729 -0 154.271 79.0091 
98.9385 47.0214 158.749 5.4432e-15 154.23 78.9908 
98.9238 47.043 158.768 2.71754e-14 154.189 78.9723 
98.9089 47.0649 158.788 2.17075e-14 154.147 78.9536 
98.8937 47.0872 158.809 3.25115e-14 154.104 78.9347 
98.8783 47.1098 158.829 2.70509e-14 154.061 78.9156 
98.8627 47.1328 158.85 -2.16068e-14 154.017 78.8962 
98.8468 47.1562 158.871 -1.07863e-14 153.973 78.8767 
98.8307 47.1799 158.892 5.38446e-15 153.928 78.8569 
98.8143 47.204 158.914 -1.07514e-14 153.882 78.837 
98.7976 47.2285 158.936 2.68343e-14 153.836 78.8168 
98.7807 47.2534 158.958 -2.14318e-14 153.789 78.7965 
98.7636 47.2786 158.98 2.13957e-14 153.741 78.776 
98.7462 47.3042 159.003 -5.33982e-15 153.693 78.7552 
98.7285 47.3302 159.025 -0 153.644 78.7343 
98.7105 47.3566 159.048 -2.12854e-14 153.595 78.7132 
98.6923 47.3834 159.072 -1.0624e-14 153.545 78.6919 
98.6739 47.4106 159.095 4.24204e-14 153.494 78.6705 
98.6551 47.4382 159.119 -3.17581e-14 153.443 78.6488 
98.6361 47.4662 159.143 -1.05668e-14 153.39 78.627 
98.6168 47.4946 159.168 1.58212e-14 153.338 78.605 
98.5973 47.5234 159.192 -5.26395e-15 153.284 78.5828 
98.5774 47.5526 159.217 1.05082e-14 153.23 78.5604 
98.5573 47.5822 159.242 -2.09767e-14 153.175 78.5379 
98.5369 47.6123 159.268 -0 153.12 78.5152 
98.5162 47.6427 159.293 -1.04481e-14 153.064 78.4923 
98.4952 47.6736 159.319 5.21391e-15 153.007 78.4693 
98.4739 47.705 159.345 -3.1222e-14 152.95 78.4461 
98.4523 47.7367 159.372 -2.59667e-14 152.892 78.4228 
98.4304 47.7689 159.398 -5.18296e-15 152.833 78.3993 
98.4083 47.8016 159.425 -5.17249e-15 152.773 78.3757 
98.3858 47.8347 159.452 1.03239e-14 152.713 78.3519 
98.363 47.8682 159.48 -5.15134e-15 152.652 78.328 
98.3399 47.9022 159.507 -0 152.59 78.3039 
98.3165 47.9367 159.535 -2.05196e-14 152.528 78.2797 
98.2927 47.9716 159.563 1.53572e-14 152.465 78.2554 
98.2687 48.007 159.592 1.02163e-14 152.401 78.2309 
98.2443 48.0429 159.62 5.0972e-15 152.337 78.2063 
98.2196 48.0792 159.649 2.03447e-14 152.272 78.1816 
98.1946 48.116 159.678 -0 152.206 78.1568 
98.1692 48.1533 159.707 -1.01278e-14 152.139 78.1318 
98.1435 48.1911 159.737 2.52633e-14 152.072 78.1067 
98.1174 48.2294 159.767 -5.04136e-15 152.004 78.0815 
98.091 48.2682 159.797 -3.521e-14 151.935 78.0563 
98.0643 48.3075 159.827 -1.00371e-14 151.865 78.0309 
98.0372 48.3473 159.858 -1.50212e-14 151.795 78.0054 
98.0098 48.3876 159.888 2.99732e-14 151.724 77.9798 
97.9819 48.4285 159.919 9.96783e-15 151.652 77.9541 
97.9538 48.4698 159.951 9.94448e-15 151.579 77.9284 
97.9252 48.5117 159.982 -1.48815e-14 151.506 77.9025 
97.8963 48.5542 160.014 -9.89742e-15 151.432 77.8766 
97.867 48.5971 160.046 9.87372e-15 151.357 77.8506 
97.8373 48.6407 160.078 2.46248e-14 151.281 77.8246 
97.8072 48.6847 160.11 -1.4739e-14 151.205 77.7984 
97.7768 48.7294 160.143 -1.96039e-14 151.128 77.7722 
97.7459 48.7745 160.176 -1.95556e-14 151.05 77.746 
97.7147 48.8203 160.209 -2.92605e-14 150.971 77.7197 
97.683 48.8666 160.242 -4.86457e-15 150.891 77.6934 
97.6509 48.9135 160.276 4.85234e-15 150.81 77.667 
97.6184 48.961 160.31 -4.84005e-15 150.729 77.6406 
97.5855 49.0091 160.344 3.13801e-14 150.647 77.6141 
97.5522 49.0578 160.378 2.64843e-14 150.564 77.5877 
97.5184 49.1071 160.413 -2.40144e-15 150.48 77.5612 
97.4842 49.157 160.447 2.15568e-14 150.396 77.5347 
97.4496 49.2075 160.482 -1.67225e-14 150.31 77.5082 
97.4145 49.2587 160.517 -4.76527e-15 150.224 77.4817 
97.3789 49.3104 160.553 -7.12897e-15 150.137 77.4552 
97.3429 49.3628 160.588 -2.36998e-15 150.049 77.4287 
97.3064 49.4159 160.624 1.18181e-14 149.96 77.4022 
97.2695 49.4696 160.66 -0 149.87 77.3757 
97.232 49.524 160.696 7.05252e-15 149.78 77.3493 
97.1941 49.579 160.733 -2.8133e-14 149.688 77.3229 
97.1557 49.6347 160.77 -2.80556e-14 149.596 77.2965 
97.1168 49.6911 160.806 -0 149.502 77.2702 
97.0774 49.7481 160.844 -4.65004e-15 149.408 77.244 
97.0374 49.8059 160.881 2.78222e-14 149.313 77.2178 
96.997 49.8643 160.919 -1.61839e-14 149.217 77.1917 
96.956 49.9235 160.956 4.61089e-15 149.12 77.1656 
96.9145 49.9834 160.994 -2.29888e-14 149.022 77.1396 
96.8724 50.044 161.032 1.83384e-14 148.924 77.1138 
96.8298 50.1053 161.071 -0 148.824 77.088 
96.7866 50.1674 161.109 -1.82327e-14 148.723 77.0623 
96.7429 50.2302 161.148 1.13623e-14 148.622 77.0368 
96.6986 50.2938 161.187 4.53163e-15 148.519 77.0114 
96.6537 50.3581 161.226 -2.25915e-14 148.416 76.9861 
96.6082 50.4232 161.266 6.75741e-15 148.311 76.9609 
96.5621 50.4891 161.305 8.98311e-15 148.205 76.9359 
96.5154 50.5558 161.345 -0 148.099 76.9111 
96.4681 50.6233 161.385 -4.46469e-15 147.992 76.8864 
96.4201 50.6916 161.425 -8.90242e-15 147.883 76.8619 
96.3715 50.7607 161.466 1.33131e-14 147.774 76.8376 
96.3223 50.8306 161.506 1.76967e-14 147.663 76.8135 
96.2724 50.9014 161.547 -1.10266e-14 147.551 76.7896 
96.2218 50.973 161.588 -6.59556e-15 147.439 76.7659 
96.1706 51.0454 161.629 -6.57516e-15 147.325 76.7425 
96.1186 51.1187 161.671 6.55471e-15 147.211 76.7193 
96.066 51.1929 161.712 6.53424e-15 147.095 76.6963 
96.0126 51.268 161.754 2.17124e-14 146.978 76.6736 
95.9585 51.344 161.796 -2.1644e-15 146.86 76.6512 
95.9037 51.4209 161.838 -0 146.741 76.6291 
95.8481 51.4986 161.88 1.2904e-14 146.621 76.6072 
95.7918 51.5773 161.923 -1.28628e-14 146.5 76.5857 
95.7347 51.657 161.965 -8.54765e-15 146.378 76.5645 
95.6768 51.7376 162.008 2.13002e-15 146.254 76.5437 
95.6181 51.8191 162.051 4.24624e-15 146.13 76.5231 
95.5586 51.9016 162.094 -0 146.004 76.503 
95.4982 51.9851 162.138 -4.21858e-15 145.877 76.4832 
95.437 52.0695 162.181 4.20474e-15 145.749 76.4638 
95.375 52.155 162.225 -2.09544e-15 145.62 76.4449 
95.3121 52.2415 162.269 4.177e-15 145.49 76.4263 
95.2483 52.3289 162.313 -1.66525e-14 145.358 76.4082 
95.1835 52.4175 162.357 -1.45223e-14 145.226 76.3905 
95.1179 52.507 162.401 1.03383e-14 145.092 76.3734 
95.0513 52.5976 162.446 -2.0607e-14 144.957 76.3566 
94.9838 52.6893 162.49 -0 144.821 76.3404 
94.9153 52.7821 162.535 4.09356e-15 144.683 76.3248 
94.8458 52.8759 162.58 -2.03981e-15 144.544 76.3096 
94.7753 52.9709 162.625 -0 144.404 76.295 
94.7038 53.067 162.67 8.10346e-15 144.263 76.281 
94.6312 53.1642 162.716 -5.04722e-15 144.12 76.2676 
94.5576 53.2625 162.761 2.01191e-15 143.976 76.2548 
94.4828 53.362 162.807 4.00987e-15 143.831 76.2427 
94.407 53.4627 162.853 4.99488e-15 143.685 76.2312 
94.33 53.5645 162.898 -1.89142e-14 143.537 76.2203 
94.2519 53.6676 162.945 9.91996e-16 143.388 76.2102 
94.1726 53.7718 162.991 -3.95402e-15 143.237 76.2008 
94.0922 53.8773 163.037 -1.87153e-14 143.086 76.1922 
94.0104 53.984 163.084 -4.90763e-15 142.932 76.1843 
93.9275 54.0919 163.13 4.89019e-15 142.778 76.1772 
93.8435 54.2008 163.177 -9.74559e-16 142.622 76.1709 
93.7586 54.3105 163.223 -1.74798e-14 142.466 76.1655 
93.6728 54.4209 163.27 9.67656e-15 142.31 76.161 
93.5862 54.532 163.316 -1.15708e-14 142.152 76.1574 
93.4986 54.6438 163.362 1.24907e-14 141.994 76.1547 
93.4102 54.7564 163.408 -4.78719e-15 141.836 76.1529 
93.3207 54.8697 163.454 5.72441e-15 141.676 76.152 
93.2304 54.9838 163.5 3.80287e-15 141.516 76.1521 
93.1391 55.0986 163.545 -2.84215e-15 141.356 76.1532 
93.0468 55.2141 163.591 -6.60846e-15 141.195 76.1552 
92.9535 55.3304 163.636 9.40768e-16 141.033 76.1582 
92.8592 55.4474 163.682 -2.81246e-15 140.871 76.1622 
92.7639 55.5652 163.727 -9.34224e-16 140.708 76.1673 
92.6675 55.6838 163.772 1.86196e-15 140.544 76.1734 
92.5701 55.8031 163.817 -4.63875e-16 140.38 76.1805 
92.4716 55.9232 163.862 5.08497e-15 140.215 76.1887 
92.372 56.044 163.907 -7.83145e-15 140.049 76.198 
92.2713 56.1656 163.951 -5.50903e-15 139.883 76.2085 
92.1695 56.288 163.996 -4.57507e-16 139.716 76.22 
92.0665 56.4111 164.04 -1.13984e-14 139.549 76.2327 
91.9624 56.535 164.084 -6.36125e-15 139.381 76.2466 
91.8571 56.6597 164.128 1.04149e-14 139.212 76.2616 
91.7505 56.7852 164.172 1.66973e-14 139.043 76.2779 
91.6428 56.9115 164.216 1.30425e-14 138.873 76.2953 
91.5338 57.0385 164.26 -3.1375e-15 138.702 76.314 
91.4236 57.1663 164.303 3.57356e-15 138.531 76.334 
91.312 57.2949 164.346 -4.22926e-15 138.359 76.3553 
91.1992 57.4243 164.39 -1.22013e-14 138.186 76.3779 
91.085 57.5545 164.433 8.62271e-15 138.013 76.4018 
90.9695 57.6855 164.476 -3.30529e-15 137.839 76.427 
90.8526 57.8173 164.519 1.97653e-15 137.664 76.4536 
90.7343 57.9499 164.561 -7.66082e-15 137.489 76.4817 
90.6146 58.0832 164.604 5.56285e-15 137.313 76.5111 
90.4934 58.2174 164.646 -1.84812e-15 137.136 76.542 
90.3708 58.3524 164.689 6.93453e-15 136.959 76.5744 
90.2466 58.4881 164.731 -1.6199e-16 136.781 76.6082 
90.1209 58.6247 164.773 5.43568e-15 136.603 76.6436 
89.9937 58.7621 164.815 2.33005e-16 136.423 76.6806 
89.8649 58.9002 164.856 3.74257e-15 136.244 76.7191 
89.7345 59.0392 164.898 9.59224e-16 136.063 76.7593 
89.6025 59.179 164.939 -6.26771e-15 135.882 76.801 
89.4687 59.3196 164.98 -2.85893e-15 135.7 76.8445 
89.3333 59.4609 165.021 3.4829e-15 135.518 76.8896 
89.1962 59.6031 165.062 1.05201e-15 135.334 76.9365 
89.0573 59.7461 165.103 -7.34027e-15 135.151 76.9851 
88.9166 59.8899 165.144 -8.98902e-15 134.966 77.0356 
88.7741 60.0345 165.184 4.16752e-15 134.781 77.0878 
88.6297 60.1799 165.224 1.86938e-15 134.596 77.1419 
88.4834 60.3261 165.265 -1.86341e-15 134.409 77.1979 
88.3352 60.4731 165.305 -5.36607e-15 134.222 77.2559 
88.185 60.6209 165.344 2.4688e-15 134.035 77.3158 
88.0328 60.7695 165.384 3.28132e-15 133.847 77.3777 
87.8786 60.9189 165.423 -5.72422e-15 133.658 77.4416 
87.7223 61.069 165.463 -4.07589e-16 133.468 77.5076 
87.5639 61.22 165.502 -6.50102e-15 133.278 77.5758 
87.4033 61.3718 165.541 2.43028e-15 133.087 77.6461 
87.2405 61.5243 165.58 8.07574e-16 132.896 77.7186 
87.0754 61.6777 165.618 -3.22029e-15 132.704 77.7934 
86.9081 61.8318 165.657 -8.42717e-15 132.512 77.8705 
86.7384 61.9867 165.695 4.80072e-15 132.318 77.9499 
86.5664 62.1424 165.733 1.59534e-15 132.125 78.0317 
86.3919 62.2988 165.771 -2.3857e-15 131.93 78.1159 
86.2149 62.456 165.809 7.13534e-15 131.735 78.2026 
86.0354 62.614 165.846 3.16166e-15 131.54 78.2918 
85.8534 62.7727 165.884 2.36409e-15 131.344 78.3836 
85.6687 62.9322 165.921 -1.57132e-15 131.147 78.478 
85.4813 63.0924 165.958 -0 130.95 78.5751 
85.2911 63.2534 165.995 -6.2478e-15 130.752 78.675 
85.0982 63.4151 166.031 6.22926e-15 130.554 78.7776 
84.9024 63.5775 166.068 -0 130.355 78.8832 
84.7037 63.7407 166.104 -2.32222e-15 130.155 78.9916 
84.502 63.9045 166.14 1.54361e-15 129.956 79.103 
84.2973 64.0691 166.176 -1.53911e-15 129.755 79.2174 
84.0895 64.2344 166.211 4.60392e-15 129.554 79.335 
83.8785 64.4004 166.247 -7.65103e-16 129.353 79.4557 
83.6643 64.567 166.282 -2.28871e-15 129.151 79.5796 
83.4468 64.7344 166.317 2.28216e-15 128.948 79.7068 
83.2259 64.9024 166.352 -6.82699e-15 128.746 79.8375 
83.0016 65.071 166.387 -0 128.542 79.9715 
82.7738 65.2403 166.421 3.77136e-15 128.339 80.1091 
82.5423 65.4102 166.455 5.26511e-15 128.134 80.2503 
82.3072 65.5808 166.489 -0 127.93 80.3951 
82.0683 65.752 166.523 7.4798e-16 127.725 80.5437 
81.8256 65.9237 166.557 -2.23775e-15 127.519 80.6961 
81.579 66.0961 166.59 2.97548e-15 127.314 80.8525 
81.3284 66.269 166.623 2.96736e-15 127.108 81.0128 
81.0737 66.4424 166.656 2.95932e-15 126.901 81.1773 
80.8147 66.6164 166.689 -1.47567e-15 126.694 81.3459 
80.5516 66.791 166.722 -0 126.487 81.5188 
80.284 66.966 166.754 -2.93559e-15 126.28 81.6961 
80.012 67.1415 166.786 -0 126.072 81.8779 
79.7354 67.3175 166.818 -1.46006e-15 125.864 82.0642 
79.4541 67.494 166.85 -1.45625e-15 125.656 82.2552 
79.168 67.6709 166.881 1.45247e-15 125.448 82.451 
78.8771 67.8482 166.912 -0 125.24 82.6517 
78.5811 68.0259 166.943 -1.44502e-15 125.031 82.8574 
78.2801 68.204 166.974 -2.88269e-15 124.822 83.0682 
77.9738 68.3824 167.004 -2.87541e-15 124.613 83.2842 
77.6621 68.5612 167.035 -2.86821e-15 124.404 83.5056 
77.345 68.7402 167.065 4.29162e-15 124.195 83.7324 
77.0223 68.9196 167.095 -1.42701e-15 123.986 83.9648 
76.6938 69.0991 167.124 1.42352e-15 123.777 84.203 
76.3595 69.279 167.153 2.84012e-15 123.568 84.447 
76.0193 69.459 167.182 -1.41664e-15 123.359 84.6971 
75.6728 69.6391 167.211 4.23976e-15 123.15 84.9532 
75.3201 69.8194 167.24 4.22972e-15 122.941 85.2156 
74.961 69.9998 167.268 2.81319e-15 122.732 85.4845 
74.5953 70.1803 167.296 -2.80664e-15 122.523 85.7599 
74.223 70.3608 167.324 1.40008e-15 122.315 86.042 
73.8437 70.5414 167.352 -2.79377e-15 122.107 86.331 
73.4574 70.7219 167.379 2.78744e-15 121.899 86.627 
73.0639 70.9023 167.406 1.3906e-15 121.692 86.9302 
72.6631 71.0826 167.433 -1.38751e-15 121.485 87.2407 
72.2548 71.2627 167.459 2.76892e-15 121.278 87.5588 
71.8387 71.4427 167.486 -2.7629e-15 121.072 87.8846 
71.4148 71.6224 167.512 4.13542e-15 120.866 88.2182 
70.9829 71.8018 167.538 4.12661e-15 120.661 88.5599 
70.5427 71.9809 167.563 -4.11792e-15 120.456 88.9098 
70.0941 72.1596 167.588 -0 120.252 89.2681 
69.6369 72.3379 167.613 -0 120.049 89.635 
69.171 72.5157 167.638 -0 119.846 90.0107 
68.696 72.693 167.662 -0 119.645 90.3953 
68.2119 72.8697 167.687 2.71748e-15 119.444 90.7892 
67.7185 73.0458 167.71 -2.71215e-15 119.244 91.1924 
67.2154 73.2211 167.734 -0 119.045 91.6051 
66.7026 73.3957 167.757 -0 118.847 92.0277 
66.1799 73.5695 167.78 1.34833e-15 118.65 92.4602 
65.6469 73.7423 167.803 -4.03747e-15 118.455 92.9028 
65.1036 73.9142 167.826 1.34336e-15 118.26 93.3559 
64.5497 74.0851 167.848 1.34094e-15 118.067 93.8195 
63.985 74.2549 167.87 -0 117.875 94.294 
63.4093 74.4235 167.891 -0 117.685 94.7794 
62.8224 74.5909 167.913 2.66784e-15 117.496 95.276 
62.2241 74.7569 167.934 -2.66333e-15 117.309 95.784 
61.6142 74.9216 167.955 -2.6589e-15 117.124 96.3036 
60.9925 75.0848 167.975 1.32728e-15 116.94 96.8351 
60.3588 75.2464 167.995 2.6503e-15 116.759 97.3785 
59.7129 75.4063 168.015 -2.64612e-15 116.579 97.9341 
59.0546 75.5645 168.035 -1.32102e-15 116.401 98.5021 
58.3838 75.7209 168.054 1.31902e-15 116.225 99.0827 
57.7003 75.8753 168.073 2.63412e-15 116.052 99.676 
57.0038 76.0278 168.091 -1.31515e-15 115.881 100.282 
56.2943 76.1781 168.11 1.31327e-15 115.712 100.901 
55.5716 76.3262 168.128 2.6229e-15 115.546 101.534 
54.8356 76.472 168.146 -1.30967e-15 115.382 102.18 
54.0861 76.6154 168.163 -0 115.221 102.839 
53.323 76.7562 168.18 -0 115.063 103.512 
52.5463 76.8945 168.197 -0 114.908 104.198 
51.7559 77.03 168.214 2.60598e-15 114.756 104.898 
50.9516 77.1626 168.23 -1.30144e-15 114.608 105.612 
50.1335 77.2923 168.246 1.29993e-15 114.462 106.34 
49.3016 77.4189 168.261 3.8954e-15 114.32 107.082 
48.4558 77.5424 168.277 -0 114.181 107.837 
47.5962 77.6625 168.291 -0 114.046 108.606 
46.7229 77.7793 168.306 -1.29436e-15 113.915 109.39 
45.8359 77.8925 168.32 1.29309e-15 113.787 110.186 
44.9353 78.0021 168.334 -1.29186e-15 113.664 110.997 
44.0212 78.1079 168.348 3.87206e-15 113.544 111.82 
43.0939 78.2098 168.361 1.28956e-15 113.429 112.657 
42.1536 78.3078 168.374 -1.28848e-15 113.318 113.507 
41.2005 78.4016 168.387 -0 113.211 114.37 
40.2348 78.4913 168.399 -0 113.109 115.246 
39.2569 78.5766 168.412 -0 113.012 116.133 
38.2671 78.6575 168.423 1.28466e-15 112.919 117.033 
37.2659 78.7339 168.435 -0 112.832 117.944 
36.2535 78.8056 168.446 1.28305e-15 112.749 118.866 
35.2306 78.8726 168.456 -0 112.671 119.799 
34.1975 78.9347 168.467 -0 112.599 120.741 
33.1549 78.9919 168.477 1.28102e-15 112.531 121.694 
32.1032 79.0441 168.486 -0 112.469 122.655 
31.0431 79.0912 168.496 1.27993e-15 112.413 123.625 
29.9752 79.1331 168.505 -0 112.362 124.603 
28.9001 79.1698 168.514 1.27904e-15 112.317 125.587 
27.8187 79.2011 168.522 -0 112.277 126.579 
26.7315 79.227 168.53 1.27837e-15 112.243 127.575 
25.6394 79.2475 168.538 -1.27811e-15 112.215 128.577 
24.543 79.2625 168.545 -1.27791e-15 112.192 129.583 
23.4432 79.272 168.552 1.27776e-15 112.176 130.593 
22.3408 79.276 168.559 -1.27766e-15 112.165 131.605 
21.2365 79.2743 168.565 1.27762e-15 112.161 132.619 
20.1313 79.267 168.571 1.27763e-15 112.162 133.634 
19.0259 79.2541 168.577 -0 112.169 134.649 
17.9211 79.2355 168.582 6.38909e-16 112.182 135.664 
16.8178 79.2113 168.587 6.38997e-16 112.202 136.677 
15.7167 79.1815 168.592 -0 112.227 137.687 
14.6188 79.1461 168.596 -0 112.258 138.695 
13.5247 79.1051 168.6 -0 112.295 139.699 
12.4352 79.0586 168.603 -0 112.338 140.698 
11.3511 79.0065 168.607 -0 112.387 141.692 
10.2732 78.949 168.609 6.40096e-16 112.441 142.68 
9.20205 78.8861 168.612 -0 112.502 143.661 
8.13843 78.8178 168.614 3.20341e-16 112.568 144.634 
7.08296 78.7442 168.616 -3.20508e-16 112.64 145.599 
6.03626 78.6654 168.618 3.20688e-16 112.717 146.556 
4.99889 78.5814 168.619 3.20883e-16 112.8 147.503 
3.97143 78.4924 168.62 1.60546e-16 112.888 148.44 
2.95436 78.3984 168.62 -0 112.982 149.367 
1.94816 78.2994 168.62 8.03872e-17 113.08 150.283 
0.953281 78.1957 168.62 -4.02248e-17 113.184 151.187 
-0.0298894 78.0872 168.619 1.25805e-18 113.293 152.08 
-1.00098 77.9742 168.618 -0 113.407 152.961 
-1.95968 77.8566 168.617 8.06571e-17 113.526 153.829 
-2.90568 77.7346 168.616 -0 113.65 154.685 
-3.83874 77.6083 168.614 -0 113.778 155.528 
-4.75863 77.4778 168.611 -0 113.911 156.357 
-5.66516 77.3432 168.609 -3.23926e-16 114.048 157.174 
-6.55819 77.2046 168.606 -0 114.19 157.976 
-7.43758 77.0622 168.602 -0 114.336 158.766 
-8.30324 76.916 168.599 -0 114.485 159.541 
-9.1551 76.7661 168.595 6.50884e-16 114.639 160.302 
-9.99313 76.6127 168.59 -6.5171e-16 114.797 161.05 
-10.8173 76.4559 168.585 -0 114.959 161.784 
-11.6276 76.2957 168.58 6.53442e-16 115.124 162.504 
-12.4242 76.1324 168.575 -0 115.293 163.21 
-13.2069 75.9659 168.569 -0 115.465 163.903 
-13.976 75.7965 168.563 6.56243e-16 115.64 164.582 
-14.7314 75.6241 168.557 6.5723e-16 115.819 165.247 
-15.4734 75.449 168.55 -0 116.001 165.899 
-16.2019 75.2712 168.543 -1.31857e-15 116.186 166.537 
-16.9172 75.0908 168.535 1.32071e-15 116.374 167.162 
-17.6194 74.908 168.528 1.3229e-15 116.564 167.774 
-18.3086 74.7228 168.519 1.32514e-15 116.758 168.373 
-18.985 74.5352 168.511 -0 116.954 168.959 
-19.6488 74.3456 168.502 -1.32979e-15 117.152 169.532 
-20.3001 74.1538 168.493 -1.33219e-15 117.353 170.093 
-20.9392 73.96 168.483 -1.33465e-15 117.557 170.642 
-21.5661 73.7643 168.474 -1.33716e-15 117.762 171.179 
-22.1812 73.5667 168.464 -0 117.97 171.704 
-22.7846 73.3675 168.453 1.34235e-15 118.179 172.217 
-23.3765 73.1666 168.442 -0 118.391 172.718 
-23.9571 72.9641 168.431 -2.69549e-15 118.605 173.209 
-24.5266 72.7601 168.42 1.35052e-15 118.82 173.688 
-25.0852 72.5547 168.408 -0 119.037 174.156 
-25.6332 72.348 168.396 -2.71248e-15 119.256 174.614 
-26.1707 72.14 168.383 -1.35918e-15 119.477 175.061 
-26.6979 71.9309 168.37 -0 119.699 175.498 
-27.2151 71.7206 168.357 -2.73044e-15 119.922 175.925 
-27.7224 71.5092 168.344 -0 120.147 176.342 
-28.2201 71.2969 168.33 -2.74295e-15 120.373 176.75 
-28.7083 71.0836 168.316 -2.74936e-15 120.6 177.147 
-29.1872 70.8695 168.302 2.75589e-15 120.829 177.536 
-29.6571 70.6546 168.287 -0 121.059 177.916 
-30.1181 70.439 168.272 -0 121.289 178.287 
-30.5705 70.2227 168.256 -2.7761e-15 121.521 178.649 
-31.0143 70.0058 168.241 -0 121.753 179.002 
-31.4499 69.7883 168.225 2.79011e-15 121.987 179.347 
-31.8773 69.5703 168.208 -2.79728e-15 122.221 179.685 
-32.2968 69.3518 168.192 -0 122.456 -179.986 
-32.7085 69.133 168.175 -2.81194e-15 122.692 -179.665 
-33.1126 68.9138 168.158 -0 122.929 -179.351 
-33.5093 68.6942 168.14 2.82703e-15 123.166 -179.045 
-33.8987 68.4744 168.122 2.83474e-15 123.403 -178.745 
-34.2811 68.2544 168.104 -0 123.641 -178.453 
-34.6565 68.0342 168.086 2.85048e-15 123.88 -178.168 
-35.0251 67.8139 168.067 2.85851e-15 124.119 -177.89 
-35.3871 67.5935 168.048 2.86666e-15 124.359 -177.618 
-35.7426 67.373 168.028 -2.87491e-15 124.598 -177.353 
-36.0917 67.1526 168.009 5.76654e-15 124.839 -177.094 
-36.4347 66.9321 167.989 2.89174e-15 125.079 -176.841 
-36.7716 66.7117 167.969 -0 125.32 -176.595 
-37.1026 66.4914 167.948 -0 125.561 -176.354 
-37.4279 66.2712 167.927 -0 125.802 -176.119 
-37.7474 66.0512 167.906 5.85344e-15 126.043 -175.89 
-38.0615 65.8314 167.885 -2.93574e-15 126.284 -175.666 
-38.3701 65.6118 167.863 -0 126.525 -175.448 
-38.6734 65.3925 167.841 -2.95411e-15 126.767 -175.234 
-38.9716 65.1734 167.819 -0 127.008 -175.027 
-39.2648 64.9547 167.796 -2.97293e-15 127.249 -174.824 
-39.553 64.7363 167.773 -2.98251e-15 127.49 -174.626 
-39.8363 64.5183 167.75 -2.99219e-15 127.732 -174.433 
-40.115 64.3007 167.727 -0 127.973 -174.244 
-40.389 64.0835 167.703 -3.0119e-15 128.214 -174.06 
-40.6585 63.8667 167.679 3.02193e-15 128.454 -173.881 
-40.9236 63.6504 167.655 -0 128.695 -173.706 
-41.1844 63.4346 167.63 3.04231e-15 128.935 -173.536 
-41.441 63.2192 167.605 -0 129.175 -173.37 
-41.6934 63.0045 167.58 3.06315e-15 129.415 -173.207 
-41.9418 62.7902 167.555 -0 129.655 -173.049 
-42.1862 62.5766 167.53 -0 129.894 -172.895 
-42.4268 62.3635 167.504 9.28576e-15 130.133 -172.745 
-42.6635 62.151 167.478 -0 130.371 -172.598 
-42.8966 61.9392 167.451 3.11723e-15 130.61 -172.456 
-43.126 61.728 167.425 3.12839e-15 130.847 -172.317 
-43.3519 61.5174 167.398 3.13967e-15 131.085 -172.181 
-43.5742 61.3076 167.371 -0 131.322 -172.049 
-43.7932 61.0984 167.343 -3.16257e-15 131.559 -171.92 
-44.0089 60.8899 167.315 -6.34839e-15 131.795 -171.795 
-44.2213 60.6821 167.288 3.18594e-15 132.03 -171.673 
