1.98807 15.5301 109.426 -2.15435e-05 55.0431 -138.012 
1.98827 15.5296 109.427 -8.58211e-05 55.0413 -138.011 
1.98859 15.5288 109.428 -0.000193075 55.0383 -138.01 
1.98905 15.5276 109.43 -0.00034349 55.034 -138.009 
1.98963 15.5262 109.433 -0.000537327 55.0286 -138.008 
1.99035 15.5244 109.435 -0.000774922 55.022 -138.006 
1.9912 15.5222 109.439 -0.00105668 55.0141 -138.004 
1.99218 15.5198 109.443 -0.0013831 55.005 -138.001 
1.99328 15.517 109.447 -0.00175472 54.9948 -137.998 
1.99452 15.5139 109.452 -0.00217219 54.9833 -137.995 
1.99589 15.5105 109.458 -0.00263622 54.9706 -137.991 
1.9974 15.5067 109.464 -0.00314758 54.9567 -137.987 
1.99903 15.5026 109.47 -0.00370715 54.9416 -137.983 
2.00079 15.4982 109.477 -0.00431586 54.9253 -137.978 
2.00269 15.4935 109.485 -0.00497471 54.9078 -137.973 
2.00472 15.4884 109.493 -0.00568481 54.889 -137.968 
2.00687 15.483 109.502 -0.00644731 54.8691 -137.962 
2.00917 15.4773 109.511 -0.00726347 54.8479 -137.956 
2.01159 15.4713 109.521 -0.00813459 54.8256 -137.949 
2.01415 15.4649 109.531 -0.00906209 54.802 -137.942 
2.01684 15.4582 109.542 -0.0100474 54.7772 -137.935 
2.01966 15.4512 109.553 -0.0110922 54.7513 -137.928 
2.02261 15.4438 109.565 -0.012198 54.7241 -137.92 
2.0257 15.4361 109.577 -0.0133665 54.6957 -137.911 
2.02893 15.4281 109.59 -0.0145996 54.6661 -137.903 
2.03229 15.4198 109.603 -0.0158991 54.6352 -137.894 
2.03578 15.4112 109.617 -0.017267 54.6032 -137.885 
2.03941 15.4022 109.632 -0.0187053 54.57 -137.875 
2.04317 15.3929 109.646 -0.0202161 54.5355 -137.865 
2.04707 15.3833 109.662 -0.0218017 54.4999 -137.854 
2.0511 15.3734 109.678 -0.0234643 54.463 -137.843 
2.05527 15.3631 109.694 -0.0252063 54.4249 -137.832 
2.05958 15.3525 109.711 -0.0270302 54.3856 -137.821 
2.06403 15.3416 109.729 -0.0289385 54.3452 -137.809 
2.06861 15.3303 109.747 -0.0309338 54.3034 -137.796 
2.07333 15.3188 109.766 -0.0330188 54.2605 -137.784 
2.07819 15.3069 109.785 -0.0351964 54.2164 -137.77 
2.08319 15.2947 109.804 -0.0374695 54.1711 -137.757 
2.08833 15.2822 109.825 -0.039841 54.1245 -137.743 
2.09361 15.2693 109.845 -0.042314 54.0768 -137.729 
2.09903 15.2562 109.866 -0.0448917 54.0278 -137.714 
2.1046 15.2427 109.888 -0.0475773 53.9776 -137.699 
2.1103 15.2289 109.91 -0.0503742 53.9263 -137.683 
2.11615 15.2147 109.933 -0.0532858 53.8737 -137.668 
2.12213 15.2003 109.957 -0.0563158 53.8199 -137.651 
2.12827 15.1855 109.98 -0.0594676 53.7649 -137.635 
2.13454 15.1704 110.005 -0.0627451 53.7086 -137.617 
2.14097 15.155 110.03 -0.0661522 53.6512 -137.6 
2.14753 15.1393 110.055 -0.0696927 53.5926 -137.582 
2.15425 15.1233 110.081 -0.0733707 53.5327 -137.564 
2.16111 15.1069 110.107 -0.0771903 53.4716 -137.545 
2.16811 15.0902 110.134 -0.0811558 53.4094 -137.526 
2.17527 15.0733 110.162 -0.0852716 53.3459 -137.506 
2.18257 15.0559 110.19 -0.0895421 53.2812 -137.486 
2.19003 15.0383 110.218 -0.0939719 53.2153 -137.465 
2.19763 15.0204 110.247 -0.0985656 53.1482 -137.444 
2.20539 15.0021 110.277 -0.103328 53.0798 -137.423 
2.2133 14.9836 110.307 -0.108264 53.0103 -137.401 
2.22136 14.9647 110.337 -0.113379 52.9396 -137.379 
2.22957 14.9455 110.368 -0.118678 52.8676 -137.356 
2.23794 14.926 110.4 -0.124166 52.7944 -137.333 
2.24646 14.9061 110.432 -0.129849 52.72 -137.309 
2.25514 14.886 110.465 -0.135731 52.6445 -137.285 
2.26397 14.8656 110.498 -0.141819 52.5677 -137.26 
2.27297 14.8448 110.532 -0.148119 52.4896 -137.235 
2.28212 14.8237 110.566 -0.154636 52.4104 -137.209 
2.29143 14.8024 110.601 -0.161376 52.33 -137.183 
2.3009 14.7807 110.636 -0.168345 52.2484 -137.156 
2.31054 14.7587 110.672 -0.175551 52.1655 -137.129 
2.32033 14.7364 110.708 -0.182999 52.0814 -137.101 
2.33029 14.7138 110.745 -0.190695 51.9962 -137.073 
2.34041 14.6909 110.782 -0.198647 51.9097 -137.045 
2.3507 14.6676 110.82 -0.206861 51.822 -137.015 
2.36115 14.6441 110.858 -0.215345 51.7331 -136.986 
2.37177 14.6203 110.897 -0.224105 51.643 -136.955 
2.38256 14.5962 110.936 -0.233149 51.5517 -136.924 
2.39352 14.5717 110.976 -0.242484 51.4591 -136.893 
2.40465 14.547 111.017 -0.252118 51.3654 -136.861 
2.41595 14.5219 111.058 -0.262059 51.2705 -136.828 
2.42743 14.4966 111.099 -0.272314 51.1743 -136.795 
2.43907 14.4709 111.141 -0.282893 51.0769 -136.762 
2.4509 14.445 111.183 -0.293802 50.9784 -136.727 
2.4629 14.4188 111.226 -0.305051 50.8786 -136.693 
2.47507 14.3922 111.27 -0.316648 50.7776 -136.657 
2.48743 14.3654 111.314 -0.328602 50.6754 -136.621 
2.49996 14.3382 111.358 -0.340922 50.572 -136.584 
2.51267 14.3108 111.403 -0.353617 50.4674 -136.547 
2.52557 14.2831 111.449 -0.366697 50.3616 -136.509 
2.53865 14.2551 111.495 -0.380171 50.2546 -136.47 
2.55192 14.2267 111.541 -0.39405 50.1464 -136.431 
2.56537 14.1981 111.588 -0.408342 50.0369 -136.391 
2.57901 14.1692 111.636 -0.423059 49.9263 -136.351 
2.59284 14.1401 111.684 -0.43821 49.8145 -136.309 
2.60685 14.1106 111.733 -0.453806 49.7014 -136.267 
2.62106 14.0808 111.782 -0.469859 49.5872 -136.225 
2.63547 14.0508 111.831 -0.48638 49.4718 -136.181 
2.65006 14.0204 111.881 -0.503379 49.3551 -136.137 
2.66485 13.9898 111.932 -0.520868 49.2373 -136.093 
2.67984 13.9589 111.983 -0.538859 49.1182 -136.047 
2.69503 13.9277 112.035 -0.557365 48.998 -136.001 
2.71042 13.8962 112.087 -0.576397 48.8765 -135.954 
2.72601 13.8644 112.139 -0.595968 48.7539 -135.906 
2.7418 13.8324 112.193 -0.616091 48.6301 -135.857 
2.7578 13.8001 112.246 -0.636779 48.505 -135.808 
2.774 13.7675 112.3 -0.658046 48.3788 -135.758 
2.79042 13.7346 112.355 -0.679906 48.2514 -135.707 
2.80704 13.7015 112.41 -0.702371 48.1228 -135.655 
2.82387 13.668 112.466 -0.725457 47.993 -135.602 
2.84091 13.6343 112.522 -0.749179 47.8619 -135.548 
2.85817 13.6004 112.579 -0.77355 47.7298 -135.494 
2.87565 13.5661 112.636 -0.798587 47.5964 -135.439 
2.89334 13.5316 112.693 -0.824305 47.4618 -135.382 
2.91126 13.4968 112.751 -0.85072 47.326 -135.325 
2.92939 13.4618 112.81 -0.877849 47.1891 -135.267 
2.94775 13.4265 112.869 -0.905707 47.051 -135.208 
2.96633 13.3909 112.929 -0.934312 46.9117 -135.148 
2.98514 13.3551 112.989 -0.963681 46.7712 -135.087 
3.00417 13.319 113.049 -0.993833 46.6295 -135.025 
3.02344 13.2826 113.111 -1.02478 46.4867 -134.962 
3.04294 13.246 113.172 -1.05655 46.3426 -134.898 
3.06267 13.2091 113.234 -1.08916 46.1974 -134.833 
3.08264 13.172 113.297 -1.12263 46.0511 -134.767 
3.10285 13.1346 113.36 -1.15697 45.9035 -134.699 
3.12329 13.0969 113.423 -1.19221 45.7548 -134.631 
3.14398 13.059 113.487 -1.22837 45.6049 -134.562 
3.16491 13.0209 113.552 -1.26547 45.4539 -134.491 
3.18609 12.9825 113.617 -1.30353 45.3017 -134.419 
3.20752 12.9438 113.683 -1.34257 45.1483 -134.346 
3.22919 12.9049 113.749 -1.38262 44.9937 -134.272 
3.25112 12.8658 113.815 -1.42369 44.8381 -134.196 
3.2733 12.8264 113.882 -1.46582 44.6812 -134.12 
3.29574 12.7868 113.949 -1.50903 44.5232 -134.042 
3.31843 12.747 114.017 -1.55334 44.3641 -133.962 
3.34139 12.7069 114.086 -1.59878 44.2038 -133.882 
3.36461 12.6665 114.155 -1.64537 44.0424 -133.8 
3.38809 12.626 114.224 -1.69315 43.8798 -133.717 
3.41184 12.5852 114.294 -1.74213 43.7161 -133.632 
3.43586 12.5442 114.364 -1.79234 43.5513 -133.546 
3.46016 12.5029 114.435 -1.84383 43.3853 -133.458 
3.48472 12.4614 114.506 -1.8966 43.2182 -133.369 
3.50957 12.4197 114.578 -1.95071 43.05 -133.278 
3.53469 12.3778 114.65 -2.00616 42.8807 -133.186 
3.56009 12.3357 114.723 -2.063 42.7102 -133.092 
3.58577 12.2933 114.796 -2.12127 42.5387 -132.997 
3.61174 12.2507 114.87 -2.18098 42.366 -132.9 
3.638 12.208 114.944 -2.24218 42.1922 -132.801 
3.66455 12.165 115.018 -2.30491 42.0173 -132.701 
3.6914 12.1217 115.093 -2.36918 41.8414 -132.599 
3.71854 12.0783 115.169 -2.43506 41.6643 -132.495 
3.74597 12.0347 115.245 -2.50256 41.4862 -132.389 
3.77371 11.9909 115.321 -2.57173 41.307 -132.281 
3.80175 11.9468 115.398 -2.64262 41.1267 -132.172 
3.8301 11.9026 115.475 -2.71525 40.9454 -132.06 
3.85876 11.8582 115.553 -2.78967 40.7629 -131.947 
3.88773 11.8136 115.631 -2.86592 40.5795 -131.832 
3.91701 11.7688 115.71 -2.94405 40.395 -131.714 
3.94661 11.7238 115.789 -3.02411 40.2094 -131.595 
3.97653 11.6786 115.869 -3.10613 40.0228 -131.473 
4.00677 11.6332 115.949 -3.19016 39.8352 -131.349 
4.03733 11.5877 116.029 -3.27626 39.6465 -131.223 
4.06823 11.542 116.11 -3.36447 39.4569 -131.095 
4.09945 11.4961 116.192 -3.45484 39.2662 -130.964 
4.13101 11.45 116.273 -3.54743 39.0746 -130.831 
4.1629 11.4037 116.356 -3.64229 38.8819 -130.695 
4.19514 11.3573 116.438 -3.73948 38.6883 -130.557 
4.22771 11.3107 116.522 -3.83904 38.4936 -130.416 
4.26063 11.264 116.605 -3.94104 38.2981 -130.273 
4.2939 11.2171 116.689 -4.04555 38.1015 -130.127 
4.32752 11.17 116.774 -4.15261 37.9041 -129.979 
4.3615 11.1228 116.859 -4.26229 37.7057 -129.827 
4.39583 11.0754 116.944 -4.37467 37.5063 -129.673 
4.43052 11.0279 117.03 -4.48979 37.3061 -129.516 
4.46557 10.9803 117.116 -4.60774 37.1049 -129.356 
4.501 10.9325 117.203 -4.72858 36.9029 -129.192 
4.53679 10.8845 117.29 -4.85239 36.7 -129.026 
4.57295 10.8364 117.377 -4.97923 36.4962 -128.856 
4.60949 10.7882 117.465 -5.10919 36.2916 -128.683 
4.64641 10.7399 117.553 -5.24234 36.0861 -128.507 
4.68372 10.6914 117.642 -5.37877 35.8799 -128.328 
4.72141 10.6429 117.731 -5.51855 35.6728 -128.144 
4.75948 10.5941 117.821 -5.66177 35.4649 -127.958 
4.79795 10.5453 117.911 -5.80852 35.2562 -127.767 
4.83682 10.4964 118.001 -5.95889 35.0468 -127.573 
4.87609 10.4474 118.092 -6.11297 34.8366 -127.375 
4.91575 10.3982 118.183 -6.27085 34.6257 -127.173 
4.95583 10.349 118.275 -6.43264 34.4141 -126.966 
4.99631 10.2996 118.367 -6.59843 34.2018 -126.756 
5.03721 10.2502 118.459 -6.76833 33.9889 -126.541 
5.07852 10.2006 118.552 -6.94244 33.7753 -126.322 
5.12026 10.151 118.645 -7.12088 33.5611 -126.099 
5.16241 10.1013 118.738 -7.30375 33.3462 -125.871 
5.205 10.0515 118.832 -7.49117 33.1308 -125.638 
5.24801 10.0017 118.927 -7.68326 32.9148 -125.401 
5.29146 9.95177 119.021 -7.88014 32.6983 -125.158 
5.33535 9.90178 119.117 -8.08194 32.4813 -124.91 
5.37968 9.85173 119.212 -8.28878 32.2638 -124.658 
5.42445 9.80161 119.308 -8.50081 32.0458 -124.4 
5.46967 9.75145 119.404 -8.71815 31.8274 -124.136 
5.51535 9.70123 119.501 -8.94095 31.6087 -123.867 
5.56148 9.65097 119.598 -9.16935 31.3895 -123.592 
5.60796 9.60079 119.695 -9.40291 31.1706 -123.311 
5.65466 9.55083 119.792 -9.64115 30.9525 -123.027 
5.7016 9.50107 119.889 -9.88415 30.7351 -122.737 
5.74876 9.45153 119.986 -10.132 30.5186 -122.443 
5.79616 9.40221 120.082 -10.3848 30.303 -122.144 
5.84378 9.3531 120.179 -10.6426 30.0882 -121.84 
5.89164 9.30421 120.275 -10.9055 29.8744 -121.53 
5.93972 9.25554 120.371 -11.1735 29.6614 -121.216 
5.98804 9.20709 120.467 -11.4469 29.4494 -120.897 
6.03659 9.15887 120.563 -11.7257 29.2384 -120.572 
6.08537 9.11086 120.659 -12.0099 29.0284 -120.242 
6.13438 9.06308 120.755 -12.2997 28.8195 -119.906 
6.18362 9.01553 120.851 -12.5952 28.6116 -119.565 
6.2331 8.9682 120.946 -12.8965 28.4048 -119.218 
6.28281 8.9211 121.041 -13.2036 28.1991 -118.865 
6.33275 8.87423 121.137 -13.5166 27.9946 -118.506 
6.38293 8.82759 121.232 -13.8357 27.7912 -118.141 
6.43334 8.78118 121.327 -14.161 27.5891 -117.771 
6.48398 8.73501 121.422 -14.4926 27.3882 -117.393 
6.53486 8.68907 121.516 -14.8305 27.1886 -117.01 
6.58597 8.64337 121.611 -15.1748 26.9903 -116.62 
6.63732 8.5979 121.705 -15.5258 26.7934 -116.224 
6.6889 8.55268 121.8 -15.8834 26.5979 -115.821 
6.74071 8.50769 121.894 -16.2478 26.4038 -115.412 
6.79277 8.46295 121.988 -16.619 26.2111 -114.995 
6.84505 8.41844 122.082 -16.9972 26.02 -114.572 
6.89758 8.37419 122.175 -17.3826 25.8304 -114.141 
6.95033 8.33017 122.269 -17.775 25.6424 -113.704 
7.00333 8.28641 122.362 -18.1748 25.4561 -113.259 
7.05656 8.24289 122.456 -18.582 25.2714 -112.807 
7.11002 8.19962 122.549 -18.9966 25.0884 -112.347 
7.16373 8.1566 122.642 -19.4189 24.9072 -111.88 
7.21767 8.11384 122.735 -19.8488 24.7277 -111.405 
7.27184 8.07132 122.827 -20.2865 24.5502 -110.923 
7.32625 8.02907 122.92 -20.732 24.3745 -110.433 
7.3809 7.98706 123.012 -21.1855 24.2008 -109.934 
7.43579 7.94532 123.104 -21.6471 24.0291 -109.428 
7.49091 7.90383 123.197 -22.1167 23.8594 -108.914 
7.54627 7.86261 123.289 -22.5946 23.6918 -108.391 
7.60187 7.82164 123.38 -23.0807 23.5264 -107.861 
7.6577 7.78094 123.472 -23.5752 23.3632 -107.322 
7.71377 7.7405 123.564 -24.0782 23.2022 -106.774 
7.77008 7.70033 123.655 -24.5896 23.0436 -106.218 
7.82662 7.66042 123.746 -25.1095 22.8873 -105.654 
7.88341 7.62078 123.837 -25.6381 22.7334 -105.081 
7.94043 7.58141 123.928 -26.1753 22.5821 -104.499 
7.99768 7.54231 124.019 -26.7211 22.4332 -103.909 
8.05518 7.50349 124.109 -27.2757 22.287 -103.31 
8.11291 7.46493 124.2 -27.839 22.1434 -102.703 
8.17088 7.42665 124.29 -28.4111 22.0025 -102.086 
8.22908 7.38865 124.38 -28.9919 21.8644 -101.461 
8.28753 7.35092 124.47 -29.5815 21.7292 -100.827 
8.34621 7.31348 124.56 -30.1798 21.5968 -100.185 
8.40512 7.27631 124.649 -30.7869 21.4675 -99.5334 
8.46428 7.23942 124.739 -31.4026 21.3411 -98.8735 
8.52367 7.20282 124.828 -32.027 21.2178 -98.2049 
8.5833 7.1665 124.917 -32.66 21.0977 -97.5278 
8.64316 7.13047 125.006 -33.3015 20.9808 -96.8421 
8.70326 7.09472 125.095 -33.9515 20.8671 -96.148 
8.7636 7.05926 125.183 -34.6098 20.7568 -95.4456 
8.82417 7.02409 125.272 -35.2764 20.6499 -94.7349 
8.88498 6.98921 125.36 -35.9511 20.5464 -94.0161 
8.94603 6.95462 125.448 -36.6338 20.4465 -93.2893 
9.00731 6.92033 125.536 -37.3244 20.3501 -92.5546 
9.06883 6.88633 125.624 -38.0227 20.2574 -91.8123 
9.13058 6.85263 125.711 -38.7285 20.1684 -91.0624 
9.19257 6.81922 125.799 -39.4417 20.0831 -90.3052 
9.25479 6.78611 125.886 -40.1619 20.0016 -89.5409 
9.31724 6.7533 125.973 -40.8891 19.924 -88.7697 
9.37994 6.72079 126.06 -41.623 19.8503 -87.9918 
9.44286 6.68859 126.147 -42.3632 19.7806 -87.2075 
9.50602 6.65669 126.233 -43.1097 19.7149 -86.417 
9.56942 6.62509 126.319 -43.862 19.6533 -85.6207 
9.63304 6.5938 126.405 -44.6199 19.5958 -84.8187 
9.6969 6.56282 126.491 -45.3831 19.5425 -84.0115 
9.76099 6.53215 126.577 -46.1513 19.4933 -83.1993 
9.82532 6.50179 126.663 -46.9242 19.4484 -82.3825 
9.88988 6.47173 126.748 -47.7013 19.4078 -81.5613 
9.95467 6.442 126.834 -48.4823 19.3716 -80.7362 
10.0197 6.41257 126.919 -49.267 19.3396 -79.9075 
10.0849 6.38346 127.003 -50.0548 19.3121 -79.0756 
10.1504 6.35467 127.088 -50.8455 19.289 -78.2409 
10.2161 6.3262 127.173 -51.6386 19.2703 -77.4037 
10.2821 6.29804 127.257 -52.4338 19.256 -76.5645 
10.3483 6.27021 127.341 -53.2306 19.2462 -75.7236 
10.4147 6.2427 127.425 -54.0286 19.241 -74.8815 
10.4813 6.21551 127.509 -54.8275 19.2402 -74.0386 
10.5481 6.18864 127.592 -55.6267 19.2439 -73.1952 
10.6152 6.1621 127.676 -56.426 19.2522 -72.3518 
10.6825 6.13589 127.759 -57.2248 19.2649 -71.5088 
10.7501 6.11001 127.842 -58.0228 19.2822 -70.6667 
10.8178 6.08445 127.924 -58.8195 19.304 -69.8258 
10.8858 6.05923 128.007 -59.6146 19.3303 -68.9865 
10.9541 6.03433 128.089 -60.4077 19.3612 -68.1492 
11.0225 6.00977 128.172 -61.1983 19.3964 -67.3144 
11.0912 5.98555 128.254 -61.986 19.4362 -66.4824 
11.1601 5.96166 128.335 -62.7706 19.4804 -65.6536 
11.2292 5.93811 128.417 -63.5515 19.5291 -64.8284 
11.2985 5.91489 128.498 -64.3285 19.5821 -64.0071 
11.3681 5.89202 128.58 -65.1012 19.6395 -63.1901 
11.4378 5.86948 128.661 -65.8692 19.7013 -62.3777 
11.5078 5.84729 128.741 -66.6322 19.7673 -61.5703 
11.5781 5.82543 128.822 -67.3899 19.8377 -60.7681 
11.6485 5.80393 128.902 -68.142 19.9122 -59.9716 
11.7191 5.78276 128.982 -68.8882 19.991 -59.1809 
11.79 5.76195 129.062 -69.6283 20.0739 -58.3964 
11.8611 5.74148 129.142 -70.3618 20.161 -57.6183 
11.9324 5.72136 129.222 -71.0887 20.2521 -56.8468 
12.0039 5.70159 129.301 -71.8087 20.3472 -56.0823 
12.0757 5.68217 129.38 -72.5215 20.4463 -55.3248 
12.1476 5.6631 129.459 -73.227 20.5493 -54.5747 
12.2198 5.64439 129.538 -73.9249 20.6562 -53.8321 
12.2922 5.62603 129.616 -74.6151 20.7668 -53.0972 
12.3648 5.60802 129.695 -75.2974 20.8813 -52.3701 
12.4376 5.59038 129.773 -75.9716 20.9995 -51.651 
12.5106 5.57308 129.851 -76.6378 21.1213 -50.9401 
12.5838 5.55615 129.928 -77.2956 21.2467 -50.2373 
12.6573 5.53958 130.006 -77.9451 21.3756 -49.543 
12.7309 5.52337 130.083 -78.586 21.508 -48.857 
12.8047 5.50752 130.16 -79.2185 21.6438 -48.1796 
12.8788 5.49203 130.237 -79.8423 21.783 -47.5107 
12.953 5.47691 130.313 -80.4574 21.9255 -46.8505 
13.0275 5.46215 130.39 -81.0638 22.0713 -46.1989 
13.1022 5.44776 130.466 -81.6614 22.2202 -45.5561 
13.177 5.43374 130.542 -82.2503 22.3723 -44.922 
13.2521 5.42008 130.618 -82.8304 22.5275 -44.2966 
13.3274 5.4068 130.693 -83.4017 22.6856 -43.68 
13.4029 5.39388 130.768 -83.9642 22.8468 -43.0721 
13.4785 5.38134 130.843 -84.518 23.0108 -42.4729 
13.5544 5.36916 130.918 -85.063 23.1777 -41.8824 
13.6305 5.35736 130.993 -85.5993 23.3473 -41.3005 
13.7067 5.34594 131.067 -86.127 23.5197 -40.7273 
13.7832 5.33489 131.141 -86.646 23.6948 -40.1626 
13.8598 5.32421 131.215 -87.1564 23.8725 -39.6065 
13.9366 5.31392 131.289 -87.6583 24.0528 -39.0588 
14.0137 5.304 131.363 -88.1518 24.2356 -38.5195 
14.0909 5.29446 131.436 -88.6369 24.4209 -37.9885 
14.1683 5.2853 131.509 -89.1137 24.6085 -37.4658 
14.2459 5.27652 131.582 -89.5822 24.7986 -36.9513 
14.3237 5.26812 131.654 -90.0426 24.9909 -36.4448 
14.4017 5.2601 131.727 -90.4949 25.1856 -35.9464 
14.4798 5.25247 131.799 -90.9392 25.3824 -35.4559 
14.5582 5.24522 131.871 -91.3756 25.5814 -34.9732 
14.6367 5.23835 131.942 -91.8042 25.7826 -34.4983 
14.7154 5.23187 132.014 -92.2251 25.9858 -34.031 
14.7943 5.22578 132.085 -92.6384 26.1911 -33.5713 
14.8733 5.22008 132.156 -93.0442 26.3983 -33.119 
14.9526 5.21476 132.227 -93.4425 26.6075 -32.6741 
15.032 5.20983 132.297 -93.8336 26.8186 -32.2364 
15.1116 5.2053 132.367 -94.2174 27.0316 -31.8058 
15.1913 5.20115 132.437 -94.5941 27.2464 -31.3823 
15.2713 5.19739 132.507 -94.9638 27.463 -30.9658 
15.3514 5.19403 132.577 -95.3265 27.6813 -30.556 
15.4316 5.19106 132.646 -95.6825 27.9014 -30.153 
15.5121 5.18848 132.715 -96.0318 28.1231 -29.7567 
15.5927 5.18629 132.784 -96.3744 28.3464 -29.3669 
15.6735 5.1845 132.852 -96.7106 28.5713 -28.9834 
15.7544 5.18311 132.921 -97.0403 28.7978 -28.6063 
15.8355 5.18211 132.989 -97.3638 29.0258 -28.2355 
15.9168 5.18151 133.057 -97.6811 29.2554 -27.8707 
15.9982 5.1813 133.124 -97.9923 29.4864 -27.512 
16.0798 5.1815 133.192 -98.2974 29.7188 -27.1591 
16.1615 5.18209 133.259 -98.5967 29.9526 -26.8121 
16.2434 5.18308 133.326 -98.8902 30.1878 -26.4708 
16.3255 5.18447 133.393 -99.178 30.4243 -26.1351 
16.4077 5.18626 133.459 -99.4602 30.6621 -25.8049 
16.49 5.18845 133.525 -99.7369 30.9012 -25.4802 
16.5725 5.19104 133.591 -100.008 31.1416 -25.1607 
16.6552 5.19404 133.657 -100.274 31.3832 -24.8466 
16.738 5.19743 133.722 -100.535 31.626 -24.5375 
16.8209 5.20123 133.787 -100.79 31.8699 -24.2335 
16.904 5.20543 133.852 -101.041 32.115 -23.9345 
16.9872 5.21004 133.917 -101.286 32.3613 -23.6403 
17.0706 5.21505 133.982 -101.527 32.6086 -23.351 
17.1541 5.22046 134.046 -101.763 32.857 -23.0663 
17.2378 5.22628 134.11 -101.994 33.1065 -22.7863 
17.3216 5.2325 134.173 -102.22 33.357 -22.5107 
17.4055 5.23913 134.237 -102.442 33.6085 -22.2397 
17.4895 5.24617 134.3 -102.66 33.8609 -21.973 
17.5737 5.25361 134.363 -102.873 34.1144 -21.7106 
17.658 5.26145 134.426 -103.082 34.3688 -21.4524 
17.7425 5.26971 134.488 -103.286 34.6241 -21.1983 
17.827 5.27837 134.551 -103.487 34.8803 -20.9483 
17.9117 5.28744 134.612 -103.683 35.1374 -20.7023 
17.9966 5.29691 134.674 -103.875 35.3953 -20.4603 
18.0815 5.3068 134.736 -104.064 35.6541 -20.222 
18.1666 5.31709 134.797 -104.248 35.9138 -19.9875 
18.2517 5.32779 134.858 -104.429 36.1742 -19.7568 
18.337 5.3389 134.919 -104.606 36.4354 -19.5297 
18.4224 5.35042 134.979 -104.779 36.6974 -19.3061 
18.5079 5.36234 135.039 -104.948 36.9602 -19.0861 
18.5936 5.37468 135.099 -105.115 37.2237 -18.8695 
18.6793 5.38742 135.159 -105.277 37.4879 -18.6562 
18.7652 5.40057 135.218 -105.436 37.7529 -18.4463 
18.8511 5.41413 135.277 -105.592 38.0185 -18.2397 
18.9372 5.4281 135.336 -105.744 38.2848 -18.0362 
19.0233 5.44248 135.395 -105.894 38.5518 -17.8359 
19.1096 5.45727 135.453 -106.04 38.8194 -17.6387 
19.1959 5.47247 135.512 -106.182 39.0877 -17.4445 
19.2824 5.48807 135.569 -106.322 39.3566 -17.2533 
19.3689 5.50409 135.627 -106.459 39.6261 -17.065 
19.4556 5.52052 135.684 -106.592 39.8962 -16.8796 
19.5423 5.53735 135.742 -106.723 40.1668 -16.697 
19.6291 5.55459 135.798 -106.851 40.4381 -16.5172 
19.7161 5.57224 135.855 -106.976 40.7099 -16.3401 
19.8031 5.5903 135.911 -107.098 40.9822 -16.1656 
19.8901 5.60877 135.967 -107.218 41.2551 -15.9938 
19.9773 5.62765 136.023 -107.335 41.5285 -15.8246 
20.0645 5.64693 136.079 -107.449 41.8024 -15.6579 
20.1519 5.66662 136.134 -107.56 42.0768 -15.4936 
20.2393 5.68672 136.189 -107.669 42.3517 -15.3318 
20.3267 5.70723 136.244 -107.776 42.6271 -15.1725 
20.4143 5.72814 136.298 -107.88 42.9029 -15.0154 
20.5019 5.74946 136.353 -107.981 43.1792 -14.8607 
20.5896 5.77119 136.407 -108.08 43.4559 -14.7083 
20.6773 5.79332 136.46 -108.177 43.733 -14.5581 
20.7652 5.81586 136.514 -108.271 44.0106 -14.4101 
20.853 5.83881 136.567 -108.363 44.2886 -14.2642 
20.941 5.86216 136.62 -108.453 44.567 -14.1205 
21.029 5.88591 136.673 -108.541 44.8458 -13.9789 
21.117 5.91007 136.725 -108.626 45.1249 -13.8393 
21.2051 5.93463 136.777 -108.71 45.4045 -13.7017 
21.2933 5.95959 136.829 -108.791 45.6844 -13.5661 
21.3815 5.98496 136.881 -108.87 45.9646 -13.4325 
21.4698 6.01073 136.932 -108.947 46.2453 -13.3007 
21.5581 6.0369 136.983 -109.022 46.5262 -13.1709 
21.6465 6.06348 137.034 -109.095 46.8075 -13.0429 
21.7349 6.09045 137.085 -109.166 47.0891 -12.9167 
21.8233 6.11782 137.135 -109.235 47.371 -12.7923 
21.9118 6.14559 137.185 -109.302 47.6532 -12.6697 
22.0003 6.17377 137.235 -109.368 47.9357 -12.5488 
22.0889 6.20233 137.285 -109.431 48.2185 -12.4296 
22.1775 6.2313 137.334 -109.493 48.5016 -12.312 
22.2661 6.26066 137.383 -109.553 48.7849 -12.1961 
22.3548 6.29042 137.432 -109.611 49.0686 -12.0819 
22.4435 6.32058 137.48 -109.667 49.3524 -11.9692 
22.5322 6.35113 137.528 -109.722 49.6366 -11.858 
22.6209 6.38207 137.576 -109.775 49.9209 -11.7485 
22.7096 6.4134 137.624 -109.826 50.2055 -11.6404 
22.7984 6.44513 137.672 -109.876 50.4904 -11.5338 
22.8872 6.47725 137.719 -109.924 50.7754 -11.4287 
22.976 6.50976 137.766 -109.97 51.0607 -11.325 
23.0648 6.54266 137.812 -110.015 51.3462 -11.2228 
23.1537 6.57595 137.859 -110.059 51.6319 -11.1219 
23.2425 6.60962 137.905 -110.1 51.9177 -11.0224 
23.3314 6.64368 137.951 -110.141 52.2038 -10.9243 
23.4202 6.67813 137.996 -110.179 52.49 -10.8275 
23.5091 6.71296 138.042 -110.217 52.7764 -10.732 
23.5979 6.74818 138.087 -110.253 53.063 -10.6378 
23.6868 6.78378 138.132 -110.287 53.3498 -10.5448 
23.7757 6.81976 138.176 -110.32 53.6367 -10.4531 
23.8645 6.85612 138.221 -110.352 53.9237 -10.3627 
23.9534 6.89286 138.265 -110.382 54.2109 -10.2734 
24.0422 6.92998 138.308 -110.411 54.4983 -10.1854 
24.131 6.96748 138.352 -110.439 54.7857 -10.0985 
24.2199 7.00535 138.395 -110.465 55.0733 -10.0127 
24.3087 7.0436 138.438 -110.49 55.361 -9.92813 
24.3975 7.08223 138.481 -110.514 55.6489 -9.84464 
24.4862 7.12122 138.523 -110.536 55.9368 -9.76226 
24.575 7.16059 138.566 -110.558 56.2248 -9.68096 
24.6637 7.20033 138.607 -110.578 56.513 -9.60073 
24.7524 7.24044 138.649 -110.596 56.8012 -9.52155 
24.8411 7.28091 138.691 -110.614 57.0895 -9.44341 
24.9297 7.32175 138.732 -110.63 57.3779 -9.36629 
25.0184 7.36296 138.773 -110.645 57.6664 -9.29018 
25.1069 7.40453 138.813 -110.659 57.9549 -9.21505 
25.1955 7.44647 138.854 -110.672 58.2435 -9.1409 
25.284 7.48876 138.894 -110.684 58.5322 -9.06771 
25.3725 7.53142 138.934 -110.695 58.8209 -8.99547 
25.4609 7.57443 138.973 -110.704 59.1097 -8.92416 
25.5493 7.6178 139.013 -110.713 59.3985 -8.85377 
25.6377 7.66153 139.052 -110.72 59.6874 -8.78428 
25.726 7.70561 139.091 -110.726 59.9763 -8.71569 
25.8143 7.75004 139.129 -110.732 60.2652 -8.64797 
25.9025 7.79483 139.168 -110.736 60.5542 -8.58113 
25.9906 7.83996 139.206 -110.739 60.8432 -8.51513 
26.0787 7.88545 139.244 -110.741 61.1322 -8.44998 
26.1668 7.93128 139.281 -110.742 61.4212 -8.38566 
26.2548 7.97745 139.319 -110.742 61.7102 -8.32215 
26.3427 8.02397 139.356 -110.742 61.9992 -8.25945 
26.4306 8.07083 139.392 -110.74 62.2882 -8.19754 
26.5184 8.11804 139.429 -110.737 62.5773 -8.13642 
26.6062 8.16558 139.465 -110.733 62.8663 -8.07607 
26.6938 8.21345 139.501 -110.729 63.1552 -8.01648 
26.7815 8.26167 139.537 -110.723 63.4442 -7.95764 
26.869 8.31021 139.573 -110.717 63.7332 -7.89954 
26.9565 8.35909 139.608 -110.709 64.0221 -7.84216 
27.0439 8.4083 139.643 -110.701 64.311 -7.78551 
27.1312 8.45784 139.678 -110.692 64.5998 -7.72957 
27.2184 8.50771 139.712 -110.682 64.8887 -7.67432 
27.3056 8.5579 139.747 -110.671 65.1774 -7.61977 
27.3927 8.60842 139.781 -110.659 65.4661 -7.56589 
27.4797 8.65925 139.815 -110.646 65.7548 -7.51269 
27.5666 8.71041 139.848 -110.633 66.0434 -7.46014 
27.6534 8.76189 139.881 -110.618 66.332 -7.40825 
27.7402 8.81368 139.915 -110.603 66.6205 -7.35701 
27.8268 8.86579 139.947 -110.587 66.9089 -7.30639 
27.9134 8.91821 139.98 -110.57 67.1973 -7.25641 
27.9999 8.97094 140.012 -110.553 67.4855 -7.20704 
28.0862 9.02398 140.044 -110.534 67.7738 -7.15828 
28.1725 9.07732 140.076 -110.515 68.0619 -7.11012 
28.2587 9.13098 140.108 -110.495 68.3499 -7.06256 
28.3448 9.18493 140.139 -110.474 68.6378 -7.01558 
28.4307 9.23919 140.17 -110.453 68.9257 -6.96917 
28.5166 9.29374 140.201 -110.43 69.2135 -6.92334 
28.6024 9.3486 140.232 -110.407 69.5011 -6.87807 
28.688 9.40375 140.262 -110.384 69.7887 -6.83336 
28.7736 9.45919 140.292 -110.359 70.0761 -6.78919 
28.859 9.51493 140.322 -110.334 70.3634 -6.74556 
28.9443 9.57095 140.352 -110.308 70.6507 -6.70247 
29.0295 9.62727 140.381 -110.281 70.9378 -6.6599 
29.1146 9.68386 140.41 -110.254 71.2247 -6.61785 
29.1996 9.74075 140.439 -110.226 71.5116 -6.57631 
29.2845 9.79791 140.468 -110.197 71.7983 -6.53529 
29.3692 9.85535 140.497 -110.167 72.0849 -6.49476 
29.4538 9.91308 140.525 -110.137 72.3714 -6.45472 
29.5383 9.97107 140.553 -110.106 72.6577 -6.41517 
29.6227 10.0293 140.581 -110.075 72.9439 -6.3761 
29.7069 10.0879 140.608 -110.043 73.23 -6.33751 
29.791 10.1467 140.636 -110.01 73.5159 -6.29939 
29.875 10.2058 140.663 -109.976 73.8016 -6.26172 
29.9589 10.2651 140.69 -109.942 74.0872 -6.22452 
30.0426 10.3247 140.716 -109.907 74.3727 -6.18776 
30.1262 10.3846 140.743 -109.872 74.6579 -6.15146 
30.2096 10.4447 140.769 -109.836 74.9431 -6.11559 
30.2929 10.5051 140.795 -109.799 75.228 -6.08015 
30.3761 10.5657 140.821 -109.762 75.5128 -6.04515 
30.4592 10.6266 140.846 -109.724 75.7975 -6.01057 
30.5421 10.6878 140.871 -109.686 76.0819 -5.97641 
30.6248 10.7491 140.896 -109.646 76.3662 -5.94266 
30.7074 10.8108 140.921 -109.607 76.6503 -5.90932 
30.7899 10.8726 140.946 -109.566 76.9342 -5.87638 
30.8722 10.9348 140.97 -109.525 77.2179 -5.84384 
30.9544 10.9971 140.994 -109.484 77.5015 -5.8117 
31.0364 11.0597 141.018 -109.442 77.7849 -5.77994 
31.1183 11.1225 141.042 -109.399 78.068 -5.74857 
31.2 11.1856 141.066 -109.356 78.351 -5.71758 
31.2815 11.2489 141.089 -109.312 78.6338 -5.68696 
31.3629 11.3124 141.112 -109.268 78.9164 -5.65671 
31.4442 11.3761 141.135 -109.223 79.1988 -5.62683 
31.5253 11.4401 141.158 -109.177 79.4809 -5.59731 
31.6062 11.5043 141.18 -109.131 79.7629 -5.56815 
31.687 11.5687 141.202 -109.085 80.0447 -5.53934 
31.7676 11.6333 141.224 -109.037 80.3262 -5.51088 
31.8481 11.6982 141.246 -108.99 80.6076 -5.48276 
31.9284 11.7632 141.268 -108.941 80.8887 -5.45499 
32.0085 11.8285 141.289 -108.893 81.1696 -5.42755 
32.0885 11.8939 141.31 -108.843 81.4503 -5.40045 
32.1682 11.9596 141.331 -108.794 81.7308 -5.37367 
32.2479 12.0255 141.352 -108.743 82.011 -5.34722 
32.3273 12.0916 141.373 -108.692 82.291 -5.32109 
32.4066 12.1578 141.393 -108.641 82.5708 -5.29528 
32.4857 12.2243 141.413 -108.589 82.8504 -5.26978 
32.5647 12.291 141.433 -108.537 83.1297 -5.24459 
32.6434 12.3578 141.453 -108.484 83.4088 -5.21971 
32.722 12.4249 141.473 -108.431 83.6877 -5.19513 
32.8005 12.4921 141.492 -108.377 83.9663 -5.17086 
32.8787 12.5595 141.511 -108.322 84.2447 -5.14687 
32.9568 12.6271 141.53 -108.268 84.5228 -5.12319 
33.0346 12.6949 141.549 -108.212 84.8007 -5.09979 
33.1124 12.7629 141.568 -108.156 85.0783 -5.07667 
33.1899 12.831 141.586 -108.1 85.3557 -5.05385 
33.2672 12.8993 141.604 -108.043 85.6329 -5.0313 
33.3444 12.9678 141.622 -107.986 85.9098 -5.00902 
33.4214 13.0365 141.64 -107.929 86.1864 -4.98702 
33.4982 13.1053 141.658 -107.87 86.4628 -4.96529 
33.5748 13.1743 141.675 -107.812 86.7389 -4.94383 
33.6512 13.2434 141.692 -107.753 87.0148 -4.92264 
33.7274 13.3127 141.71 -107.693 87.2904 -4.9017 
33.8035 13.3822 141.726 -107.633 87.5658 -4.88103 
33.8793 13.4518 141.743 -107.573 87.8409 -4.8606 
33.955 13.5215 141.76 -107.512 88.1157 -4.84044 
34.0305 13.5914 141.776 -107.45 88.3902 -4.82052 
34.1058 13.6615 141.792 -107.389 88.6645 -4.80085 
34.1809 13.7317 141.808 -107.326 88.9385 -4.78142 
34.2558 13.8021 141.824 -107.264 89.2123 -4.76224 
34.3305 13.8726 141.84 -107.201 89.4857 -4.7433 
34.405 13.9432 141.855 -107.137 89.7589 -4.72459 
34.4793 14.014 141.87 -107.073 90.0319 -4.70611 
34.5535 14.0849 141.886 -107.009 90.3045 -4.68787 
34.6274 14.1559 141.901 -106.944 90.5769 -4.66986 
34.7011 14.2271 141.915 -106.879 90.849 -4.65207 
34.7747 14.2984 141.93 -106.813 91.1208 -4.63451 
34.848 14.3698 141.944 -106.747 91.3923 -4.61717 
34.9211 14.4414 141.959 -106.681 91.6635 -4.60004 
34.9941 14.513 141.973 -106.614 91.9345 -4.58314 
35.0668 14.5848 141.987 -106.547 92.2052 -4.56645 
35.1393 14.6567 142 -106.479 92.4755 -4.54997 
35.2117 14.7287 142.014 -106.411 92.7456 -4.5337 
35.2838 14.8008 142.028 -106.342 93.0154 -4.51763 
35.3558 14.8731 142.041 -106.274 93.2849 -4.50178 
35.4275 14.9454 142.054 -106.204 93.5542 -4.48612 
35.499 15.0179 142.067 -106.135 93.8231 -4.47067 
35.5703 15.0904 142.08 -106.065 94.0917 -4.45541 
35.6414 15.1631 142.092 -105.994 94.3601 -4.44035 
35.7124 15.2358 142.105 -105.923 94.6281 -4.42549 
35.7831 15.3087 142.117 -105.852 94.8959 -4.41081 
35.8536 15.3816 142.13 -105.78 95.1633 -4.39633 
35.9239 15.4547 142.142 -105.708 95.4305 -4.38203 
35.994 15.5278 142.153 -105.636 95.6973 -4.36792 
36.0638 15.601 142.165 -105.563 95.9639 -4.354 
36.1335 15.6743 142.177 -105.49 96.2301 -4.34025 
36.203 15.7477 142.188 -105.417 96.4961 -4.32669 
36.2722 15.8212 142.2 -105.343 96.7617 -4.3133 
36.3413 15.8947 142.211 -105.269 97.027 -4.30009 
36.4101 15.9684 142.222 -105.194 97.2921 -4.28705 
36.4788 16.0421 142.233 -105.119 97.5568 -4.27418 
36.5472 16.1158 142.244 -105.044 97.8212 -4.26149 
36.6154 16.1897 142.254 -104.968 98.0854 -4.24896 
36.6834 16.2636 142.265 -104.892 98.3492 -4.2366 
36.7512 16.3376 142.275 -104.816 98.6127 -4.2244 
36.8188 16.4116 142.285 -104.739 98.8759 -4.21236 
36.8861 16.4857 142.295 -104.662 99.1387 -4.20049 
36.9533 16.5599 142.305 -104.584 99.4013 -4.18877 
37.0202 16.6341 142.315 -104.506 99.6636 -4.17722 
37.087 16.7084 142.325 -104.428 99.9255 -4.16581 
37.1535 16.7827 142.334 -104.35 100.187 -4.15456 
37.2198 16.8571 142.344 -104.271 100.448 -4.14347 
37.2859 16.9316 142.353 -104.192 100.709 -4.13252 
37.3518 17.006 142.362 -104.112 100.97 -4.12172 
37.4175 17.0806 142.371 -104.032 101.231 -4.11106 
37.4829 17.1552 142.38 -103.952 101.491 -4.10056 
37.5482 17.2298 142.389 -103.871 101.75 -4.09019 
37.6132 17.3044 142.398 -103.791 102.01 -4.07997 
37.678 17.3791 142.406 -103.709 102.269 -4.06988 
37.7426 17.4539 142.415 -103.628 102.528 -4.05994 
37.807 17.5287 142.423 -103.546 102.786 -4.05013 
37.8712 17.6035 142.431 -103.464 103.044 -4.04046 
37.9352 17.6783 142.439 -103.381 103.302 -4.03091 
37.9989 17.7532 142.447 -103.298 103.56 -4.0215 
38.0625 17.8281 142.455 -103.215 103.817 -4.01223 
38.1258 17.903 142.463 -103.131 104.074 -4.00307 
38.1889 17.9779 142.471 -103.048 104.331 -3.99405 
38.2518 18.0529 142.478 -102.963 104.587 -3.98515 
38.3145 18.1279 142.486 -102.879 104.843 -3.97638 
38.377 18.2028 142.493 -102.794 105.098 -3.96772 
38.4393 18.2779 142.501 -102.709 105.354 -3.95919 
38.5013 18.3529 142.508 -102.623 105.609 -3.95077 
38.5631 18.4279 142.515 -102.538 105.863 -3.94248 
38.6248 18.503 142.522 -102.452 106.118 -3.9343 
38.6862 18.578 142.529 -102.365 106.372 -3.92623 
38.7474 18.6531 142.535 -102.278 106.625 -3.91828 
38.8084 18.7282 142.542 -102.191 106.879 -3.91043 
38.8691 18.8032 142.549 -102.104 107.132 -3.9027 
38.9297 18.8783 142.555 -102.016 107.385 -3.89508 
38.9901 18.9534 142.562 -101.928 107.637 -3.88756 
39.0502 19.0285 142.568 -101.84 107.889 -3.88014 
39.1101 19.1035 142.574 -101.752 108.141 -3.87283 
39.1698 19.1786 142.58 -101.663 108.392 -3.86563 
39.2293 19.2536 142.586 -101.573 108.643 -3.85852 
39.2886 19.3287 142.592 -101.484 108.894 -3.85151 
39.3477 19.4037 142.598 -101.394 109.145 -3.8446 
39.4066 19.4787 142.604 -101.304 109.395 -3.83779 
39.4652 19.5537 142.61 -101.214 109.645 -3.83107 
39.5237 19.6287 142.615 -101.123 109.894 -3.82444 
39.5819 19.7037 142.621 -101.032 110.144 -3.81791 
39.6399 19.7787 142.626 -100.941 110.392 -3.81146 
39.6978 19.8536 142.632 -100.849 110.641 -3.80511 
39.7554 19.9285 142.637 -100.757 110.889 -3.79884 
39.8128 20.0034 142.642 -100.665 111.137 -3.79266 
39.87 20.0783 142.647 -100.573 111.385 -3.78656 
39.927 20.1531 142.653 -100.48 111.632 -3.78054 
39.9837 20.2279 142.658 -100.387 111.879 -3.77461 
40.0403 20.3027 142.663 -100.293 112.126 -3.76875 
40.0967 20.3774 142.667 -100.2 112.372 -3.76297 
40.1528 20.4521 142.672 -100.106 112.618 -3.75727 
40.2088 20.5268 142.677 -100.011 112.864 -3.75165 
40.2645 20.6014 142.682 -99.9169 113.109 -3.7461 
40.3201 20.676 142.686 -99.8221 113.354 -3.74062 
40.3754 20.7506 142.691 -99.727 113.599 -3.73521 
40.4305 20.8251 142.696 -99.6315 113.843 -3.72987 
40.4855 20.8996 142.7 -99.5359 114.087 -3.7246 
40.5402 20.974 142.704 -99.4399 114.331 -3.7194 
40.5947 21.0484 142.709 -99.3436 114.575 -3.71426 
40.649 21.1228 142.713 -99.247 114.818 -3.70918 
40.7031 21.1971 142.717 -99.1502 115.061 -3.70416 
40.757 21.2713 142.722 -99.053 115.303 -3.69921 
40.8107 21.3455 142.726 -98.9556 115.545 -3.69431 
40.8642 21.4197 142.73 -98.8579 115.787 -3.68947 
40.9176 21.4937 142.734 -98.7599 116.029 -3.68469 
40.9707 21.5678 142.738 -98.6616 116.27 -3.67996 
41.0236 21.6418 142.742 -98.5631 116.511 -3.67528 
41.0763 21.7157 142.746 -98.4642 116.752 -3.67066 
41.1288 21.7895 142.75 -98.3651 116.992 -3.66608 
41.1811 21.8633 142.754 -98.2656 117.232 -3.66155 
41.2332 21.9371 142.757 -98.1659 117.472 -3.65707 
41.2851 22.0108 142.761 -98.0659 117.711 -3.65263 
41.3369 22.0844 142.765 -97.9657 117.95 -3.64824 
41.3884 22.1579 142.768 -97.8651 118.189 -3.64389 
41.4397 22.2314 142.772 -97.7642 118.427 -3.63957 
41.4909 22.3048 142.776 -97.6631 118.665 -3.6353 
41.5418 22.3781 142.779 -97.5617 118.903 -3.63106 
41.5926 22.4514 142.783 -97.46 119.141 -3.62686 
41.6431 22.5246 142.786 -97.358 119.378 -3.62269 
41.6935 22.5977 142.79 -97.2557 119.615 -3.61855 
41.7437 22.6708 142.793 -97.1531 119.851 -3.61444 
41.7936 22.7438 142.797 -97.0503 120.088 -3.61036 
41.8434 22.8167 142.8 -96.9472 120.323 -3.60631 
41.893 22.8895 142.803 -96.8437 120.559 -3.60228 
41.9425 22.9622 142.807 -96.74 120.794 -3.59828 
41.9917 23.0349 142.81 -96.636 121.029 -3.59429 
42.0407 23.1075 142.813 -96.5318 121.264 -3.59033 
42.0896 23.18 142.817 -96.4272 121.499 -3.58638 
42.1383 23.2524 142.82 -96.3223 121.733 -3.58246 
42.1867 23.3247 142.823 -96.2172 121.966 -3.57854 
42.235 23.397 142.826 -96.1118 122.2 -3.57464 
42.2832 23.4691 142.83 -96.0061 122.433 -3.57075 
42.3311 23.5412 142.833 -95.9 122.666 -3.56687 
42.3789 23.6132 142.836 -95.7937 122.899 -3.563 
42.4264 23.6851 142.839 -95.6872 123.131 -3.55913 
42.4738 23.7569 142.842 -95.5803 123.363 -3.55527 
42.521 23.8286 142.845 -95.4731 123.594 -3.55141 
42.568 23.9002 142.849 -95.3656 123.826 -3.54755 
42.6149 23.9717 142.852 -95.2579 124.057 -3.54368 
42.6616 24.0431 142.855 -95.1498 124.288 -3.53982 
42.7081 24.1144 142.858 -95.0415 124.518 -3.53594 
42.7544 24.1857 142.861 -94.9329 124.748 -3.53206 
42.8005 24.2568 142.864 -94.8239 124.978 -3.52817 
42.8465 24.3279 142.867 -94.7147 125.208 -3.52427 
42.8923 24.3988 142.87 -94.6052 125.437 -3.52036 
42.9379 24.4696 142.873 -94.4953 125.666 -3.51643 
42.9834 24.5404 142.876 -94.3852 125.894 -3.51248 
43.0287 24.611 142.88 -94.2748 126.123 -3.50851 
43.0738 24.6815 142.883 -94.1641 126.351 -3.50453 
43.1187 24.7519 142.886 -94.053 126.579 -3.50051 
43.1635 24.8222 142.889 -93.9417 126.806 -3.49647 
43.2081 24.8925 142.892 -93.8301 127.033 -3.49241 
43.2525 24.9626 142.895 -93.7181 127.26 -3.48831 
43.2968 25.0325 142.898 -93.6059 127.487 -3.48418 
43.3409 25.1024 142.901 -93.4933 127.713 -3.48002 
43.3848 25.1722 142.905 -93.3805 127.939 -3.47582 
43.4286 25.2419 142.908 -93.2673 128.165 -3.47158 
43.4722 25.3114 142.911 -93.1538 128.39 -3.4673 
43.5157 25.3809 142.914 -93.04 128.615 -3.46298 
43.559 25.4502 142.917 -92.9259 128.84 -3.45861 
43.6021 25.5194 142.921 -92.8115 129.065 -3.45419 
43.6451 25.5885 142.924 -92.6967 129.289 -3.44972 
43.6879 25.6575 142.927 -92.5816 129.513 -3.4452 
43.7306 25.7264 142.93 -92.4663 129.737 -3.44062 
43.7731 25.7951 142.934 -92.3505 129.96 -3.43599 
43.8154 25.8637 142.937 -92.2345 130.183 -3.43129 
43.8576 25.9322 142.94 -92.1182 130.406 -3.42654 
43.8997 26.0006 142.944 -92.0015 130.628 -3.42171 
43.9415 26.0689 142.947 -91.8845 130.851 -3.41682 
43.9833 26.1371 142.95 -91.7671 131.073 -3.41186 
44.0249 26.2051 142.954 -91.6494 131.294 -3.40683 
44.0663 26.273 142.957 -91.5314 131.516 -3.40172 
44.1076 26.3408 142.961 -91.4131 131.737 -3.39653 
44.1487 26.4085 142.964 -91.2944 131.958 -3.39126 
44.1897 26.476 142.968 -91.1754 132.178 -3.3859 
44.2306 26.5434 142.971 -91.056 132.398 -3.38046 
44.2713 26.6107 142.975 -90.9363 132.618 -3.37493 
44.3118 26.6779 142.979 -90.8162 132.838 -3.36931 
44.3522 26.7449 142.982 -90.6958 133.057 -3.36359 
44.3925 26.8118 142.986 -90.575 133.277 -3.35777 
44.4327 26.8786 142.99 -90.4539 133.495 -3.35186 
44.4727 26.9452 142.994 -90.3325 133.714 -3.34583 
44.5125 27.0118 142.997 -90.2106 133.932 -3.3397 
44.5522 27.0782 143.001 -90.0884 134.15 -3.33346 
44.5918 27.1444 143.005 -89.9659 134.368 -3.32711 
44.6313 27.2106 143.009 -89.843 134.585 -3.32064 
44.6706 27.2766 143.013 -89.7197 134.803 -3.31405 
44.7098 27.3424 143.017 -89.596 135.019 -3.30733 
44.7488 27.4082 143.021 -89.472 135.236 -3.30049 
44.7877 27.4738 143.025 -89.3476 135.452 -3.29352 
44.8265 27.5392 143.029 -89.2228 135.668 -3.28642 
44.8652 27.6046 143.033 -89.0976 135.884 -3.27918 
44.9037 27.6698 143.038 -88.972 136.1 -3.27179 
44.9421 27.7348 143.042 -88.8461 136.315 -3.26427 
44.9804 27.7997 143.046 -88.7197 136.53 -3.2566 
45.0185 27.8645 143.051 -88.593 136.745 -3.24877 
45.0566 27.9292 143.055 -88.4659 136.959 -3.24079 
45.0945 27.9937 143.06 -88.3383 137.173 -3.23265 
45.1322 28.0581 143.064 -88.2104 137.387 -3.22435 
45.1699 28.1223 143.069 -88.082 137.601 -3.21589 
45.2074 28.1864 143.073 -87.9532 137.814 -3.20725 
45.2449 28.2504 143.078 -87.8241 138.027 -3.19844 
45.2822 28.3142 143.083 -87.6945 138.24 -3.18945 
45.3194 28.3779 143.088 -87.5644 138.452 -3.18028 
45.3565 28.4414 143.092 -87.434 138.664 -3.17092 
45.3934 28.5048 143.097 -87.3031 138.876 -3.16137 
45.4303 28.5681 143.102 -87.1718 139.088 -3.15162 
45.467 28.6312 143.107 -87.04 139.299 -3.14167 
45.5036 28.6942 143.112 -86.9078 139.511 -3.13152 
45.5402 28.757 143.118 -86.7751 139.722 -3.12117 
45.5766 28.8197 143.123 -86.642 139.932 -3.11059 
45.6129 28.8822 143.128 -86.5084 140.142 -3.0998 
45.6491 28.9446 143.133 -86.3744 140.353 -3.08879 
45.6852 29.0069 143.139 -86.2399 140.562 -3.07755 
45.7212 29.069 143.144 -86.105 140.772 -3.06608 
45.7571 29.131 143.15 -85.9695 140.981 -3.05437 
45.7929 29.1928 143.155 -85.8336 141.19 -3.04242 
45.8286 29.2544 143.161 -85.6972 141.399 -3.03022 
45.8641 29.316 143.167 -85.5603 141.607 -3.01776 
45.8996 29.3774 143.172 -85.4229 141.816 -3.00505 
45.935 29.4386 143.178 -85.285 142.024 -2.99207 
45.9703 29.4997 143.184 -85.1466 142.231 -2.97883 
46.0055 29.5606 143.19 -85.0077 142.439 -2.96531 
46.0407 29.6214 143.196 -84.8683 142.646 -2.95151 
46.0757 29.682 143.202 -84.7283 142.853 -2.93742 
46.1106 29.7425 143.209 -84.5878 143.059 -2.92304 
46.1455 29.8029 143.215 -84.4468 143.266 -2.90837 
46.1802 29.8631 143.221 -84.3053 143.472 -2.89339 
46.2149 29.9231 143.228 -84.1632 143.678 -2.87809 
46.2495 29.983 143.234 -84.0205 143.883 -2.86248 
46.284 30.0428 143.241 -83.8773 144.088 -2.84655 
46.3184 30.1024 143.247 -83.7335 144.293 -2.83029 
46.3527 30.1618 143.254 -83.5892 144.498 -2.81369 
46.387 30.2211 143.261 -83.4442 144.703 -2.79674 
46.4212 30.2803 143.268 -83.2987 144.907 -2.77945 
46.4553 30.3392 143.275 -83.1526 145.111 -2.7618 
46.4893 30.3981 143.282 -83.0059 145.315 -2.74378 
46.5233 30.4568 143.289 -82.8585 145.518 -2.72539 
46.5571 30.5153 143.296 -82.7106 145.721 -2.70662 
46.5909 30.5737 143.303 -82.562 145.924 -2.68746 
46.6247 30.6319 143.311 -82.4128 146.127 -2.66791 
46.6583 30.69 143.318 -82.263 146.329 -2.64796 
46.6919 30.7479 143.326 -82.1125 146.532 -2.62759 
46.7254 30.8057 143.333 -81.9614 146.733 -2.60681 
46.7589 30.8633 143.341 -81.8096 146.935 -2.58559 
46.7923 30.9208 143.349 -81.6571 147.136 -2.56394 
46.8256 30.9781 143.357 -81.5039 147.338 -2.54185 
46.8589 31.0353 143.364 -81.3501 147.538 -2.5193 
46.8921 31.0923 143.372 -81.1955 147.739 -2.49628 
46.9252 31.1491 143.381 -81.0402 147.939 -2.4728 
46.9583 31.2058 143.389 -80.8843 148.139 -2.44883 
46.9913 31.2624 143.397 -80.7275 148.339 -2.42437 
47.0243 31.3187 143.405 -80.5701 148.539 -2.3994 
47.0572 31.375 143.414 -80.4119 148.738 -2.37393 
47.0901 31.431 143.423 -80.2529 148.937 -2.34793 
47.1229 31.487 143.431 -80.0932 149.136 -2.3214 
47.1556 31.5427 143.44 -79.9327 149.334 -2.29433 
47.1884 31.5983 143.449 -79.7714 149.532 -2.2667 
47.221 31.6538 143.458 -79.6092 149.73 -2.23851 
47.2536 31.7091 143.467 -79.4463 149.928 -2.20974 
47.2862 31.7642 143.476 -79.2826 150.125 -2.18038 
47.3187 31.8192 143.485 -79.118 150.323 -2.15042 
47.3512 31.874 143.494 -78.9525 150.519 -2.11984 
47.3837 31.9287 143.504 -78.7862 150.716 -2.08864 
47.4161 31.9832 143.513 -78.619 150.912 -2.0568 
47.4484 32.0376 143.523 -78.4509 151.109 -2.02431 
47.4807 32.0918 143.532 -78.2819 151.304 -1.99115 
47.513 32.1458 143.542 -78.1119 151.5 -1.95731 
47.5453 32.1997 143.552 -77.9411 151.695 -1.92279 
47.5775 32.2535 143.562 -77.7693 151.89 -1.88755 
47.6097 32.307 143.572 -77.5965 152.085 -1.85159 
47.6418 32.3605 143.582 -77.4228 152.28 -1.81489 
47.674 32.4137 143.592 -77.248 152.474 -1.77744 
47.7061 32.4668 143.603 -77.0722 152.668 -1.73922 
47.7382 32.5198 143.613 -76.8955 152.862 -1.70022 
47.7702 32.5725 143.624 -76.7176 153.055 -1.66042 
47.8022 32.6252 143.634 -76.5387 153.248 -1.61979 
47.8342 32.6776 143.645 -76.3587 153.441 -1.57833 
47.8662 32.73 143.656 -76.1777 153.634 -1.53602 
47.8982 32.7821 143.667 -75.9955 153.826 -1.49284 
47.9301 32.8341 143.678 -75.8121 154.018 -1.44876 
47.9621 32.8859 143.689 -75.6276 154.21 -1.40378 
47.994 32.9376 143.7 -75.442 154.402 -1.35786 
48.0259 32.9891 143.712 -75.2551 154.593 -1.311 
48.0578 33.0405 143.723 -75.067 154.784 -1.26316 
48.0896 33.0917 143.735 -74.8777 154.975 -1.21433 
48.1215 33.1428 143.746 -74.6871 155.165 -1.16449 
48.1534 33.1937 143.758 -74.4952 155.355 -1.11362 
48.1852 33.2444 143.77 -74.302 155.545 -1.06168 
48.2171 33.295 143.782 -74.1075 155.735 -1.00866 
48.2489 33.3454 143.794 -73.9116 155.924 -0.954532 
48.2808 33.3956 143.806 -73.7143 156.114 -0.899273 
48.3126 33.4457 143.818 -73.5157 156.302 -0.842856 
48.3445 33.4957 143.831 -73.3156 156.491 -0.785254 
48.3763 33.5454 143.843 -73.114 156.679 -0.726441 
48.4082 33.5951 143.856 -72.9109 156.867 -0.666389 
48.44 33.6445 143.869 -72.7063 157.055 -0.60507 
48.4719 33.6938 143.881 -72.5002 157.242 -0.542453 
48.5037 33.743 143.894 -72.2925 157.429 -0.478508 
48.5356 33.792 143.907 -72.0831 157.616 -0.413205 
48.5675 33.8408 143.921 -71.8721 157.803 -0.34651 
48.5994 33.8895 143.934 -71.6595 157.989 -0.278392 
48.6313 33.938 143.947 -71.4451 158.175 -0.208816 
48.6633 33.9863 143.961 -71.2289 158.361 -0.137747 
48.6952 34.0345 143.974 -71.011 158.546 -0.0651487 
48.7272 34.0825 143.988 -70.7913 158.731 0.00901566 
48.7592 34.1304 144.002 -70.5696 158.916 0.0847845 
48.7912 34.1781 144.015 -70.3461 159.101 0.162197 
48.8232 34.2257 144.029 -70.1206 159.285 0.241295 
48.8553 34.2731 144.044 -69.8932 159.469 0.322119 
48.8874 34.3203 144.058 -69.6637 159.653 0.404714 
48.9195 34.3674 144.072 -69.4321 159.836 0.489123 
48.9516 34.4144 144.087 -69.1984 160.019 0.575393 
