-165.44 42.3385 153.955 -1.68695e-14 163.706 -104.061 
-165.44 42.3388 153.956 8.4344e-14 163.705 -104.061 
-165.439 42.3392 153.956 -8.43385e-14 163.704 -104.061 
-165.438 42.3398 153.957 -0 163.703 -104.061 
-165.437 42.3405 153.959 -8.43209e-14 163.701 -104.061 
-165.435 42.3415 153.96 -6.74471e-14 163.698 -104.061 
-165.433 42.3426 153.962 -1.68589e-14 163.696 -104.06 
-165.431 42.3439 153.964 5.05669e-14 163.692 -104.06 
-165.428 42.3453 153.966 -0 163.689 -104.06 
-165.426 42.3469 153.969 -6.7391e-14 163.685 -104.06 
-165.422 42.3487 153.971 5.05294e-14 163.68 -104.059 
-165.419 42.3507 153.974 -8.41906e-14 163.675 -104.059 
-165.415 42.3528 153.978 8.41632e-14 163.669 -104.059 
-165.411 42.3551 153.981 -5.04802e-14 163.664 -104.058 
-165.407 42.3576 153.985 -6.72816e-14 163.657 -104.058 
-165.402 42.3603 153.989 5.04409e-14 163.65 -104.057 
-165.397 42.3631 153.994 3.36129e-14 163.643 -104.057 
-165.392 42.3661 153.998 1.67988e-14 163.636 -104.056 
-165.386 42.3692 154.003 -6.71629e-14 163.628 -104.056 
-165.38 42.3726 154.008 3.35645e-14 163.619 -104.055 
-165.374 42.3761 154.014 5.032e-14 163.61 -104.054 
-165.368 42.3798 154.02 -3.35279e-14 163.601 -104.054 
-165.361 42.3837 154.025 -5.02626e-14 163.591 -104.053 
-165.354 42.3877 154.032 1.6744e-14 163.581 -104.052 
-165.346 42.3919 154.038 -0 163.57 -104.052 
-165.339 42.3963 154.045 -6.68894e-14 163.559 -104.051 
-165.331 42.4009 154.052 3.34218e-14 163.547 -104.05 
-165.322 42.4056 154.059 6.6796e-14 163.535 -104.049 
-165.314 42.4105 154.067 1.66867e-14 163.523 -104.049 
-165.305 42.4156 154.075 1.6674e-14 163.51 -104.048 
-165.296 42.4209 154.083 -1.66609e-14 163.496 -104.047 
-165.286 42.4264 154.091 4.9942e-14 163.483 -104.046 
-165.276 42.432 154.1 6.65335e-14 163.468 -104.045 
-165.266 42.4378 154.109 1.6619e-14 163.454 -104.044 
-165.256 42.4438 154.118 8.30213e-14 163.438 -104.043 
-165.245 42.45 154.127 3.31782e-14 163.423 -104.042 
-165.234 42.4564 154.137 -8.28676e-14 163.407 -104.041 
-165.222 42.4629 154.147 -6.62302e-14 163.39 -104.04 
-165.21 42.4696 154.157 -8.27059e-14 163.373 -104.039 
-165.198 42.4766 154.167 -6.60976e-14 163.356 -104.038 
-165.186 42.4836 154.178 6.6029e-14 163.338 -104.037 
-165.173 42.4909 154.189 6.59587e-14 163.32 -104.036 
-165.16 42.4984 154.2 6.58869e-14 163.301 -104.035 
-165.147 42.5061 154.212 -0 163.282 -104.034 
-165.133 42.5139 154.224 3.28694e-14 163.263 -104.033 
-165.119 42.5219 154.236 9.84934e-14 163.242 -104.032 
-165.105 42.5302 154.248 6.55843e-14 163.222 -104.031 
-165.09 42.5386 154.26 -8.1881e-14 163.201 -104.03 
-165.075 42.5472 154.273 3.27119e-14 163.18 -104.029 
-165.06 42.556 154.286 -1.63353e-14 163.158 -104.028 
-165.044 42.565 154.3 4.89431e-14 163.135 -104.026 
-165.028 42.5742 154.313 -0 163.113 -104.025 
-165.012 42.5836 154.327 -8.13563e-14 163.089 -104.024 
-164.995 42.5931 154.341 -9.7495e-14 163.066 -104.023 
-164.978 42.6029 154.355 -0 163.042 -104.022 
-164.961 42.6129 154.37 -0 163.017 -104.021 
-164.943 42.6231 154.385 1.13265e-13 162.992 -104.02 
-164.925 42.6335 154.4 8.0786e-14 162.966 -104.019 
-164.907 42.644 154.416 -6.45333e-14 162.94 -104.018 
-164.888 42.6548 154.431 3.22182e-14 162.914 -104.017 
-164.869 42.6658 154.447 -4.82536e-14 162.887 -104.016 
-164.85 42.677 154.463 -0 162.86 -104.015 
-164.83 42.6884 154.48 -1.60344e-14 162.832 -104.014 
-164.81 42.7 154.496 -8.0044e-14 162.804 -104.013 
-164.79 42.7118 154.513 6.39315e-14 162.775 -104.012 
-164.769 42.7239 154.531 -7.97831e-14 162.746 -104.011 
-164.748 42.7361 154.548 -0 162.716 -104.01 
-164.726 42.7485 154.566 -3.18063e-14 162.686 -104.009 
-164.704 42.7612 154.584 3.17519e-14 162.655 -104.008 
-164.682 42.7741 154.602 6.33935e-14 162.624 -104.007 
-164.66 42.7872 154.62 -0 162.592 -104.006 
-164.637 42.8005 154.639 -6.31694e-14 162.56 -104.005 
-164.614 42.814 154.658 6.30555e-14 162.528 -104.005 
-164.59 42.8278 154.677 -1.57351e-14 162.495 -104.004 
-164.566 42.8418 154.697 9.42361e-14 162.461 -104.003 
-164.541 42.856 154.717 7.83831e-14 162.427 -104.003 
-164.517 42.8704 154.737 7.82347e-14 162.393 -104.002 
-164.492 42.8851 154.757 -6.24679e-14 162.358 -104.002 
-164.466 42.9 154.777 -0 162.323 -104.001 
-164.44 42.9151 154.798 -7.77807e-14 162.287 -104.001 
-164.414 42.9304 154.819 3.10506e-14 162.251 -104 
-164.387 42.946 154.84 -4.64826e-14 162.214 -104 
-164.36 42.9618 154.862 6.18512e-14 162.176 -103.999 
-164.333 42.9779 154.884 -1.54311e-14 162.139 -103.999 
-164.305 42.9942 154.906 3.07984e-14 162.1 -103.999 
-164.277 43.0107 154.928 -3.0734e-14 162.062 -103.999 
-164.248 43.0275 154.95 7.66727e-14 162.022 -103.999 
-164.219 43.0445 154.973 -0 161.982 -103.999 
-164.19 43.0618 154.996 3.05377e-14 161.942 -103.999 
-164.16 43.0793 155.019 -6.09424e-14 161.901 -103.999 
-164.129 43.0971 155.043 -4.56063e-14 161.86 -103.999 
-164.099 43.1151 155.066 4.55051e-14 161.818 -104 
-164.068 43.1333 155.09 3.02688e-14 161.776 -104 
-164.036 43.1519 155.115 7.55009e-14 161.733 -104.001 
-164.004 43.1707 155.139 9.03944e-14 161.69 -104.001 
-163.972 43.1897 155.164 -7.51552e-14 161.646 -104.002 
-163.939 43.209 155.189 2.99923e-14 161.602 -104.002 
-163.906 43.2286 155.214 4.4883e-14 161.557 -104.003 
-163.873 43.2484 155.239 5.97025e-14 161.512 -104.004 
-163.839 43.2685 155.265 1.48901e-14 161.466 -104.005 
-163.804 43.2889 155.291 -5.9417e-14 161.42 -104.006 
-163.769 43.3095 155.317 4.44547e-14 161.373 -104.008 
-163.734 43.3304 155.344 4.43461e-14 161.326 -104.009 
-163.698 43.3516 155.37 -2.94912e-14 161.278 -104.01 
-163.662 43.3731 155.397 -4.4127e-14 161.23 -104.012 
-163.625 43.3948 155.424 -5.86886e-14 161.181 -104.014 
-163.588 43.4168 155.452 5.85406e-14 161.131 -104.016 
-163.55 43.4391 155.479 -4.37938e-14 161.082 -104.018 
-163.512 43.4618 155.507 1.45605e-14 161.031 -104.02 
-163.474 43.4846 155.535 4.35689e-14 160.98 -104.022 
-163.435 43.5078 155.564 5.79408e-14 160.929 -104.024 
-163.395 43.5313 155.592 2.88945e-14 160.877 -104.027 
-163.355 43.5551 155.621 8.64548e-14 160.824 -104.029 
-163.315 43.5792 155.65 8.62251e-14 160.771 -104.032 
-163.274 43.6035 155.679 2.86648e-14 160.717 -104.035 
-163.232 43.6282 155.709 -4.28813e-14 160.663 -104.038 
-163.19 43.6532 155.738 1.4255e-14 160.608 -104.042 
-163.148 43.6785 155.768 -0 160.553 -104.045 
-163.105 43.7041 155.798 -0 160.497 -104.049 
-163.062 43.7301 155.829 -5.65508e-14 160.441 -104.053 
-163.018 43.7563 155.86 2.81966e-14 160.384 -104.057 
-162.973 43.7829 155.89 4.21763e-14 160.327 -104.061 
-162.928 43.8098 155.921 -9.81337e-14 160.269 -104.065 
-162.883 43.837 155.953 5.59172e-14 160.21 -104.07 
-162.837 43.8645 155.984 5.57574e-14 160.151 -104.074 
-162.79 43.8924 156.016 2.77985e-14 160.091 -104.079 
-162.743 43.9206 156.048 5.54362e-14 160.031 -104.085 
-162.695 43.9491 156.08 -1.38187e-14 159.97 -104.09 
-162.647 43.978 156.113 2.75565e-14 159.909 -104.096 
-162.598 44.0073 156.145 5.49508e-14 159.847 -104.101 
-162.549 44.0368 156.178 -2.7394e-14 159.785 -104.107 
-162.499 44.0668 156.212 -2.73124e-14 159.722 -104.114 
-162.449 44.0971 156.245 1.36153e-14 159.658 -104.12 
-162.398 44.1277 156.278 -6.78714e-14 159.594 -104.127 
-162.346 44.1587 156.312 -0 159.529 -104.134 
-162.294 44.19 156.346 4.04759e-14 159.464 -104.141 
-162.241 44.2218 156.38 -1.34506e-14 159.398 -104.149 
-162.188 44.2538 156.415 5.3637e-14 159.331 -104.157 
-162.134 44.2863 156.449 1.33678e-14 159.264 -104.165 
-162.079 44.3191 156.484 -0 159.197 -104.173 
-162.024 44.3524 156.519 -5.31381e-14 159.128 -104.182 
-161.968 44.386 156.555 -0 159.059 -104.19 
-161.912 44.4199 156.59 -0 158.99 -104.2 
-161.855 44.4543 156.626 5.26362e-14 158.92 -104.209 
-161.797 44.4891 156.662 -0 158.849 -104.219 
-161.739 44.5242 156.698 3.92252e-14 158.778 -104.229 
-161.68 44.5598 156.734 -0 158.706 -104.24 
-161.62 44.5957 156.771 -0 158.634 -104.25 
-161.559 44.6321 156.807 3.88457e-14 158.56 -104.261 
-161.498 44.6689 156.844 -2.58126e-14 158.487 -104.273 
-161.437 44.7061 156.882 5.14559e-14 158.412 -104.285 
-161.374 44.7437 156.919 2.56432e-14 158.337 -104.297 
-161.311 44.7817 156.957 3.83375e-14 158.262 -104.309 
-161.247 44.8202 156.994 1.27367e-14 158.186 -104.322 
-161.183 44.859 157.032 -6.34708e-14 158.109 -104.336 
-161.118 44.8983 157.07 -5.06064e-14 158.031 -104.349 
-161.052 44.9381 157.109 1.2609e-14 157.953 -104.363 
-160.985 44.9783 157.147 -0 157.874 -104.378 
-160.918 45.0189 157.186 1.25237e-14 157.795 -104.393 
-160.85 45.06 157.225 3.74431e-14 157.715 -104.408 
-160.781 45.1015 157.264 -3.7315e-14 157.634 -104.424 
-160.711 45.1435 157.303 -1.23956e-14 157.553 -104.44 
-160.64 45.186 157.343 4.94113e-14 157.471 -104.456 
-160.569 45.2289 157.383 -0 157.389 -104.473 
-160.497 45.2722 157.422 4.90691e-14 157.305 -104.491 
-160.424 45.3161 157.463 3.66734e-14 157.221 -104.509 
-160.351 45.3604 157.503 2.43633e-14 157.137 -104.527 
-160.276 45.4052 157.543 -1.21388e-14 157.052 -104.546 
-160.201 45.4505 157.584 1.2096e-14 156.966 -104.566 
-160.125 45.4963 157.625 1.20532e-14 156.879 -104.586 
-160.048 45.5426 157.666 2.40207e-14 156.792 -104.606 
-159.97 45.5893 157.707 2.39351e-14 156.704 -104.627 
-159.891 45.6366 157.748 2.38495e-14 156.615 -104.648 
-159.812 45.6844 157.79 3.56458e-14 156.526 -104.67 
-159.731 45.7327 157.831 -0 156.436 -104.693 
-159.65 45.7815 157.873 -3.5389e-14 156.345 -104.716 
-159.568 45.8308 157.915 -4.70143e-14 156.254 -104.74 
-159.484 45.8807 157.957 -0 156.162 -104.764 
-159.4 45.9311 158 -4.66724e-14 156.069 -104.789 
-159.315 45.982 158.042 5.81269e-14 155.976 -104.815 
-159.229 46.0334 158.085 -3.47481e-14 155.882 -104.841 
-159.142 46.0854 158.128 -0 155.787 -104.868 
-159.054 46.138 158.171 -5.74871e-14 155.691 -104.895 
-158.965 46.1911 158.214 -4.58193e-14 155.595 -104.923 
-158.875 46.2447 158.257 -3.42368e-14 155.498 -104.952 
-158.784 46.2989 158.301 5.68486e-14 155.4 -104.982 
-158.692 46.3537 158.345 -0 155.302 -105.012 
-158.599 46.4091 158.388 -5.6424e-14 155.203 -105.043 
-158.505 46.465 158.432 3.37272e-14 155.103 -105.074 
-158.41 46.5215 158.476 3.36001e-14 155.002 -105.107 
-158.314 46.5786 158.521 -0 154.901 -105.14 
-158.216 46.6363 158.565 -4.44618e-14 154.799 -105.174 
-158.118 46.6946 158.61 -0 154.696 -105.208 
-158.018 46.7534 158.654 -3.30933e-14 154.592 -105.244 
-157.917 46.8129 158.699 -3.2967e-14 154.488 -105.28 
-157.815 46.873 158.744 2.18939e-14 154.383 -105.317 
-157.712 46.9337 158.789 -0 154.277 -105.355 
-157.608 46.9951 158.834 -0 154.171 -105.394 
-157.503 47.057 158.88 1.08212e-14 154.063 -105.433 
-157.396 47.1196 158.925 1.07794e-14 153.955 -105.474 
-157.288 47.1826 158.971 2.14756e-14 153.847 -105.515 
-157.18 47.246 159.016 -1.06964e-14 153.738 -105.557 
-157.071 47.3097 159.062 1.06554e-14 153.629 -105.6 
-156.961 47.3737 159.107 -3.18437e-14 153.519 -105.643 
-156.851 47.4381 159.152 -0 153.41 -105.688 
-156.74 47.5027 159.197 1.05338e-14 153.3 -105.732 
-156.628 47.5677 159.242 -2.09876e-14 153.19 -105.778 
-156.515 47.633 159.287 -0 153.08 -105.824 
-156.402 47.6986 159.331 4.16583e-14 152.97 -105.871 
-156.287 47.7646 159.376 4.15015e-14 152.86 -105.919 
-156.172 47.8308 159.42 5.16821e-14 152.749 -105.968 
-156.057 47.8974 159.465 4.11908e-14 152.638 -106.017 
-155.94 47.9643 159.509 -0 152.527 -106.067 
-155.823 48.0315 159.553 4.08843e-14 152.415 -106.118 
-155.705 48.099 159.597 -1.01831e-14 152.304 -106.17 
-155.586 48.1669 159.641 -2.02909e-14 152.192 -106.223 
-155.467 48.2351 159.685 2.0216e-14 152.08 -106.276 
-155.346 48.3036 159.729 -0 151.968 -106.33 
-155.225 48.3724 159.772 4.01353e-14 151.855 -106.385 
-155.103 48.4415 159.816 1.99942e-14 151.743 -106.441 
-154.98 48.5109 159.859 9.96062e-15 151.63 -106.497 
-154.856 48.5807 159.903 -0 151.517 -106.555 
-154.731 48.6507 159.946 -0 151.403 -106.613 
-154.606 48.7211 159.989 -0 151.29 -106.672 
-154.48 48.7918 160.032 2.94512e-14 151.176 -106.732 
-154.353 48.8628 160.075 -4.89089e-14 151.062 -106.793 
-154.224 48.9342 160.117 9.74671e-15 150.948 -106.855 
-154.096 49.0058 160.16 2.91356e-14 150.834 -106.917 
-153.966 49.0777 160.202 9.67726e-15 150.72 -106.981 
-153.835 49.15 160.245 -2.89286e-14 150.605 -107.045 
-153.703 49.2226 160.287 1.92174e-14 150.49 -107.111 
-153.571 49.2954 160.329 -1.91496e-14 150.375 -107.177 
-153.437 49.3686 160.371 1.90821e-14 150.26 -107.244 
-153.303 49.4421 160.413 1.90152e-14 150.145 -107.312 
-153.168 49.5159 160.455 -3.78972e-14 150.029 -107.381 
-153.031 49.59 160.497 2.83238e-14 149.913 -107.451 
-152.894 49.6644 160.538 -1.88168e-14 149.798 -107.522 
-152.756 49.7391 160.579 9.3758e-15 149.681 -107.594 
-152.617 49.8141 160.621 1.86868e-14 149.565 -107.667 
-152.477 49.8894 160.662 -9.31121e-15 149.449 -107.741 
-152.335 49.965 160.703 -2.78377e-14 149.332 -107.815 
-152.193 50.0408 160.744 9.24746e-15 149.215 -107.891 
-152.05 50.117 160.785 -9.21591e-15 149.098 -107.968 
-151.906 50.1935 160.825 2.75537e-14 148.981 -108.046 
-151.761 50.2702 160.866 -9.15342e-15 148.864 -108.125 
-151.614 50.3473 160.906 -9.12249e-15 148.747 -108.205 
-151.467 50.4246 160.946 4.54588e-14 148.629 -108.286 
-151.319 50.5023 160.986 9.06125e-15 148.511 -108.368 
-151.169 50.5802 161.026 -3.61237e-14 148.393 -108.451 
-151.019 50.6583 161.066 3.60033e-14 148.275 -108.535 
-150.867 50.7368 161.106 1.79418e-14 148.157 -108.62 
-150.715 50.8155 161.146 -0 148.039 -108.707 
-150.561 50.8946 161.185 -0 147.92 -108.794 
-150.406 50.9738 161.224 -1.77647e-14 147.802 -108.883 
-150.25 51.0534 161.264 8.85324e-15 147.683 -108.972 
-150.093 51.1332 161.303 1.76486e-14 147.564 -109.063 
-149.935 51.2133 161.342 -0 147.445 -109.155 
-149.775 51.2937 161.38 -8.76707e-15 147.326 -109.248 
-149.615 51.3743 161.419 -0 147.207 -109.342 
-149.453 51.4551 161.457 -0 147.087 -109.438 
-149.29 51.5362 161.496 -2.60479e-14 146.968 -109.534 
-149.126 51.6176 161.534 2.59647e-14 146.848 -109.632 
-148.961 51.6992 161.572 -8.62732e-15 146.729 -109.731 
-148.794 51.7811 161.61 -1.71999e-14 146.609 -109.831 
-148.627 51.8632 161.648 -1.71455e-14 146.489 -109.933 
-148.458 51.9455 161.685 -8.54574e-15 146.369 -110.035 
-148.287 52.0281 161.723 -3.40757e-14 146.249 -110.139 
-148.116 52.1109 161.76 -8.4923e-15 146.129 -110.244 
-147.943 52.1939 161.797 2.53976e-14 146.009 -110.351 
-147.769 52.2772 161.834 8.4396e-15 145.889 -110.459 
-147.594 52.3607 161.871 8.41353e-15 145.768 -110.568 
-147.417 52.4444 161.908 -1.67753e-14 145.648 -110.678 
-147.239 52.5283 161.944 -2.50858e-14 145.527 -110.789 
-147.06 52.6124 161.981 -8.33641e-15 145.407 -110.902 
-146.879 52.6967 162.017 -8.31106e-15 145.286 -111.017 
-146.698 52.7812 162.053 3.31436e-14 145.166 -111.132 
-146.514 52.8659 162.089 1.65218e-14 145.045 -111.249 
-146.33 52.9508 162.125 -1.64722e-14 144.924 -111.367 
-146.144 53.0359 162.161 3.2846e-14 144.803 -111.487 
-145.956 53.1212 162.196 2.45611e-14 144.683 -111.608 
-145.767 53.2067 162.231 -1.63255e-14 144.562 -111.731 
-145.577 53.2923 162.267 8.13868e-15 144.441 -111.855 
-145.386 53.3781 162.302 -8.11477e-15 144.32 -111.98 
-145.193 53.464 162.336 -1.61821e-14 144.199 -112.107 
-144.998 53.5502 162.371 2.42024e-14 144.079 -112.235 
-144.802 53.6364 162.406 -8.04408e-15 143.958 -112.364 
-144.605 53.7228 162.44 -0 143.837 -112.496 
-144.406 53.8094 162.474 7.99782e-15 143.716 -112.628 
-144.205 53.8961 162.508 2.39249e-14 143.596 -112.762 
-144.003 53.9829 162.542 -2.38568e-14 143.475 -112.898 
-143.8 54.0698 162.576 1.58595e-14 143.354 -113.035 
-143.595 54.1569 162.609 -2.37221e-14 143.234 -113.174 
-143.388 54.2441 162.643 -7.8852e-15 143.113 -113.314 
-143.18 54.3314 162.676 7.86319e-15 142.993 -113.456 
-142.971 54.4187 162.709 1.56827e-14 142.872 -113.599 
-142.759 54.5062 162.742 -1.56394e-14 142.752 -113.744 
-142.547 54.5938 162.774 -0 142.632 -113.89 
-142.332 54.6814 162.807 -1.55537e-14 142.512 -114.039 
-142.116 54.7691 162.839 3.10227e-14 142.392 -114.188 
-141.899 54.8569 162.871 -1.54694e-14 142.272 -114.34 
-141.679 54.9447 162.903 -0 142.152 -114.493 
-141.458 55.0326 162.935 -0 142.033 -114.647 
-141.236 55.1205 162.966 -2.30181e-14 141.913 -114.803 
-141.011 55.2085 162.998 -0 141.794 -114.961 
-140.785 55.2965 163.029 3.05289e-14 141.674 -115.121 
-140.558 55.3845 163.06 -3.04489e-14 141.555 -115.282 
-140.328 55.4725 163.091 1.51848e-14 141.436 -115.446 
-140.097 55.5605 163.122 7.57274e-15 141.318 -115.61 
-139.864 55.6486 163.152 1.51065e-14 141.199 -115.777 
-139.63 55.7366 163.183 7.53391e-15 141.081 -115.945 
-139.393 55.8246 163.213 7.51474e-15 140.963 -116.115 
-139.155 55.9125 163.243 -1.49915e-14 140.845 -116.287 
-138.915 56.0005 163.272 -0 140.727 -116.461 
-138.674 56.0883 163.302 7.45822e-15 140.61 -116.636 
-138.43 56.1762 163.331 -0 140.493 -116.813 
-138.185 56.2639 163.36 -0 140.376 -116.992 
-137.938 56.3516 163.389 -1.48063e-14 140.259 -117.173 
-137.689 56.4392 163.418 -7.38514e-15 140.143 -117.356 
-137.438 56.5267 163.447 -1.47345e-14 140.027 -117.54 
-137.185 56.6141 163.475 -7.34957e-15 139.911 -117.727 
-136.931 56.7014 163.503 1.46641e-14 139.795 -117.915 
-136.674 56.7885 163.531 -7.31465e-15 139.68 -118.105 
-136.416 56.8756 163.559 -2.91897e-14 139.565 -118.297 
-136.155 56.9624 163.587 7.28038e-15 139.451 -118.491 
-135.893 57.0492 163.614 1.4527e-14 139.337 -118.687 
-135.629 57.1357 163.641 2.17403e-14 139.223 -118.885 
-135.363 57.2221 163.668 -7.23018e-15 139.11 -119.084 
-135.095 57.3083 163.695 -7.21377e-15 138.997 -119.286 
-134.825 57.3943 163.722 -1.4395e-14 138.884 -119.49 
-134.553 57.4801 163.748 -7.18142e-15 138.772 -119.695 
-134.279 57.5656 163.774 -7.16549e-15 138.66 -119.903 
-134.004 57.651 163.8 2.14492e-14 138.549 -120.112 
-133.726 57.7361 163.826 -7.13411e-15 138.438 -120.324 
-133.446 57.8209 163.851 -7.11866e-15 138.328 -120.537 
-133.164 57.9055 163.877 -1.42067e-14 138.218 -120.753 
-132.88 57.9897 163.902 -7.08823e-15 138.109 -120.97 
-132.594 58.0737 163.927 -0 138 -121.19 
-132.306 58.1574 163.951 -7.05844e-15 137.891 -121.412 
-132.016 58.2408 163.976 2.11314e-14 137.783 -121.635 
-131.724 58.3238 164 -2.10879e-14 137.676 -121.861 
-131.43 58.4065 164.024 7.01496e-15 137.569 -122.089 
-131.134 58.4888 164.048 1.40016e-14 137.463 -122.318 
-130.836 58.5708 164.072 1.39735e-14 137.358 -122.55 
-130.536 58.6524 164.095 -6.9729e-15 137.253 -122.784 
-130.234 58.7335 164.118 1.39184e-14 137.148 -123.02 
-129.929 58.8143 164.141 -0 137.045 -123.258 
-129.623 58.8947 164.164 -6.93228e-15 136.942 -123.498 
-129.314 58.9746 164.186 -6.91905e-15 136.839 -123.74 
-129.004 59.0541 164.209 -0 136.737 -123.985 
-128.691 59.1331 164.231 6.89308e-15 136.636 -124.231 
-128.376 59.2116 164.252 -0 136.536 -124.48 
-128.059 59.2896 164.274 1.37355e-14 136.436 -124.73 
-127.74 59.3672 164.295 -0 136.338 -124.983 
-127.419 59.4442 164.316 6.84304e-15 136.239 -125.238 
-127.096 59.5206 164.337 1.36618e-14 136.142 -125.495 
-126.771 59.5966 164.358 1.36379e-14 136.045 -125.754 
-126.443 59.6719 164.379 6.80717e-15 135.95 -126.015 
-126.114 59.7467 164.399 6.79553e-15 135.855 -126.278 
-125.782 59.8209 164.419 6.78406e-15 135.76 -126.543 
-125.449 59.8945 164.438 6.77274e-15 135.667 -126.81 
-125.113 59.9675 164.458 -1.35231e-14 135.575 -127.08 
-124.775 60.0398 164.477 -1.35011e-14 135.483 -127.351 
-124.435 60.1115 164.496 6.73973e-15 135.392 -127.625 
-124.093 60.1825 164.515 -1.34581e-14 135.302 -127.9 
-123.749 60.2528 164.534 -2.01555e-14 135.214 -128.178 
-123.403 60.3224 164.552 2.01244e-14 135.126 -128.458 
-123.055 60.3914 164.57 1.33959e-14 135.039 -128.74 
-122.705 60.4595 164.588 -2.67516e-14 134.953 -129.024 
-122.353 60.527 164.606 2.0034e-14 134.867 -129.31 
-121.998 60.5937 164.623 6.66827e-15 134.783 -129.598 
-121.642 60.6596 164.64 -1.33174e-14 134.7 -129.888 
-121.284 60.7248 164.657 -0 134.618 -130.18 
-120.923 60.7891 164.673 -6.64004e-15 134.537 -130.473 
-120.561 60.8526 164.69 -1.98928e-14 134.458 -130.769 
-120.197 60.9153 164.706 6.62201e-15 134.379 -131.067 
-119.831 60.9772 164.722 -0 134.301 -131.367 
-119.462 61.0381 164.738 9.90693e-15 134.224 -131.669 
-119.092 61.0982 164.753 -6.59617e-15 134.149 -131.973 
-118.72 61.1575 164.768 -3.29394e-15 134.074 -132.279 
-118.346 61.2158 164.783 -6.57974e-15 134.001 -132.586 
-117.971 61.2732 164.798 6.57177e-15 133.929 -132.896 
-117.593 61.3296 164.812 9.84593e-15 133.858 -133.207 
-117.213 61.3851 164.826 3.27815e-15 133.789 -133.52 
-116.832 61.4397 164.84 3.2744e-15 133.72 -133.835 
-116.449 61.4932 164.854 9.81221e-15 133.653 -134.152 
-116.064 61.5458 164.867 -1.30686e-14 133.587 -134.471 
-115.677 61.5974 164.88 -3.26365e-15 133.522 -134.791 
-115.289 61.6479 164.893 9.78066e-15 133.459 -135.113 
-114.899 61.6974 164.906 1.62844e-14 133.397 -135.437 
-114.507 61.7459 164.918 6.50722e-15 133.336 -135.762 
-114.113 61.7933 164.93 -0 133.277 -136.09 
-113.718 61.8396 164.942 3.24733e-15 133.218 -136.418 
-113.322 61.8849 164.954 -9.73291e-15 133.162 -136.749 
-112.923 61.929 164.965 3.24136e-15 133.106 -137.081 
-112.524 61.9721 164.976 -0 133.052 -137.414 
-112.122 62.014 164.987 3.23572e-15 132.999 -137.749 
-111.719 62.0547 164.997 -3.23302e-15 132.948 -138.086 
-111.315 62.0944 165.008 3.23041e-15 132.898 -138.424 
-110.909 62.1328 165.018 -0 132.85 -138.763 
-110.502 62.1701 165.027 -3.22541e-15 132.803 -139.104 
-110.094 62.2062 165.037 -0 132.757 -139.446 
-109.684 62.2411 165.046 3.22075e-15 132.713 -139.79 
-109.273 62.2748 165.055 6.43707e-15 132.67 -140.134 
-108.861 62.3073 165.064 6.43281e-15 132.629 -140.48 
-108.447 62.3386 165.072 6.42871e-15 132.589 -140.828 
-108.032 62.3686 165.08 -0 132.551 -141.176 
-107.617 62.3973 165.088 -1.2842e-14 132.514 -141.525 
-107.2 62.4249 165.096 -6.4174e-15 132.479 -141.876 
-106.782 62.4511 165.103 3.20698e-15 132.446 -142.228 
-106.363 62.4761 165.11 9.61601e-15 132.414 -142.58 
-105.943 62.4998 165.117 3.20378e-15 132.383 -142.934 
-105.522 62.5222 165.124 -3.2023e-15 132.354 -143.289 
-105.1 62.5433 165.13 3.2009e-15 132.327 -143.644 
-104.677 62.5631 165.136 -0 132.301 -144 
-104.254 62.5815 165.142 3.19836e-15 132.277 -144.358 
-103.83 62.5987 165.147 9.59163e-15 132.254 -144.715 
-103.405 62.6145 165.153 4.79422e-15 132.233 -145.074 
-102.979 62.629 165.158 -1.59758e-15 132.213 -145.433 
-102.553 62.6422 165.162 -4.79138e-15 132.196 -145.793 
-102.126 62.654 165.167 1.59672e-15 132.179 -146.154 
-101.699 62.6645 165.171 -1.59635e-15 132.165 -146.515 
-101.271 62.6736 165.175 -1.59602e-15 132.152 -146.876 
-100.843 62.6814 165.178 -4.7872e-15 132.14 -147.238 
-100.414 62.6878 165.182 4.78647e-15 132.131 -147.6 
-99.9853 62.6928 165.185 -0 132.123 -147.963 
-99.5561 62.6965 165.187 7.97561e-15 132.116 -148.326 
-99.1266 62.6988 165.19 -0 132.111 -148.689 
-98.6969 62.6997 165.192 -3.18984e-15 132.108 -149.052 
-98.267 62.6993 165.194 -9.56929e-15 132.107 -149.416 
-97.8371 62.6975 165.196 -4.78465e-15 132.107 -149.78 
-97.4071 62.6943 165.197 -6.37971e-15 132.108 -150.143 
-96.977 62.6897 165.199 -0 132.112 -150.507 
-96.5471 62.6838 165.199 -2.39271e-15 132.117 -150.871 
-96.1172 62.6765 165.2 -2.39296e-15 132.124 -151.234 
-95.6875 62.6678 165.2 -1.11686e-14 132.132 -151.598 
-95.2579 62.6577 165.2 2.39366e-15 132.142 -151.961 
-94.8286 62.6463 165.2 3.99016e-15 132.153 -152.324 
-94.3996 62.6335 165.2 6.3856e-15 132.167 -152.687 
-93.9709 62.6193 165.199 -0 132.182 -153.049 
-93.5425 62.6038 165.198 3.19439e-15 132.198 -153.411 
-93.1147 62.5869 165.197 3.99413e-16 132.216 -153.773 
-92.6872 62.5686 165.195 -2.39723e-15 132.236 -154.134 
-92.2603 62.549 165.193 6.39479e-15 132.258 -154.494 
-91.834 62.5281 165.191 -6.79695e-15 132.281 -154.854 
-91.4083 62.5058 165.189 1.07994e-14 132.305 -155.214 
-90.9832 62.4822 165.186 -8.80317e-15 132.332 -155.572 
-90.5589 62.4572 165.183 5.20418e-15 132.359 -155.93 
-90.1353 62.4309 165.18 8.61095e-15 132.389 -156.288 
-89.7125 62.4033 165.177 -5.30938e-15 132.42 -156.644 
-89.2905 62.3744 165.173 1.50344e-15 132.453 -157 
-88.8694 62.3441 165.169 -3.81079e-15 132.487 -157.355 
-88.4492 62.3126 165.165 -2.00683e-15 132.523 -157.708 
-88.03 62.2798 165.16 -4.41767e-15 132.56 -158.061 
-87.6118 62.2457 165.155 -2.00928e-15 132.599 -158.413 
-87.1947 62.2103 165.15 6.836e-15 132.639 -158.764 
-86.7786 62.1737 165.145 -6.84062e-15 132.681 -159.114 
-86.3636 62.1358 165.139 -2.41603e-15 132.725 -159.462 
-85.9499 62.0966 165.133 -2.41779e-15 132.77 -159.81 
-85.5373 62.0562 165.127 8.06535e-16 132.816 -160.156 
-85.1259 62.0146 165.121 4.84297e-15 132.864 -160.501 
-84.7159 61.9718 165.114 7.27029e-15 132.914 -160.845 
-84.3071 61.9278 165.107 -6.46783e-15 132.965 -161.187 
-83.8997 61.8825 165.1 3.23668e-15 133.017 -161.528 
-83.4937 61.8361 165.093 -3.23952e-15 133.071 -161.868 
-83.0891 61.7885 165.085 9.72736e-15 133.127 -162.206 
-82.6859 61.7398 165.077 1.62273e-15 133.183 -162.543 
-82.2843 61.6899 165.068 -0 133.242 -162.879 
-81.8841 61.6388 165.06 -1.13811e-14 133.301 -163.212 
-81.4855 61.5867 165.051 1.62751e-15 133.362 -163.545 
-81.0884 61.5334 165.042 -1.62918e-15 133.425 -163.875 
-80.693 61.4791 165.033 8.15449e-15 133.488 -164.205 
-80.2992 61.4236 165.023 3.26532e-15 133.553 -164.532 
-79.907 61.3671 165.013 -8.1723e-15 133.62 -164.858 
-79.5165 61.3095 165.003 -3.27261e-15 133.687 -165.182 
-79.1277 61.2509 164.993 -4.91457e-15 133.756 -165.505 
-78.7407 61.1912 164.982 -0 133.827 -165.825 
-78.3554 61.1305 164.971 3.28418e-15 133.898 -166.144 
-77.9718 61.0688 164.96 6.57641e-15 133.971 -166.462 
-77.5901 61.0062 164.949 -9.87695e-15 134.045 -166.777 
-77.2102 60.9425 164.937 -9.88954e-15 134.121 -167.091 
-76.8322 60.8779 164.925 -0 134.197 -167.402 
-76.4559 60.8123 164.913 -6.61032e-15 134.275 -167.712 
-76.0816 60.7458 164.9 -9.92883e-15 134.354 -168.02 
-75.7092 60.6784 164.887 -3.31414e-15 134.434 -168.326 
-75.3387 60.6101 164.874 9.95629e-15 134.515 -168.63 
-74.9701 60.5409 164.861 -6.64694e-15 134.598 -168.933 
-74.6034 60.4708 164.848 -3.32826e-15 134.681 -169.233 
-74.2387 60.3999 164.834 -0 134.766 -169.531 
-73.876 60.3281 164.82 6.67619e-15 134.852 -169.828 
-73.5153 60.2555 164.806 3.34314e-15 134.939 -170.122 
-73.1565 60.1821 164.791 -0 135.027 -170.415 
-72.7998 60.1079 164.777 3.35349e-15 135.116 -170.705 
-72.4451 60.0329 164.762 6.71757e-15 135.206 -170.994 
-72.0924 59.9572 164.746 1.00925e-14 135.297 -171.28 
-71.7418 59.8807 164.731 -3.36965e-15 135.389 -171.564 
-71.3932 59.8034 164.715 -3.3752e-15 135.482 -171.846 
-71.0466 59.7254 164.699 6.76169e-15 135.576 -172.127 
-70.7021 59.6468 164.683 1.01597e-14 135.67 -172.405 
-70.3597 59.5674 164.666 -0 135.766 -172.681 
-70.0194 59.4874 164.65 -6.79658e-15 135.863 -172.955 
-69.6811 59.4067 164.633 -0 135.961 -173.227 
-69.3449 59.3253 164.615 6.8207e-15 136.059 -173.497 
-69.0108 59.2433 164.598 1.02495e-14 136.159 -173.765 
-68.6788 59.1608 164.58 1.3691e-14 136.259 -174.03 
-68.3489 59.0776 164.562 3.42908e-15 136.36 -174.294 
-68.0211 58.9938 164.544 6.871e-15 136.462 -174.555 
-67.6954 58.9094 164.526 -0 136.565 -174.815 
-67.3717 58.8245 164.507 -6.89718e-15 136.669 -175.072 
-67.0502 58.7391 164.488 -3.45527e-15 136.773 -175.327 
-66.7307 58.6531 164.469 -3.46203e-15 136.878 -175.58 
-66.4134 58.5667 164.449 -0 136.984 -175.831 
-66.0981 58.4797 164.43 1.04274e-14 137.09 -176.08 
-65.785 58.3922 164.41 -3.48284e-15 137.198 -176.327 
-65.4739 58.3043 164.39 -0 137.306 -176.572 
-65.1649 58.2159 164.37 6.99429e-15 137.414 -176.815 
-64.858 58.1271 164.349 -0 137.524 -177.055 
-64.5532 58.0378 164.328 -3.5118e-15 137.634 -177.294 
-64.2505 57.9482 164.307 3.51926e-15 137.745 -177.53 
-63.9498 57.8581 164.286 3.52681e-15 137.856 -177.765 
-63.6512 57.7677 164.265 -7.06889e-15 137.968 -177.997 
-63.3547 57.6768 164.243 7.08434e-15 138.08 -178.227 
-63.0602 57.5857 164.221 7.09996e-15 138.193 -178.455 
-62.7677 57.4942 164.199 7.11576e-15 138.307 -178.681 
-62.4774 57.4023 164.176 -1.42635e-14 138.421 -178.905 
-62.189 57.3101 164.154 7.14789e-15 138.536 -179.127 
-61.9027 57.2177 164.131 -7.16422e-15 138.651 -179.347 
-61.6184 57.1249 164.108 7.18072e-15 138.767 -179.565 
-61.3361 57.0318 164.085 7.19741e-15 138.883 -179.781 
-61.0558 56.9385 164.061 -7.21427e-15 139 -179.995 
-60.7776 56.845 164.038 -7.23131e-15 139.117 179.793 
-60.5013 56.7511 164.014 -7.24853e-15 139.235 179.583 
-60.227 56.6571 163.99 -0 139.353 179.375 
-59.9547 56.5628 163.965 -7.28351e-15 139.472 179.169 
-59.6843 56.4684 163.941 1.46025e-14 139.591 178.965 
-59.4159 56.3737 163.916 -1.46384e-14 139.71 178.763 
-59.1495 56.2789 163.891 1.46747e-14 139.83 178.563 
-58.8849 56.1838 163.866 1.47113e-14 139.951 178.364 
-58.6223 56.0887 163.84 -7.37411e-15 140.071 178.168 
-58.3617 55.9933 163.815 -0 140.192 177.974 
-58.1029 55.8979 163.789 -7.41162e-15 140.313 177.781 
-57.846 55.8023 163.763 -0 140.435 177.591 
-57.591 55.7066 163.736 -7.44985e-15 140.557 177.402 
-57.3379 55.6107 163.71 -7.46925e-15 140.679 177.215 
-57.0867 55.5148 163.683 -0 140.802 177.03 
-56.8373 55.4188 163.656 -0 140.925 176.847 
-56.5897 55.3227 163.629 -7.52854e-15 141.048 176.666 
-56.344 55.2266 163.602 7.54867e-15 141.171 176.487 
-56.1001 55.1304 163.575 -0 141.295 176.309 
-55.858 55.0341 163.547 7.58949e-15 141.419 176.133 
-55.6177 54.9378 163.519 7.61018e-15 141.543 175.959 
-55.3792 54.8415 163.491 7.63106e-15 141.667 175.787 
-55.1425 54.7452 163.463 7.65213e-15 141.792 175.617 
-54.9075 54.6488 163.434 -7.67338e-15 141.917 175.448 
-54.6743 54.5525 163.406 -0 142.042 175.281 
-54.4428 54.4562 163.377 -0 142.167 175.116 
-54.213 54.3598 163.348 -7.73828e-15 142.293 174.953 
-53.985 54.2635 163.318 -0 142.418 174.791 
-53.7587 54.1673 163.289 -7.7825e-15 142.544 174.631 
-53.534 54.0711 163.259 -0 142.67 174.472 
-53.311 53.9749 163.23 7.82748e-15 142.796 174.316 
-53.0897 53.8788 163.2 7.85027e-15 142.922 174.161 
-52.8701 53.7827 163.169 -7.87324e-15 143.048 174.007 
-52.6521 53.6867 163.139 7.89641e-15 143.174 173.856 
-52.4357 53.5908 163.108 7.91978e-15 143.301 173.706 
-52.2209 53.495 163.078 -0 143.427 173.557 
-52.0077 53.3993 163.047 -7.96709e-15 143.554 173.41 
-51.7962 53.3037 163.016 1.59821e-14 143.681 173.265 
-51.5862 53.2082 162.984 -8.0152e-15 143.808 173.121 
-51.3778 53.1128 162.953 8.03955e-15 143.934 172.979 
-51.1709 53.0176 162.921 8.0641e-15 144.061 172.839 
-50.9656 52.9224 162.889 -8.08885e-15 144.188 172.7 
-50.7618 52.8274 162.857 -8.1138e-15 144.315 172.562 
-50.5596 52.7326 162.825 8.13895e-15 144.442 172.426 
-50.3588 52.6379 162.793 -8.16431e-15 144.57 172.292 
-50.1596 52.5433 162.76 -0 144.697 172.159 
-49.9618 52.4489 162.727 -0 144.824 172.028 
-49.7655 52.3547 162.694 8.24159e-15 144.951 171.898 
-49.5707 52.2606 162.661 -0 145.078 171.769 
-49.3773 52.1668 162.628 8.29414e-15 145.205 171.642 
-49.1854 52.0731 162.595 8.32073e-15 145.332 171.516 
-48.9949 51.9795 162.561 8.34753e-15 145.459 171.392 
-48.8058 51.8862 162.527 -0 145.586 171.27 
-48.6181 51.7931 162.493 -8.40174e-15 145.713 171.148 
-48.4318 51.7002 162.459 -0 145.84 171.028 
-48.2468 51.6075 162.425 -0 145.967 170.91 
-48.0633 51.515 162.391 -8.48466e-15 146.094 170.792 
-47.8811 51.4227 162.356 -8.51272e-15 146.221 170.676 
-47.7002 51.3307 162.321 -8.541e-15 146.348 170.562 
-47.5207 51.2388 162.286 -8.5695e-15 146.475 170.449 
-47.3425 51.1472 162.251 -8.59821e-15 146.601 170.337 
-47.1656 51.0559 162.216 -0 146.728 170.226 
-46.99 50.9648 162.181 -8.6563e-15 146.855 170.117 
-46.8157 50.8739 162.145 -8.68567e-15 146.981 170.009 
-46.6427 50.7832 162.109 -8.71526e-15 147.107 169.902 
-46.471 50.6929 162.074 8.74508e-15 147.234 169.797 
-46.3005 50.6027 162.038 8.77512e-15 147.36 169.693 
-46.1313 50.5129 162.001 -0 147.486 169.59 
-45.9632 50.4233 161.965 -8.83587e-15 147.612 169.488 
-45.7965 50.3339 161.929 -8.86659e-15 147.738 169.388 
-45.6309 50.2448 161.892 -1.77951e-14 147.863 169.288 
-45.4665 50.156 161.855 -8.92872e-15 147.989 169.19 
-45.3034 50.0675 161.818 -0 148.114 169.093 
-45.1414 49.9793 161.781 -0 148.24 168.998 
-44.9806 49.8913 161.744 -9.02364e-15 148.365 168.903 
-44.8209 49.8036 161.706 -0 148.49 168.81 
-44.6624 49.7162 161.669 9.0881e-15 148.615 168.718 
-44.5051 49.6291 161.631 -9.12068e-15 148.74 168.627 
-44.3488 49.5423 161.593 -9.1535e-15 148.864 168.537 
-44.1937 49.4558 161.555 -9.18657e-15 148.989 168.448 
-44.0398 49.3696 161.517 9.21988e-15 149.113 168.36 
-43.8869 49.2836 161.479 -0 149.237 168.274 
-43.7351 49.198 161.441 9.28722e-15 149.361 168.188 
-43.5844 49.1127 161.402 -9.32126e-15 149.485 168.104 
-43.4348 49.0277 161.363 -0 149.609 168.021 
-43.2862 48.943 161.325 -1.87802e-14 149.732 167.938 
-43.1387 48.8586 161.286 -0 149.856 167.857 
-42.9922 48.7745 161.247 -9.45992e-15 149.979 167.777 
-42.8468 48.6908 161.207 1.89904e-14 150.102 167.698 
-42.7024 48.6073 161.168 -0 150.225 167.62 
-42.559 48.5242 161.128 -0 150.347 167.543 
-42.4166 48.4414 161.089 -0 150.47 167.467 
-42.2753 48.3589 161.049 -9.63899e-15 150.592 167.392 
-42.1349 48.2767 161.009 -0 150.714 167.318 
-41.9955 48.1949 160.969 9.71245e-15 150.836 167.245 
-41.8571 48.1134 160.929 9.74957e-15 150.958 167.173 
-41.7196 48.0322 160.889 9.78697e-15 151.079 167.101 
-41.5832 47.9514 160.848 -9.82463e-15 151.201 167.031 
-41.4476 47.8708 160.808 -0 151.322 166.962 
-41.313 47.7907 160.767 9.90078e-15 151.443 166.894 
-41.1793 47.7108 160.726 9.93927e-15 151.563 166.826 
-41.0466 47.6313 160.685 9.97803e-15 151.684 166.76 
-40.9148 47.5521 160.644 -0 151.804 166.694 
-40.7839 47.4732 160.603 -1.00564e-14 151.924 166.63 
-40.6538 47.3947 160.561 2.0192e-14 152.044 166.566 
-40.5247 47.3165 160.52 2.02718e-14 152.163 166.503 
-40.3965 47.2387 160.478 1.01761e-14 152.283 166.441 
-40.2691 47.1612 160.437 -1.02166e-14 152.402 166.38 
-40.1426 47.084 160.395 1.02573e-14 152.521 166.32 
-40.017 47.0072 160.353 1.02984e-14 152.64 166.261 
-39.8922 46.9308 160.311 -0 152.758 166.202 
-39.7683 46.8546 160.269 1.03814e-14 152.877 166.145 
-39.6452 46.7788 160.226 -0 152.995 166.088 
-39.5229 46.7034 160.184 -1.04657e-14 153.113 166.032 
-39.4015 46.6283 160.141 -0 153.23 165.977 
-39.2808 46.5535 160.099 -0 153.348 165.923 
-39.161 46.4791 160.056 1.05943e-14 153.465 165.869 
-39.042 46.4051 160.013 2.12756e-14 153.582 165.816 
-38.9238 46.3313 159.97 -1.06816e-14 153.699 165.765 
-38.8064 46.258 159.927 2.14515e-14 153.815 165.713 
-38.6897 46.1849 159.884 -0 153.931 165.663 
-38.5739 46.1123 159.84 -0 154.047 165.614 
-38.4588 46.0399 159.797 1.08601e-14 154.163 165.565 
-38.3444 45.9679 159.753 -0 154.279 165.517 
-38.2308 45.8963 159.71 2.19027e-14 154.394 165.47 
-38.118 45.825 159.666 2.19949e-14 154.509 165.423 
-38.0059 45.754 159.622 -0 154.624 165.377 
-37.8946 45.6834 159.578 -0 154.738 165.332 
-37.7839 45.6132 159.534 -2.22757e-14 154.853 165.288 
-37.674 45.5433 159.49 -0 154.967 165.244 
-37.5648 45.4737 159.445 -2.24663e-14 155.081 165.201 
-37.4563 45.4045 159.401 -2.25627e-14 155.194 165.159 
-37.3486 45.3357 159.356 -0 155.308 165.118 
-37.2415 45.2671 159.312 -0 155.421 165.077 
-37.1351 45.199 159.267 -0 155.534 165.037 
-37.0294 45.1311 159.222 -2.29553e-14 155.647 164.998 
-36.9244 45.0637 159.177 -0 155.759 164.959 
-36.82 44.9965 159.132 -0 155.871 164.921 
-36.7164 44.9297 159.087 -0 155.983 164.884 
-36.6134 44.8633 159.042 -0 156.095 164.847 
