-125.394 38.432 147.017 1.9937e-13 174.551 -84.5873 
-125.394 38.4321 147.017 -9.96761e-14 174.551 -84.5867 
-125.393 38.4322 147.018 -5.97969e-13 174.55 -84.5857 
-125.392 38.4323 147.019 9.96412e-14 174.549 -84.5843 
-125.391 38.4325 147.02 -4.98075e-13 174.547 -84.5825 
-125.39 38.4327 147.022 9.9583e-14 174.545 -84.5803 
-125.389 38.433 147.024 -1.9909e-13 174.543 -84.5776 
-125.387 38.4333 147.026 -0 174.541 -84.5746 
-125.385 38.4337 147.028 9.94523e-14 174.538 -84.5712 
-125.383 38.4341 147.031 9.93973e-14 174.535 -84.5674 
-125.381 38.4345 147.034 -1.98673e-13 174.532 -84.5632 
-125.378 38.435 147.037 -4.9635e-13 174.528 -84.5585 
-125.375 38.4355 147.04 3.96791e-13 174.524 -84.5535 
-125.372 38.4361 147.044 -3.96479e-13 174.52 -84.5481 
-125.369 38.4367 147.048 -0 174.515 -84.5422 
-125.366 38.4373 147.052 1.97894e-13 174.51 -84.536 
-125.362 38.438 147.057 4.94263e-13 174.505 -84.5294 
-125.358 38.4387 147.062 -0 174.499 -84.5223 
-125.354 38.4395 147.067 -0 174.494 -84.5149 
-125.35 38.4403 147.072 1.9707e-13 174.487 -84.5071 
-125.345 38.4412 147.078 -1.96837e-13 174.481 -84.4989 
-125.341 38.4421 147.084 4.91482e-13 174.474 -84.4902 
-125.336 38.4431 147.09 2.94507e-13 174.467 -84.4812 
-125.33 38.4441 147.097 -1.96072e-13 174.459 -84.4718 
-125.325 38.4451 147.104 9.78979e-14 174.451 -84.4619 
-125.319 38.4462 147.111 1.95509e-13 174.443 -84.4517 
-125.313 38.4473 147.118 -2.92818e-13 174.435 -84.4411 
-125.307 38.4485 147.126 9.74522e-14 174.426 -84.43 
-125.301 38.4497 147.134 9.72934e-14 174.417 -84.4186 
-125.294 38.451 147.142 2.91388e-13 174.407 -84.4068 
-125.288 38.4523 147.15 -3.87842e-13 174.397 -84.3946 
-125.281 38.4537 147.159 9.67867e-14 174.387 -84.382 
-125.273 38.4551 147.168 -1.93216e-13 174.377 -84.369 
-125.266 38.4565 147.177 1.92849e-13 174.366 -84.3556 
-125.258 38.458 147.187 -9.62359e-14 174.355 -84.3418 
-125.25 38.4596 147.197 -2.88128e-13 174.344 -84.3276 
-125.242 38.4612 147.207 -3.8338e-13 174.332 -84.313 
-125.234 38.4628 147.217 -4.78212e-13 174.32 -84.298 
-125.225 38.4645 147.228 -2.86306e-13 174.308 -84.2826 
-125.216 38.4662 147.239 2.85672e-13 174.295 -84.2669 
-125.207 38.468 147.25 2.85024e-13 174.282 -84.2507 
-125.198 38.4699 147.262 2.84363e-13 174.269 -84.2341 
-125.188 38.4718 147.273 9.45631e-14 174.255 -84.2172 
-125.178 38.4737 147.285 9.43342e-14 174.241 -84.1999 
-125.168 38.4757 147.298 4.70506e-13 174.227 -84.1822 
-125.158 38.4777 147.31 -0 174.212 -84.164 
-125.148 38.4798 147.323 -4.68114e-13 174.197 -84.1455 
-125.137 38.482 147.336 9.33775e-14 174.182 -84.1266 
-125.126 38.4842 147.35 1.86257e-13 174.166 -84.1074 
-125.115 38.4864 147.363 3.71502e-13 174.15 -84.0877 
-125.103 38.4887 147.377 -1.85237e-13 174.134 -84.0677 
-125.092 38.4911 147.392 -2.77074e-13 174.117 -84.0472 
-125.08 38.4935 147.406 -0 174.1 -84.0264 
-125.068 38.4959 147.421 -1.83653e-13 174.083 -84.0052 
-125.055 38.4985 147.436 -2.74666e-13 174.066 -83.9836 
-125.043 38.5011 147.451 1.82561e-13 174.048 -83.9616 
-125.03 38.5037 147.467 4.55013e-13 174.029 -83.9393 
-125.017 38.5064 147.483 1.81443e-13 174.011 -83.9165 
-125.003 38.5091 147.499 -2.71311e-13 173.992 -83.8934 
-124.99 38.5119 147.515 -1.80299e-13 173.973 -83.8699 
-124.976 38.5148 147.532 1.79717e-13 173.953 -83.846 
-124.962 38.5177 147.549 -8.95649e-14 173.933 -83.8218 
-124.947 38.5207 147.566 3.57073e-13 173.913 -83.7972 
-124.933 38.5238 147.584 8.89688e-14 173.892 -83.7722 
-124.918 38.5269 147.602 1.77333e-13 173.871 -83.7468 
-124.903 38.5301 147.62 2.65084e-13 173.85 -83.721 
-124.888 38.5333 147.638 -2.64162e-13 173.829 -83.6949 
-124.872 38.5366 147.657 8.77436e-14 173.807 -83.6684 
-124.856 38.54 147.676 8.74309e-14 173.785 -83.6415 
-124.84 38.5434 147.695 -0 173.762 -83.6143 
-124.824 38.5469 147.714 1.73596e-13 173.739 -83.5866 
-124.807 38.5504 147.734 3.45914e-13 173.716 -83.5586 
-124.79 38.5541 147.754 1.72313e-13 173.692 -83.5303 
-124.773 38.5578 147.774 -3.43329e-13 173.668 -83.5016 
-124.756 38.5615 147.794 8.55059e-14 173.644 -83.4725 
-124.738 38.5654 147.815 -8.51776e-14 173.619 -83.443 
-124.721 38.5693 147.836 4.24237e-13 173.595 -83.4132 
-124.702 38.5732 147.858 -1.69031e-13 173.569 -83.383 
-124.684 38.5773 147.879 3.36726e-13 173.544 -83.3525 
-124.665 38.5814 147.901 -8.38457e-14 173.518 -83.3216 
-124.646 38.5856 147.923 8.35084e-14 173.491 -83.2903 
-124.627 38.5899 147.945 1.66339e-13 173.465 -83.2587 
-124.608 38.5942 147.968 -3.31316e-13 173.438 -83.2267 
-124.588 38.5986 147.991 -4.12435e-13 173.41 -83.1944 
-124.568 38.6031 148.014 8.21435e-14 173.383 -83.1617 
-124.548 38.6077 148.038 -8.17988e-14 173.355 -83.1287 
-124.527 38.6123 148.061 -2.44358e-13 173.326 -83.0953 
-124.507 38.617 148.085 -1.62211e-13 173.298 -83.0616 
-124.485 38.6218 148.11 -1.61514e-13 173.269 -83.0275 
-124.464 38.6267 148.134 1.60815e-13 173.239 -82.993 
-124.442 38.6317 148.159 2.40171e-13 173.209 -82.9582 
-124.421 38.6368 148.184 -0 173.179 -82.9231 
-124.398 38.6419 148.209 -0 173.149 -82.8876 
-124.376 38.6471 148.235 -7.89995e-14 173.118 -82.8518 
-124.353 38.6524 148.261 -1.57291e-13 173.087 -82.8157 
-124.33 38.6578 148.287 2.34871e-13 173.055 -82.7792 
-124.307 38.6633 148.313 2.33804e-13 173.024 -82.7423 
-124.283 38.6689 148.34 -1.55157e-13 172.991 -82.7051 
-124.259 38.6745 148.367 -2.31665e-13 172.959 -82.6676 
-124.235 38.6803 148.394 2.30593e-13 172.926 -82.6298 
-124.211 38.6861 148.421 -1.53013e-13 172.893 -82.5916 
-124.186 38.6921 148.449 1.52296e-13 172.859 -82.5531 
-124.161 38.6981 148.477 -2.27368e-13 172.825 -82.5143 
-124.136 38.7042 148.505 -0 172.791 -82.4751 
-124.11 38.7105 148.533 1.50142e-13 172.756 -82.4356 
-124.084 38.7168 148.562 2.24135e-13 172.721 -82.3958 
-124.058 38.7232 148.591 1.48704e-13 172.686 -82.3557 
-124.031 38.7297 148.62 -2.21977e-13 172.65 -82.3152 
-124.004 38.7364 148.65 1.47265e-13 172.614 -82.2744 
-123.977 38.7431 148.68 -1.46545e-13 172.577 -82.2333 
-123.95 38.7499 148.71 2.18738e-13 172.54 -82.1919 
-123.922 38.7569 148.74 -0 172.503 -82.1502 
-123.894 38.7639 148.77 -3.60965e-13 172.466 -82.1082 
-123.865 38.7711 148.801 -1.43667e-13 172.428 -82.0658 
-123.837 38.7783 148.832 -2.85895e-13 172.389 -82.0232 
-123.808 38.7857 148.864 7.11146e-14 172.351 -81.9802 
-123.778 38.7932 148.895 7.07556e-14 172.312 -81.937 
-123.749 38.8008 148.927 -2.81588e-13 172.272 -81.8934 
-123.719 38.8085 148.959 -0 172.233 -81.8496 
-123.688 38.8163 148.991 -1.39361e-13 172.192 -81.8054 
-123.658 38.8242 149.024 -0 172.152 -81.7609 
-123.627 38.8323 149.057 -1.37932e-13 172.111 -81.7162 
-123.595 38.8405 149.09 -2.05828e-13 172.07 -81.6712 
-123.564 38.8488 149.123 -0 172.028 -81.6258 
-123.532 38.8572 149.157 6.78978e-14 171.986 -81.5802 
-123.499 38.8657 149.191 -6.75428e-14 171.944 -81.5343 
-123.467 38.8744 149.225 -0 171.901 -81.4881 
-123.434 38.8832 149.259 2.00504e-13 171.858 -81.4416 
-123.4 38.8921 149.294 -3.32409e-13 171.814 -81.3949 
-123.367 38.9012 149.329 -6.61295e-14 171.77 -81.3479 
-123.332 38.9104 149.364 -6.57779e-14 171.726 -81.3006 
-123.298 38.9197 149.399 -1.30854e-13 171.681 -81.253 
-123.263 38.9291 149.435 -1.95231e-13 171.636 -81.2052 
-123.228 38.9387 149.47 -1.94184e-13 171.591 -81.1571 
-123.193 38.9485 149.507 1.93139e-13 171.545 -81.1087 
-123.157 38.9583 149.543 6.40322e-14 171.499 -81.0601 
-123.121 38.9683 149.58 1.27371e-13 171.452 -81.0112 
-123.084 38.9785 149.616 1.2668e-13 171.405 -80.9621 
-123.047 38.9888 149.653 6.29953e-14 171.358 -80.9127 
-123.01 38.9992 149.691 -1.87955e-13 171.31 -80.863 
-122.972 39.0098 149.728 1.86927e-13 171.262 -80.8131 
-122.934 39.0206 149.766 -6.19672e-14 171.213 -80.763 
-122.896 39.0315 149.804 -1.23253e-13 171.164 -80.7126 
-122.857 39.0425 149.843 -0 171.115 -80.662 
-122.818 39.0537 149.881 -6.09484e-14 171.065 -80.6111 
-122.778 39.0651 149.92 3.03055e-13 171.015 -80.56 
-122.738 39.0766 149.959 -1.80824e-13 170.964 -80.5087 
-122.698 39.0883 149.998 -0 170.914 -80.4572 
-122.657 39.1001 150.038 -5.96054e-14 170.862 -80.4054 
-122.616 39.1121 150.077 1.18545e-13 170.81 -80.3534 
-122.574 39.1243 150.117 1.17882e-13 170.758 -80.3012 
-122.532 39.1366 150.158 1.75831e-13 170.706 -80.2487 
-122.49 39.1491 150.198 1.16562e-13 170.653 -80.1961 
-122.447 39.1618 150.239 -1.73859e-13 170.599 -80.1432 
-122.404 39.1747 150.28 -5.76262e-14 170.545 -80.0902 
-122.36 39.1877 150.321 1.71902e-13 170.491 -80.0369 
-122.316 39.2009 150.362 1.70929e-13 170.437 -79.9835 
-122.271 39.2143 150.404 1.6996e-13 170.382 -79.9298 
-122.226 39.2279 150.446 -1.12663e-13 170.326 -79.876 
-122.181 39.2416 150.488 1.68034e-13 170.27 -79.8219 
-122.135 39.2556 150.53 2.7846e-13 170.214 -79.7677 
-122.089 39.2697 150.573 5.53743e-14 170.157 -79.7133 
-122.042 39.284 150.616 -1.10116e-13 170.1 -79.6587 
-121.995 39.2985 150.659 -2.18971e-13 170.043 -79.6039 
-121.947 39.3132 150.702 1.08858e-13 169.985 -79.549 
-121.899 39.3281 150.746 2.16467e-13 169.926 -79.4939 
-121.851 39.3432 150.789 -0 169.867 -79.4387 
-121.802 39.3585 150.833 1.60488e-13 169.808 -79.3832 
-121.752 39.374 150.878 -1.59563e-13 169.748 -79.3277 
-121.702 39.3898 150.922 5.2881e-14 169.688 -79.2719 
-121.652 39.4057 150.967 5.25755e-14 169.628 -79.2161 
-121.601 39.4218 151.012 -2.61357e-13 169.567 -79.1601 
-121.55 39.4382 151.057 2.59844e-13 169.505 -79.1039 
-121.498 39.4547 151.102 -1.55003e-13 169.443 -79.0476 
-121.446 39.4715 151.147 -1.54104e-13 169.381 -78.9912 
-121.393 39.4885 151.193 -1.02139e-13 169.318 -78.9347 
-121.339 39.5057 151.239 1.01545e-13 169.255 -78.878 
-121.285 39.5232 151.285 -5.04771e-14 169.191 -78.8212 
-121.231 39.5409 151.332 2.00732e-13 169.127 -78.7643 
-121.176 39.5588 151.378 -4.98905e-14 169.063 -78.7073 
-121.121 39.5769 151.425 -4.95994e-14 168.998 -78.6502 
-121.065 39.5953 151.472 -9.86193e-14 168.932 -78.593 
-121.008 39.6139 151.52 -0 168.866 -78.5357 
-120.951 39.6328 151.567 -0 168.8 -78.4783 
-120.894 39.6519 151.615 -0 168.733 -78.4209 
-120.836 39.6712 151.663 -2.40827e-13 168.666 -78.3633 
-120.777 39.6908 151.711 -0 168.598 -78.3057 
-120.718 39.7107 151.759 -4.76021e-14 168.53 -78.248 
-120.658 39.7308 151.808 4.73226e-14 168.461 -78.1903 
-120.598 39.7512 151.857 9.40892e-14 168.392 -78.1325 
-120.537 39.7718 151.906 -1.40304e-13 168.323 -78.0746 
-120.476 39.7927 151.955 -1.85972e-13 168.252 -78.0167 
-120.414 39.8138 152.004 1.38658e-13 168.182 -77.9587 
-120.351 39.8352 152.054 -1.83789e-13 168.111 -77.9008 
-120.288 39.8569 152.104 -0 168.039 -77.8427 
-120.224 39.8789 152.154 -0 167.967 -77.7847 
-120.159 39.9011 152.204 -1.35419e-13 167.895 -77.7266 
-120.094 39.9237 152.254 -8.97464e-14 167.822 -77.6686 
-120.029 39.9465 152.305 -1.78433e-13 167.749 -77.6105 
-119.962 39.9696 152.356 1.7738e-13 167.675 -77.5524 
-119.896 39.9929 152.407 8.81674e-14 167.601 -77.4945 
-119.829 40.0164 152.457 -0 167.526 -77.4368 
-119.761 40.0401 152.508 -2.17847e-13 167.452 -77.3795 
-119.694 40.0639 152.559 -0 167.377 -77.3225 
-119.626 40.088 152.61 -4.30655e-14 167.303 -77.2658 
-119.558 40.1122 152.66 1.28452e-13 167.228 -77.2093 
-119.489 40.1365 152.711 -0 167.153 -77.1532 
-119.42 40.1611 152.761 4.23289e-14 167.078 -77.0974 
-119.351 40.1858 152.812 -0 167.003 -77.0419 
-119.281 40.2107 152.862 4.18502e-14 166.927 -76.9867 
-119.212 40.2358 152.912 1.24843e-13 166.852 -76.9319 
-119.142 40.2611 152.962 -0 166.776 -76.8773 
-119.071 40.2865 153.013 -4.11499e-14 166.701 -76.8231 
-119 40.3122 153.063 -4.09211e-14 166.625 -76.7692 
-118.929 40.338 153.113 1.22083e-13 166.549 -76.7156 
-118.858 40.3639 153.163 -0 166.473 -76.6623 
-118.786 40.3901 153.213 4.02479e-14 166.397 -76.6094 
-118.714 40.4165 153.263 -1.60112e-13 166.321 -76.5568 
-118.642 40.443 153.312 3.981e-14 166.245 -76.5045 
-118.569 40.4697 153.362 -3.95941e-14 166.168 -76.4526 
-118.496 40.4966 153.412 -3.93804e-14 166.092 -76.4009 
-118.423 40.5237 153.462 -0 166.015 -76.3497 
-118.349 40.5509 153.511 -7.79178e-14 165.938 -76.2987 
-118.275 40.5784 153.561 -0 165.861 -76.2481 
-118.2 40.606 153.61 -3.85454e-14 165.784 -76.1979 
-118.126 40.6338 153.659 -7.6683e-14 165.707 -76.148 
-118.05 40.6618 153.709 7.6279e-14 165.629 -76.0984 
-117.975 40.69 153.758 -3.79394e-14 165.552 -76.0492 
-117.899 40.7184 153.807 -1.13223e-13 165.474 -76.0003 
-117.823 40.747 153.856 -0 165.397 -75.9518 
-117.746 40.7757 153.905 -0 165.319 -75.9037 
-117.67 40.8046 153.954 -0 165.241 -75.8559 
-117.592 40.8338 154.003 -1.10898e-13 165.163 -75.8085 
-117.515 40.8631 154.052 -7.35535e-14 165.085 -75.7614 
-117.437 40.8926 154.101 -7.31782e-14 165.007 -75.7147 
-117.358 40.9222 154.15 3.64031e-14 164.928 -75.6684 
-117.28 40.9521 154.198 -3.62188e-14 164.85 -75.6224 
-117.201 40.9822 154.247 3.60361e-14 164.771 -75.5768 
-117.121 41.0124 154.295 7.171e-14 164.692 -75.5316 
-117.041 41.0429 154.344 -7.13511e-14 164.613 -75.4867 
-116.961 41.0735 154.392 7.09954e-14 164.534 -75.4423 
-116.881 41.1044 154.441 -0 164.455 -75.3982 
-116.8 41.1354 154.489 -0 164.376 -75.3545 
-116.718 41.1666 154.537 -0 164.296 -75.3112 
-116.637 41.198 154.585 -1.04405e-13 164.217 -75.2683 
-116.554 41.2296 154.633 1.03894e-13 164.137 -75.2257 
-116.472 41.2614 154.681 -6.8925e-14 164.057 -75.1836 
-116.389 41.2933 154.729 -0 163.978 -75.1419 
-116.306 41.3255 154.777 -3.41292e-14 163.898 -75.1005 
-116.222 41.3579 154.825 6.79294e-14 163.817 -75.0596 
-116.138 41.3904 154.872 -3.38016e-14 163.737 -75.019 
-116.053 41.4232 154.92 6.72796e-14 163.657 -74.9789 
-115.968 41.4562 154.968 3.34794e-14 163.576 -74.9392 
-115.883 41.4893 155.015 -9.99612e-14 163.496 -74.8999 
-115.797 41.5226 155.062 -9.94881e-14 163.415 -74.861 
-115.711 41.5562 155.11 -9.9019e-14 163.334 -74.8225 
-115.624 41.5899 155.157 6.57025e-14 163.253 -74.7844 
-115.537 41.6238 155.204 -0 163.172 -74.7468 
-115.45 41.658 155.251 9.76348e-14 163.091 -74.7096 
-115.362 41.6923 155.298 -9.7181e-14 163.009 -74.6728 
-115.274 41.7268 155.345 6.44873e-14 162.928 -74.6364 
-115.185 41.7615 155.392 -9.62845e-14 162.846 -74.6005 
-115.096 41.7964 155.439 -3.19472e-14 162.765 -74.565 
-115.006 41.8315 155.486 -6.36017e-14 162.683 -74.53 
-114.916 41.8668 155.532 -0 162.601 -74.4953 
-114.826 41.9023 155.579 -6.30232e-14 162.519 -74.4612 
-114.735 41.938 155.626 3.13688e-14 162.436 -74.4275 
-114.643 41.9739 155.672 3.1227e-14 162.354 -74.3942 
-114.551 42.01 155.718 3.10864e-14 162.272 -74.3614 
-114.459 42.0463 155.765 -1.54735e-14 162.189 -74.329 
-114.366 42.0828 155.811 6.16173e-14 162.106 -74.2971 
-114.273 42.1195 155.857 -1.53357e-14 162.024 -74.2657 
-114.179 42.1564 155.903 -3.05352e-14 161.941 -74.2347 
-114.085 42.1935 155.949 3.04001e-14 161.858 -74.2042 
-113.991 42.2308 155.995 -0 161.775 -74.1741 
-113.896 42.2682 156.041 -0 161.691 -74.1446 
-113.8 42.3059 156.086 3.00012e-14 161.608 -74.1155 
-113.704 42.3438 156.132 -5.97405e-14 161.524 -74.0869 
-113.607 42.3819 156.177 -1.48702e-14 161.441 -74.0587 
-113.51 42.4202 156.223 -1.48057e-14 161.357 -74.0311 
-113.413 42.4587 156.268 -0 161.273 -74.0039 
-113.315 42.4973 156.314 2.93567e-14 161.189 -73.9773 
-113.216 42.5362 156.359 2.92308e-14 161.105 -73.9511 
-113.117 42.5753 156.404 -5.82117e-14 161.021 -73.9255 
-113.018 42.6146 156.449 2.89819e-14 160.936 -73.9003 
-112.918 42.6541 156.494 2.88588e-14 160.852 -73.8756 
-112.817 42.6937 156.539 -4.31051e-14 160.768 -73.8515 
-112.716 42.7336 156.584 -7.15388e-14 160.683 -73.8278 
-112.615 42.7737 156.628 1.42476e-14 160.598 -73.8047 
-112.513 42.814 156.673 -1.4188e-14 160.513 -73.7821 
-112.41 42.8544 156.717 -0 160.428 -73.76 
-112.307 42.8951 156.762 2.814e-14 160.343 -73.7384 
-112.203 42.936 156.806 4.20349e-14 160.258 -73.7174 
-112.099 42.977 156.85 -4.18613e-14 160.172 -73.6969 
-111.995 43.0183 156.895 -2.77926e-14 160.087 -73.6769 
-111.889 43.0598 156.939 -1.38393e-14 160.002 -73.6575 
-111.784 43.1014 156.983 -0 159.916 -73.6386 
-111.677 43.1433 157.027 1.37265e-14 159.83 -73.6202 
-111.57 43.1853 157.07 -1.36707e-14 159.744 -73.6024 
-111.463 43.2276 157.114 2.72307e-14 159.658 -73.5851 
-111.355 43.2701 157.158 1.35604e-14 159.572 -73.5685 
-111.246 43.3127 157.201 4.05177e-14 159.486 -73.5523 
-111.137 43.3556 157.245 5.38071e-14 159.4 -73.5367 
-111.028 43.3986 157.288 -2.67961e-14 159.313 -73.5217 
-110.917 43.4418 157.331 -2.66894e-14 159.227 -73.5073 
-110.807 43.4853 157.375 6.64587e-14 159.14 -73.4934 
-110.695 43.5289 157.418 -2.64784e-14 159.053 -73.4801 
-110.583 43.5727 157.461 -6.59351e-14 158.967 -73.4674 
-110.471 43.6167 157.504 5.25409e-14 158.88 -73.4553 
-110.358 43.6609 157.546 -1.30838e-14 158.793 -73.4438 
-110.244 43.7053 157.589 1.30328e-14 158.706 -73.4328 
-110.13 43.7499 157.632 1.29821e-14 158.618 -73.4225 
-110.015 43.7947 157.674 2.58636e-14 158.531 -73.4127 
-109.899 43.8397 157.716 -1.28819e-14 158.444 -73.4036 
-109.783 43.8849 157.759 -0 158.356 -73.395 
-109.666 43.9302 157.801 -0 158.269 -73.3871 
-109.549 43.9758 157.843 1.27342e-14 158.181 -73.3798 
-109.431 44.0215 157.885 -0 158.093 -73.3731 
-109.312 44.0675 157.927 -2.52751e-14 158.006 -73.367 
-109.193 44.1136 157.969 -0 157.918 -73.3615 
-109.073 44.1599 158.01 -0 157.83 -73.3567 
-108.953 44.2064 158.052 -2.49902e-14 157.742 -73.3525 
-108.832 44.2531 158.094 1.24483e-14 157.653 -73.349 
-108.71 44.3 158.135 -0 157.565 -73.3461 
-108.588 44.347 158.176 -4.9423e-14 157.477 -73.3438 
-108.465 44.3942 158.217 2.46199e-14 157.388 -73.3422 
-108.341 44.4417 158.258 -1.22645e-14 157.3 -73.3412 
-108.216 44.4893 158.299 -1.22193e-14 157.211 -73.3409 
-108.091 44.5371 158.34 -1.21745e-14 157.123 -73.3413 
-107.966 44.585 158.381 2.426e-14 157.034 -73.3423 
-107.839 44.6332 158.422 1.20858e-14 156.945 -73.344 
-107.712 44.6815 158.462 -0 156.856 -73.3464 
-107.585 44.73 158.503 -2.39968e-14 156.767 -73.3494 
-107.456 44.7787 158.543 3.58655e-14 156.678 -73.3531 
-107.327 44.8275 158.583 -2.38244e-14 156.589 -73.3576 
-107.197 44.8766 158.623 3.56087e-14 156.5 -73.3627 
-107.067 44.9258 158.663 -1.18272e-14 156.411 -73.3685 
-106.936 44.9752 158.703 3.53556e-14 156.322 -73.375 
-106.804 45.0247 158.743 2.34869e-14 156.232 -73.3822 
-106.671 45.0744 158.783 -1.1702e-14 156.143 -73.3901 
-106.538 45.1243 158.822 -1.16609e-14 156.053 -73.3987 
-106.404 45.1744 158.862 -0 155.964 -73.4081 
-106.269 45.2246 158.901 1.15795e-14 155.874 -73.4181 
-106.134 45.275 158.94 -0 155.785 -73.4289 
-105.998 45.3256 158.979 -1.14992e-14 155.695 -73.4405 
-105.861 45.3763 159.018 -1.14595e-14 155.605 -73.4527 
-105.723 45.4272 159.057 4.56803e-14 155.516 -73.4657 
-105.585 45.4782 159.096 -1.13809e-14 155.426 -73.4794 
-105.445 45.5294 159.134 -3.40261e-14 155.336 -73.4939 
-105.306 45.5807 159.173 -2.26069e-14 155.246 -73.5092 
-105.165 45.6323 159.211 3.37954e-14 155.156 -73.5252 
-105.023 45.6839 159.25 -0 155.066 -73.5419 
-104.881 45.7357 159.288 -0 154.976 -73.5594 
-104.738 45.7877 159.326 -0 154.886 -73.5777 
-104.595 45.8398 159.364 -0 154.796 -73.5968 
-104.45 45.8921 159.402 4.43103e-14 154.706 -73.6166 
-104.305 45.9445 159.439 2.76021e-14 154.616 -73.6372 
-104.159 45.9971 159.477 3.30132e-14 154.526 -73.6586 
-104.012 46.0498 159.514 5.4841e-15 154.436 -73.6808 
-103.864 46.1026 159.551 2.73307e-14 154.346 -73.7038 
-103.716 46.1556 159.589 -5.44829e-15 154.256 -73.7276 
-103.566 46.2087 159.626 -1.08612e-14 154.166 -73.7522 
-103.416 46.2619 159.663 -5.41299e-15 154.076 -73.7776 
-103.265 46.3153 159.699 1.61866e-14 153.985 -73.8039 
-103.114 46.3688 159.736 -2.15128e-14 153.895 -73.8309 
-102.961 46.4225 159.773 1.60829e-14 153.805 -73.8588 
-102.808 46.4762 159.809 -0 153.715 -73.8875 
-102.654 46.5301 159.845 1.06539e-14 153.625 -73.917 
-102.499 46.5841 159.881 -1.06202e-14 153.535 -73.9474 
-102.343 46.6383 159.917 1.05867e-14 153.444 -73.9786 
-102.186 46.6925 159.953 -5.27676e-15 153.354 -74.0106 
-102.028 46.7469 159.989 2.63014e-14 153.264 -74.0435 
-101.87 46.8014 160.025 -0 153.174 -74.0773 
-101.711 46.8559 160.06 -1.5683e-14 153.084 -74.1119 
-101.551 46.9106 160.095 3.12693e-14 152.994 -74.1474 
-101.39 46.9654 160.131 -0 152.904 -74.1837 
-101.228 47.0203 160.166 -2.58982e-14 152.814 -74.221 
-101.065 47.0753 160.201 -0 152.724 -74.2591 
-100.901 47.1304 160.235 5.14821e-15 152.634 -74.2981 
-100.737 47.1856 160.27 -5.13266e-15 152.544 -74.3379 
-100.571 47.2409 160.305 2.55862e-14 152.454 -74.3787 
-100.405 47.2963 160.339 -3.06115e-14 152.365 -74.4203 
-100.238 47.3518 160.373 -1.52601e-14 152.275 -74.4629 
-100.07 47.4073 160.407 -1.01432e-14 152.185 -74.5064 
-99.9006 47.4629 160.441 1.51699e-14 152.096 -74.5507 
-99.7306 47.5186 160.475 -5.04176e-15 152.006 -74.596 
-99.5597 47.5744 160.509 -1.0054e-14 151.917 -74.6422 
-99.3879 47.6303 160.542 1.50371e-14 151.827 -74.6894 
-99.2152 47.6862 160.576 9.99562e-15 151.738 -74.7374 
-99.0416 47.7422 160.609 4.98338e-15 151.649 -74.7864 
-98.867 47.7982 160.642 -1.98762e-14 151.56 -74.8363 
-98.6915 47.8543 160.675 9.90968e-15 151.471 -74.8872 
-98.515 47.9105 160.708 1.48222e-14 151.382 -74.939 
-98.3376 47.9667 160.741 -4.92673e-15 151.293 -74.9918 
-98.1592 48.0229 160.773 4.91284e-15 151.204 -75.0455 
-97.9798 48.0792 160.806 -4.89905e-15 151.115 -75.1001 
-97.7996 48.1356 160.838 -4.88537e-15 151.027 -75.1558 
-97.6183 48.192 160.87 -3.16666e-14 150.938 -75.2123 
-97.4361 48.2484 160.902 2.18624e-14 150.85 -75.2699 
-97.2529 48.3048 160.934 4.84495e-15 150.762 -75.3284 
-97.0687 48.3613 160.965 4.83168e-15 150.674 -75.3879 
-96.8835 48.4178 160.997 -1.20463e-14 150.586 -75.4484 
-96.6974 48.4743 161.028 7.20819e-15 150.498 -75.5099 
-96.5103 48.5308 161.059 2.8755e-14 150.41 -75.5724 
-96.3221 48.5874 161.09 -3.10677e-14 150.323 -75.6358 
-96.133 48.6439 161.121 -2.86014e-14 150.235 -75.7003 
-95.9429 48.7005 161.152 -1.18856e-14 150.148 -75.7658 
-95.7517 48.757 161.182 4.74169e-15 150.061 -75.8322 
-95.5596 48.8136 161.212 9.45848e-15 149.974 -75.8997 
-95.3665 48.8701 161.243 2.59429e-14 149.887 -75.9682 
-95.1723 48.9267 161.273 -0 149.801 -76.0377 
-94.9771 48.9832 161.303 7.03873e-15 149.714 -76.1082 
-94.7809 49.0397 161.332 2.34021e-15 149.628 -76.1797 
-94.5837 49.0961 161.362 1.16712e-14 149.542 -76.2523 
-94.3854 49.1525 161.391 -1.16415e-14 149.456 -76.3259 
-94.1861 49.2089 161.421 -6.96728e-15 149.37 -76.4005 
-93.9858 49.2653 161.45 4.63319e-15 149.285 -76.4762 
-93.7844 49.3216 161.479 -1.73311e-14 149.2 -76.5529 
-93.582 49.3779 161.507 1.15254e-15 149.115 -76.6306 
-93.3785 49.4341 161.536 -1.60958e-14 149.03 -76.7094 
-93.174 49.4902 161.564 2.06438e-14 148.945 -76.7892 
-92.9685 49.5463 161.593 -2.28816e-15 148.861 -76.8701 
-92.7619 49.6023 161.621 1.59784e-14 148.777 -76.9521 
-92.5542 49.6582 161.649 6.83138e-15 148.693 -77.0351 
-92.3455 49.7141 161.676 1.36301e-14 148.61 -77.1191 
-92.1357 49.7699 161.704 1.92634e-14 148.526 -77.2042 
-91.9249 49.8256 161.731 -1.58265e-14 148.443 -77.2904 
-91.7129 49.8812 161.759 -6.76686e-15 148.36 -77.3777 
-91.4999 49.9366 161.786 2.81295e-15 148.278 -77.466 
-91.2859 49.992 161.812 -2.18902e-14 148.196 -77.5554 
-91.0708 50.0473 161.839 -9.51992e-15 148.114 -77.6458 
-90.8546 50.1025 161.866 1.03362e-14 148.032 -77.7374 
-90.6373 50.1575 161.892 1.97894e-14 147.95 -77.83 
-90.4189 50.2124 161.918 1.11238e-15 147.869 -77.9237 
-90.1995 50.2672 161.944 -3.32967e-15 147.789 -78.0184 
-89.979 50.3219 161.97 -1.87743e-14 147.708 -78.1143 
-89.7574 50.3764 161.996 -0 147.628 -78.2112 
-89.5347 50.4307 162.021 1.15768e-14 147.548 -78.3093 
-89.3109 50.485 162.046 9.62636e-15 147.469 -78.4084 
-89.086 50.539 162.072 7.13556e-15 147.389 -78.5086 
-88.8601 50.5929 162.096 -5.47712e-16 147.311 -78.6098 
-88.6331 50.6466 162.121 8.1982e-15 147.232 -78.7122 
-88.4049 50.7001 162.146 -6.54471e-15 147.154 -78.8157 
-88.1757 50.7535 162.17 1.0885e-15 147.076 -78.9202 
-87.9454 50.8066 162.194 7.60365e-15 146.999 -79.0259 
-87.714 50.8596 162.218 -1.08399e-14 146.922 -79.1326 
-87.4815 50.9124 162.242 -1.08178e-14 146.846 -79.2404 
-87.2479 50.9649 162.266 -7.55705e-15 146.769 -79.3493 
-87.0133 51.0173 162.289 2.15481e-15 146.694 -79.4593 
-86.7775 51.0694 162.312 -1.07525e-14 146.618 -79.5704 
-86.5407 51.1213 162.336 -3.21937e-15 146.543 -79.6826 
-86.3027 51.173 162.358 -8.56812e-15 146.469 -79.7959 
-86.0637 51.2244 162.381 3.20679e-15 146.395 -79.9102 
-85.8236 51.2756 162.404 4.26746e-15 146.321 -80.0257 
-85.5824 51.3265 162.426 9.58342e-15 146.248 -80.1422 
-85.3401 51.3772 162.448 6.37683e-15 146.175 -80.2598 
-85.0967 51.4276 162.47 -1.06081e-14 146.103 -80.3785 
-84.8523 51.4778 162.492 4.23532e-15 146.031 -80.4983 
-84.6067 51.5276 162.513 1.47963e-14 145.959 -80.6192 
-84.3601 51.5772 162.534 4.21978e-15 145.888 -80.7411 
-84.1124 51.6265 162.556 -1.05303e-14 145.818 -80.8641 
-83.8637 51.6755 162.577 -1.68183e-14 145.748 -80.9882 
-83.6138 51.7242 162.597 -6.29567e-15 145.679 -81.1134 
-83.3629 51.7726 162.618 -2.09487e-15 145.61 -81.2396 
-83.111 51.8207 162.638 8.36488e-15 145.541 -81.3669 
-82.8579 51.8685 162.658 1.46133e-14 145.473 -81.4953 
-82.6038 51.9159 162.678 -2.08405e-15 145.406 -81.6247 
-82.3487 51.963 162.698 -2.08054e-15 145.339 -81.7552 
-82.0925 52.0098 162.718 -2.07706e-15 145.273 -81.8868 
-81.8352 52.0562 162.737 1.45154e-14 145.207 -82.0194 
-81.5769 52.1022 162.756 1.24215e-14 145.142 -82.153 
-81.3176 52.1479 162.775 -4.13379e-15 145.077 -82.2877 
-81.0572 52.1932 162.794 1.44452e-14 145.013 -82.4234 
-80.7958 52.2382 162.812 1.03017e-14 144.95 -82.5601 
-80.5333 52.2828 162.831 4.11423e-15 144.887 -82.6979 
-80.2698 52.327 162.849 -8.21576e-15 144.824 -82.8367 
-80.0054 52.3707 162.867 -8.20323e-15 144.763 -82.9765 
-79.7399 52.4141 162.884 1.63817e-14 144.702 -83.1174 
-79.4734 52.4571 162.902 -0 144.641 -83.2592 
-79.2059 52.4997 162.919 -1.63333e-14 144.581 -83.402 
-78.9374 52.5418 162.936 4.07741e-15 144.522 -83.5459 
-78.6679 52.5836 162.953 -8.14314e-15 144.463 -83.6907 
-78.3974 52.6249 162.97 1.62633e-14 144.406 -83.8365 
-78.126 52.6657 162.986 -1.62406e-14 144.348 -83.9832 
-77.8535 52.7061 163.002 -1.21637e-14 144.292 -84.131 
-77.5802 52.7461 163.018 -8.09811e-15 144.236 -84.2797 
-77.3058 52.7856 163.034 -8.08728e-15 144.18 -84.4294 
-77.0306 52.8246 163.05 -1.21149e-14 144.126 -84.58 
-76.7544 52.8632 163.065 -1.20992e-14 144.072 -84.7315 
-76.4772 52.9012 163.08 -8.05579e-15 144.019 -84.884 
-76.1992 52.9388 163.095 -4.02282e-15 143.966 -85.0374 
-75.9202 52.9759 163.11 1.60713e-14 143.914 -85.1917 
-75.6403 53.0125 163.124 4.01291e-15 143.863 -85.3469 
-75.3595 53.0486 163.139 -1.20242e-14 143.813 -85.503 
-75.0779 53.0842 163.153 8.00668e-15 143.763 -85.66 
-74.7953 53.1193 163.167 1.59947e-14 143.714 -85.8179 
-74.5119 53.1538 163.18 -1.19823e-14 143.666 -85.9766 
-74.2277 53.1879 163.194 -3.98961e-15 143.618 -86.1362 
-73.9426 53.2214 163.207 -0 143.572 -86.2966 
-73.6566 53.2543 163.22 -3.98088e-15 143.526 -86.4579 
-73.3698 53.2867 163.233 -7.95328e-15 143.481 -86.62 
-73.0823 53.3186 163.245 3.97248e-15 143.436 -86.7829 
-72.7939 53.3499 163.258 -7.93682e-15 143.392 -86.9467 
-72.5047 53.3806 163.27 -1.18933e-14 143.35 -87.1112 
-72.2147 53.4108 163.282 -3.96052e-15 143.308 -87.2765 
-71.924 53.4404 163.293 -7.91339e-15 143.266 -87.4425 
-71.6325 53.4694 163.305 -1.58118e-14 143.226 -87.6093 
-71.3403 53.4978 163.316 -7.8986e-15 143.186 -87.7769 
-71.0473 53.5256 163.327 3.94573e-15 143.147 -87.9452 
-70.7536 53.5529 163.338 7.88448e-15 143.109 -88.1142 
-70.4592 53.5795 163.348 -3.93884e-15 143.072 -88.284 
-70.1641 53.6055 163.359 -1.18065e-14 143.036 -88.4544 
-69.8684 53.631 163.369 -3.93228e-15 143 -88.6255 
-69.5719 53.6558 163.379 3.92912e-15 142.966 -88.7972 
-69.2748 53.6799 163.388 -0 142.932 -88.9697 
-68.9771 53.7035 163.398 -1.56923e-14 142.899 -89.1427 
-68.6788 53.7264 163.407 3.92016e-15 142.867 -89.3164 
-68.3798 53.7487 163.416 -3.91734e-15 142.836 -89.4907 
-68.0802 53.7704 163.425 -0 142.805 -89.6656 
-67.7801 53.7914 163.433 -0 142.776 -89.8411 
-67.4794 53.8117 163.441 -1.56375e-14 142.747 -90.0171 
-67.1781 53.8314 163.449 -0 142.719 -90.1937 
-66.8763 53.8505 163.457 -7.80896e-15 142.692 -90.3709 
-66.574 53.8689 163.465 -7.80432e-15 142.666 -90.5485 
-66.2711 53.8866 163.472 -7.79984e-15 142.641 -90.7267 
-65.9678 53.9037 163.479 -0 142.617 -90.9054 
-65.664 53.92 163.486 -0 142.594 -91.0845 
-65.3597 53.9358 163.493 -7.78741e-15 142.571 -91.2641 
-65.055 53.9508 163.499 -0 142.55 -91.4441 
-64.7499 53.9651 163.505 -0 142.529 -91.6246 
-64.4444 53.9788 163.511 7.77648e-15 142.51 -91.8055 
-64.1384 53.9918 163.517 -7.77317e-15 142.491 -91.9867 
-63.8321 54.0041 163.523 -1.55401e-14 142.473 -92.1684 
-63.5255 54.0157 163.528 -7.76705e-15 142.456 -92.3504 
-63.2184 54.0266 163.533 -7.76424e-15 142.44 -92.5327 
-62.9111 54.0367 163.538 -0 142.425 -92.7154 
-62.6035 54.0462 163.542 -0 142.411 -92.8984 
-62.2955 54.055 163.547 -0 142.398 -93.0816 
-61.9873 54.0631 163.551 -7.75467e-15 142.386 -93.2652 
-61.6788 54.0705 163.555 7.75269e-15 142.375 -93.449 
-61.3701 54.0772 163.558 7.75088e-15 142.364 -93.633 
-61.0612 54.0831 163.562 7.74924e-15 142.355 -93.8173 
-60.752 54.0884 163.565 7.74776e-15 142.347 -94.0018 
-60.4427 54.0929 163.568 -0 142.339 -94.1864 
-60.1332 54.0967 163.571 -0 142.333 -94.3712 
-59.8236 54.0998 163.573 7.74433e-15 142.327 -94.5562 
-59.5138 54.1022 163.575 -0 142.322 -94.7413 
-59.2039 54.1038 163.577 -0 142.319 -94.9265 
-58.894 54.1048 163.579 -7.74241e-15 142.316 -95.1118 
-58.5839 54.105 163.581 -7.7421e-15 142.314 -95.2972 
-58.2738 54.1045 163.582 -7.74196e-15 142.314 -95.4827 
-57.9636 54.1032 163.583 -7.74199e-15 142.314 -95.6682 
-57.6534 54.1013 163.584 -0 142.315 -95.8537 
-57.3433 54.0986 163.584 -7.74255e-15 142.317 -96.0392 
-57.0331 54.0952 163.585 -0 142.32 -96.2247 
-56.7229 54.0911 163.585 -7.74377e-15 142.324 -96.4102 
-56.4128 54.0863 163.585 -0 142.329 -96.5956 
-56.1028 54.0807 163.585 -0 142.335 -96.781 
-55.7929 54.0744 163.584 -0 142.342 -96.9663 
-55.483 54.0674 163.583 -0 142.349 -97.1514 
-55.1733 54.0597 163.582 -7.74977e-15 142.358 -97.3365 
-54.8637 54.0513 163.581 -0 142.368 -97.5214 
-54.5543 54.0421 163.579 -7.75335e-15 142.379 -97.7061 
-54.2451 54.0323 163.578 -0 142.39 -97.8907 
-53.936 54.0217 163.576 -0 142.403 -98.0751 
-53.6272 54.0104 163.573 7.75997e-15 142.416 -98.2593 
-53.3186 53.9984 163.571 -7.76252e-15 142.431 -98.4432 
-53.0102 53.9857 163.568 -7.76523e-15 142.446 -98.6269 
-52.7021 53.9722 163.565 -0 142.462 -98.8103 
-52.3943 53.9581 163.562 -7.77116e-15 142.48 -98.9935 
-52.0868 53.9433 163.559 -7.77438e-15 142.498 -99.1763 
-51.7796 53.9278 163.555 7.77776e-15 142.517 -99.3589 
-51.4727 53.9115 163.551 -0 142.537 -99.5411 
-51.1662 53.8946 163.547 -0 142.558 -99.7229 
-50.86 53.877 163.543 -0 142.58 -99.9044 
-50.5543 53.8587 163.538 -0 142.603 -100.086 
-50.2489 53.8397 163.534 -0 142.627 -100.266 
-49.944 53.82 163.529 -0 142.651 -100.446 
-49.6394 53.7997 163.523 -0 142.677 -100.626 
-49.3354 53.7787 163.518 1.56219e-14 142.703 -100.806 
-49.0318 53.757 163.512 -0 142.731 -100.985 
-48.7287 53.7346 163.506 -1.56419e-14 142.759 -101.163 
-48.426 53.7116 163.5 -7.82619e-15 142.788 -101.341 
-48.1239 53.6879 163.494 -0 142.819 -101.518 
-47.8224 53.6635 163.487 -7.8372e-15 142.85 -101.695 
-47.5213 53.6385 163.48 -1.56859e-14 142.881 -101.872 
-47.2208 53.6128 163.473 -0 142.914 -102.048 
-46.9209 53.5865 163.466 -0 142.948 -102.223 
-46.6216 53.5596 163.458 -0 142.982 -102.397 
-46.3229 53.532 163.45 -0 143.018 -102.571 
-46.0248 53.5038 163.442 -0 143.054 -102.745 
-45.7274 53.4749 163.434 7.88111e-15 143.091 -102.918 
-45.4306 53.4455 163.426 -7.88807e-15 143.129 -103.09 
-45.1344 53.4154 163.417 -0 143.168 -103.261 
-44.8389 53.3847 163.408 -7.90249e-15 143.207 -103.432 
-44.5441 53.3534 163.399 -0 143.248 -103.602 
-44.2501 53.3215 163.389 -0 143.289 -103.772 
-43.9567 53.289 163.38 -7.92542e-15 143.331 -103.94 
-43.664 53.2559 163.37 7.93341e-15 143.374 -104.108 
-43.3721 53.2222 163.36 -0 143.418 -104.276 
