-90.6093 43.1452 157.48 -1.63751e-14 159.374 -99.9111 
-90.6083 43.1454 157.481 1.5535e-14 159.374 -99.9108 
-90.6068 43.1457 157.481 8.81681e-15 159.373 -99.9103 
-90.6046 43.1461 157.482 -3.23266e-14 159.372 -99.9096 
-90.6018 43.1467 157.483 -7.55636e-15 159.37 -99.9086 
-90.5984 43.1473 157.484 -1.25929e-15 159.369 -99.9075 
-90.5943 43.1481 157.485 3.7775e-15 159.367 -99.9062 
-90.5896 43.149 157.487 5.0361e-15 159.364 -99.9047 
-90.5843 43.15 157.489 -6.00058e-14 159.361 -99.9029 
-90.5784 43.1512 157.491 1.09086e-14 159.358 -99.901 
-90.5718 43.1525 157.493 1.21654e-14 159.355 -99.8988 
-90.5646 43.1539 157.495 -2.89401e-14 159.351 -99.8965 
-90.5568 43.1554 157.498 3.31281e-14 159.347 -99.894 
-90.5484 43.157 157.5 -2.01244e-14 159.343 -99.8912 
-90.5393 43.1588 157.503 -7.54501e-15 159.338 -99.8883 
-90.5296 43.1606 157.506 5.07074e-14 159.333 -99.8851 
-90.5193 43.1627 157.51 -4.9438e-14 159.328 -99.8818 
-90.5083 43.1648 157.513 -8.37712e-16 159.322 -99.8782 
-90.4968 43.167 157.517 1.54934e-14 159.316 -99.8745 
-90.4845 43.1694 157.521 1.92564e-14 159.31 -99.8705 
-90.4717 43.1719 157.525 1.54841e-14 159.303 -99.8664 
-90.4582 43.1745 157.53 -4.81107e-14 159.296 -99.8621 
-90.4441 43.1772 157.534 5.43677e-15 159.289 -99.8576 
-90.4293 43.1801 157.539 1.33781e-14 159.281 -99.8528 
-90.4139 43.1831 157.544 -2.21494e-14 159.273 -99.8479 
-90.3979 43.1862 157.549 1.50391e-14 159.265 -99.8428 
-90.3812 43.1894 157.554 -8.35176e-16 159.256 -99.8375 
-90.3639 43.1927 157.56 -1.52357e-14 159.247 -99.8321 
-90.346 43.1962 157.566 -4.48532e-14 159.238 -99.8264 
-90.3274 43.1998 157.572 5.42171e-15 159.228 -99.8205 
-90.3082 43.2035 157.578 5.83611e-15 159.219 -99.8145 
-90.2883 43.2074 157.584 3.79169e-14 159.208 -99.8083 
-90.2678 43.2113 157.591 -9.57876e-15 159.198 -99.8019 
-90.2466 43.2154 157.598 -2.68488e-14 159.187 -99.7953 
-90.2248 43.2196 157.605 4.65972e-14 159.176 -99.7885 
-90.2023 43.224 157.612 2.66129e-14 159.164 -99.7816 
-90.1792 43.2284 157.619 -1.61045e-14 159.152 -99.7745 
-90.1554 43.233 157.627 3.49949e-14 159.14 -99.7672 
-90.131 43.2378 157.634 2.93706e-14 159.128 -99.7597 
-90.1059 43.2426 157.642 -2.51008e-14 159.115 -99.752 
-90.0802 43.2476 157.651 2.12503e-14 159.102 -99.7442 
-90.0538 43.2527 157.659 4.97262e-15 159.088 -99.7362 
-90.0267 43.2579 157.667 -6.08245e-15 159.075 -99.7281 
-89.999 43.2632 157.676 -9.48883e-15 159.061 -99.7198 
-89.9706 43.2687 157.685 1.70863e-14 159.046 -99.7113 
-89.9415 43.2743 157.694 6.0963e-15 159.031 -99.7027 
-89.9118 43.28 157.704 5.67909e-16 159.016 -99.6939 
-89.8814 43.2859 157.713 3.10584e-14 159.001 -99.6849 
-89.8503 43.2919 157.723 -3.87695e-14 158.985 -99.6758 
-89.8186 43.298 157.733 -2.40072e-14 158.969 -99.6666 
-89.7861 43.3042 157.743 -1.5032e-14 158.953 -99.6571 
-89.753 43.3106 157.753 1.52264e-14 158.936 -99.6476 
-89.7192 43.3171 157.764 -1.06914e-14 158.919 -99.6379 
-89.6848 43.3237 157.775 -5.13605e-15 158.902 -99.628 
-89.6496 43.3305 157.785 -3.0997e-14 158.884 -99.6181 
-89.6137 43.3374 157.797 2.62543e-14 158.866 -99.6079 
-89.5772 43.3444 157.808 -3.07414e-14 158.848 -99.5977 
-89.5399 43.3515 157.819 -2.33438e-14 158.829 -99.5873 
-89.502 43.3588 157.831 2.65974e-14 158.81 -99.5767 
-89.4633 43.3662 157.843 -1.83977e-14 158.791 -99.5661 
-89.424 43.3737 157.855 1.63391e-15 158.771 -99.5553 
-89.3839 43.3814 157.867 -3.9995e-14 158.752 -99.5444 
-89.3432 43.3892 157.879 2.24258e-14 158.731 -99.5334 
-89.3017 43.3972 157.892 2.60715e-14 158.711 -99.5222 
-89.2595 43.4052 157.905 -3.0117e-14 158.69 -99.511 
-89.2166 43.4134 157.918 -2.43961e-15 158.669 -99.4996 
-89.173 43.4218 157.931 4.06211e-15 158.647 -99.4881 
-89.1287 43.4302 157.944 -2.43489e-15 158.625 -99.4766 
-89.0836 43.4388 157.958 3.56765e-14 158.603 -99.4649 
-89.0378 43.4476 157.972 6.48015e-15 158.581 -99.4531 
-88.9912 43.4564 157.986 -3.88415e-14 158.558 -99.4412 
-88.944 43.4654 158 -7.27531e-15 158.535 -99.4293 
-88.896 43.4746 158.014 1.85732e-14 158.511 -99.4172 
-88.8472 43.4839 158.028 4.0334e-15 158.488 -99.4051 
-88.7977 43.4933 158.043 6.44656e-15 158.464 -99.3928 
-88.7475 43.5028 158.058 1.36842e-14 158.439 -99.3805 
-88.6965 43.5125 158.073 -1.68856e-14 158.415 -99.3682 
-88.6447 43.5223 158.088 1.36542e-14 158.389 -99.3557 
-88.5922 43.5323 158.104 -2.40688e-15 158.364 -99.3432 
-88.5389 43.5424 158.119 -4.08708e-14 158.338 -99.3306 
-88.4848 43.5526 158.135 8.00475e-16 158.313 -99.318 
-88.43 43.563 158.151 -7.99552e-15 158.286 -99.3053 
-88.3744 43.5735 158.167 1.11807e-14 158.26 -99.2925 
-88.318 43.5842 158.183 2.87165e-14 158.233 -99.2797 
-88.2608 43.595 158.2 1.59347e-15 158.205 -99.2669 
-88.2029 43.6059 158.216 -9.54931e-15 158.178 -99.254 
-88.1441 43.617 158.233 -1.43066e-14 158.15 -99.2411 
-88.0846 43.6282 158.25 7.93837e-15 158.122 -99.2281 
-88.0243 43.6395 158.267 -2.69571e-14 158.093 -99.2151 
-87.9631 43.651 158.284 -1.90048e-14 158.065 -99.2021 
-87.9012 43.6626 158.302 1.89808e-14 158.035 -99.1891 
-87.8384 43.6744 158.32 1.73769e-14 158.006 -99.1761 
-87.7748 43.6863 158.337 -3.15539e-14 157.976 -99.163 
-87.7104 43.6984 158.355 1.26052e-14 157.946 -99.15 
-87.6451 43.7106 158.374 1.25887e-14 157.916 -99.1369 
-87.5791 43.7229 158.392 -1.72867e-14 157.885 -99.1239 
-87.5121 43.7354 158.41 2.1972e-14 157.854 -99.1108 
-87.4444 43.748 158.429 -2.35099e-14 157.823 -99.0978 
-87.3758 43.7608 158.448 -1.56521e-14 157.791 -99.0848 
-87.3063 43.7737 158.467 3.28245e-14 157.759 -99.0718 
-87.236 43.7868 158.486 -1.56093e-15 157.727 -99.0588 
-87.1649 43.8 158.506 2.18227e-14 157.695 -99.0459 
-87.0928 43.8133 158.525 -3.11318e-15 157.662 -99.033 
-87.0199 43.8268 158.545 -2.17616e-14 157.629 -99.0202 
-86.9461 43.8405 158.564 -1.5522e-15 157.595 -99.0074 
-86.8714 43.8542 158.584 -4.64995e-15 157.561 -98.9947 
-86.7959 43.8682 158.605 -2.01208e-14 157.527 -98.982 
-86.7194 43.8822 158.625 1.23641e-14 157.493 -98.9694 
-86.6421 43.8964 158.645 1.54326e-14 157.458 -98.9568 
-86.5638 43.9108 158.666 -2.1574e-14 157.423 -98.9444 
-86.4846 43.9253 158.687 -0 157.388 -98.932 
-86.4046 43.94 158.708 1.84372e-14 157.352 -98.9197 
-86.3235 43.9548 158.729 3.68191e-14 157.317 -98.9075 
-86.2416 43.9697 158.75 -2.14454e-14 157.28 -98.8954 
-86.1587 43.9848 158.771 1.52949e-14 157.244 -98.8834 
-86.0749 44 158.793 -6.10862e-15 157.207 -98.8715 
-85.9902 44.0154 158.814 -1.82977e-14 157.17 -98.8598 
-85.9044 44.031 158.836 3.34939e-14 157.133 -98.8481 
-85.8178 44.0466 158.858 -1.52008e-14 157.095 -98.8366 
-85.7301 44.0625 158.88 2.42833e-14 157.057 -98.8253 
-85.6415 44.0784 158.903 1.51532e-14 157.019 -98.814 
-85.5519 44.0945 158.925 -0 156.98 -98.803 
-85.4613 44.1108 158.948 -1.20841e-14 156.942 -98.792 
-85.3698 44.1272 158.97 1.80972e-14 156.903 -98.7813 
-85.2772 44.1438 158.993 -3.01134e-15 156.863 -98.7707 
-85.1836 44.1605 159.016 -9.01942e-15 156.824 -98.7603 
-85.089 44.1773 159.039 1.20063e-14 156.784 -98.7501 
-84.9934 44.1943 159.062 1.49834e-14 156.743 -98.74 
-84.8968 44.2115 159.086 5.98352e-15 156.703 -98.7302 
-84.7991 44.2287 159.109 3.28551e-14 156.662 -98.7206 
-84.7004 44.2462 159.133 -1.49094e-14 156.621 -98.7112 
-84.6007 44.2637 159.157 -8.93072e-15 156.58 -98.702 
-84.4999 44.2815 159.18 -1.18877e-14 156.538 -98.693 
-84.398 44.2993 159.205 8.90078e-15 156.496 -98.6843 
-84.295 44.3173 159.229 5.92384e-15 156.454 -98.6758 
-84.191 44.3355 159.253 8.87068e-15 156.412 -98.6675 
-84.0859 44.3538 159.277 -2.95186e-14 156.369 -98.6596 
-83.9797 44.3722 159.302 -8.84043e-15 156.326 -98.6518 
-83.8724 44.3908 159.326 -8.82525e-15 156.283 -98.6444 
-83.764 44.4095 159.351 1.17467e-14 156.239 -98.6372 
-83.6544 44.4284 159.376 1.17264e-14 156.195 -98.6304 
-83.5438 44.4474 159.401 1.1706e-14 156.151 -98.6238 
-83.432 44.4666 159.426 -1.75284e-14 156.107 -98.6175 
-83.319 44.4858 159.451 2.33303e-14 156.063 -98.6116 
-83.2049 44.5053 159.477 -0 156.018 -98.6059 
-83.0897 44.5248 159.502 2.32482e-14 155.973 -98.6006 
-82.9733 44.5445 159.528 2.90089e-14 155.928 -98.5957 
-82.8557 44.5644 159.553 1.1583e-14 155.882 -98.591 
-82.7369 44.5844 159.579 4.04683e-14 155.836 -98.5868 
-82.6169 44.6045 159.605 3.46251e-14 155.79 -98.5829 
-82.4958 44.6247 159.631 5.76052e-15 155.744 -98.5794 
-82.3734 44.6451 159.657 -0 155.698 -98.5762 
-82.2498 44.6656 159.683 5.73982e-15 155.651 -98.5735 
-82.1249 44.6863 159.71 -1.14589e-14 155.604 -98.5711 
-81.9989 44.707 159.736 5.71908e-15 155.557 -98.5692 
-81.8715 44.728 159.762 1.14174e-14 155.51 -98.5677 
-81.743 44.749 159.789 -1.13966e-14 155.462 -98.5666 
-81.6131 44.7701 159.816 1.70637e-14 155.414 -98.566 
-81.482 44.7914 159.842 1.70326e-14 155.366 -98.5658 
-81.3496 44.8128 159.869 1.13342e-14 155.318 -98.566 
-81.2159 44.8344 159.896 5.65671e-15 155.27 -98.5667 
-81.0809 44.856 159.923 -0 155.221 -98.5679 
-80.9446 44.8778 159.95 -1.12718e-14 155.172 -98.5696 
-80.8069 44.8997 159.977 1.68765e-14 155.123 -98.5718 
-80.6679 44.9217 160.005 -2.80754e-14 155.074 -98.5745 
-80.5276 44.9439 160.032 1.12094e-14 155.024 -98.5777 
-80.3859 44.9661 160.059 1.67829e-14 154.975 -98.5815 
-80.2429 44.9884 160.087 -1.67517e-14 154.925 -98.5857 
-80.0984 45.0109 160.114 -0 154.875 -98.5905 
-79.9526 45.0335 160.142 -1.66894e-14 154.825 -98.5959 
-79.8054 45.0562 160.169 -1.11055e-14 154.774 -98.6019 
-79.6568 45.0789 160.197 1.10848e-14 154.724 -98.6084 
-79.5068 45.1018 160.225 -1.1064e-14 154.673 -98.6155 
-79.3553 45.1248 160.253 -5.52168e-15 154.622 -98.6232 
-79.2024 45.1479 160.281 -1.10227e-14 154.572 -98.6315 
-79.0481 45.171 160.309 -2.20041e-14 154.52 -98.6405 
-78.8923 45.1943 160.337 5.49071e-15 154.469 -98.65 
-78.735 45.2177 160.365 -5.48042e-15 154.418 -98.6602 
-78.5762 45.2411 160.393 -5.47015e-15 154.366 -98.6711 
-78.416 45.2646 160.421 2.18396e-14 154.315 -98.6826 
-78.2542 45.2882 160.449 -1.08993e-14 154.263 -98.6948 
-78.091 45.3119 160.477 1.08789e-14 154.211 -98.7077 
-77.9262 45.3357 160.506 -0 154.159 -98.7213 
-77.7598 45.3595 160.534 2.70953e-14 154.107 -98.7356 
-77.5919 45.3834 160.562 -1.62267e-14 154.054 -98.7506 
-77.4225 45.4073 160.591 1.07975e-14 154.002 -98.7664 
-77.2515 45.4314 160.619 -2.69433e-14 153.95 -98.7829 
-77.0789 45.4555 160.647 -0 153.897 -98.8001 
-76.9047 45.4796 160.676 2.14741e-14 153.845 -98.8182 
-76.7289 45.5038 160.704 5.3585e-15 153.792 -98.8369 
-76.5515 45.528 160.733 -0 153.739 -98.8565 
-76.3724 45.5523 160.761 5.33854e-15 153.686 -98.8769 
-76.1918 45.5766 160.79 1.59858e-14 153.634 -98.8981 
-76.0094 45.601 160.818 1.59561e-14 153.581 -98.9201 
-75.8254 45.6253 160.847 -0 153.528 -98.943 
-75.6398 45.6498 160.875 1.5897e-14 153.475 -98.9667 
-75.4524 45.6742 160.904 -0 153.422 -98.9912 
-75.2633 45.6986 160.932 -0 153.369 -99.0166 
-75.0726 45.7231 160.961 -5.26974e-15 153.316 -99.0429 
-74.8801 45.7476 160.989 -1.05201e-14 153.263 -99.0701 
-74.6863 45.772 161.018 5.25045e-15 153.21 -99.0982 
-74.4918 45.7963 161.046 5.24092e-15 153.158 -99.127 
-74.2966 45.8204 161.074 -0 153.105 -99.1565 
-74.1005 45.8445 161.102 1.04443e-14 153.053 -99.1869 
-73.9037 45.8684 161.13 3.12773e-14 153.001 -99.218 
-73.7062 45.8921 161.158 -1.04074e-14 152.95 -99.2498 
-73.5078 45.9157 161.185 -1.03893e-14 152.899 -99.2824 
-73.3087 45.9392 161.213 -0 152.848 -99.3158 
-73.1088 45.9625 161.24 -1.03535e-14 152.798 -99.35 
-72.9082 45.9857 161.267 3.10077e-14 152.747 -99.3849 
-72.7068 46.0087 161.294 -0 152.697 -99.4206 
-72.5047 46.0316 161.321 2.06023e-14 152.648 -99.4571 
-72.3017 46.0543 161.347 -0 152.598 -99.4943 
-72.098 46.0769 161.374 1.02672e-14 152.55 -99.5323 
-71.8936 46.0992 161.4 2.05008e-14 152.501 -99.571 
-71.6884 46.1214 161.426 -1.02338e-14 152.453 -99.6105 
-71.4824 46.1435 161.452 3.06524e-14 152.405 -99.6508 
-71.2757 46.1653 161.478 -2.04025e-14 152.357 -99.6918 
-71.0682 46.187 161.503 -1.01852e-14 152.31 -99.7336 
-70.86 46.2085 161.529 -1.01693e-14 152.263 -99.7761 
-70.651 46.2298 161.554 -1.01537e-14 152.216 -99.8194 
-70.4412 46.2509 161.579 -1.01381e-14 152.17 -99.8634 
-70.2307 46.2718 161.604 1.01228e-14 152.124 -99.9082 
-70.0195 46.2925 161.629 -2.02153e-14 152.079 -99.9538 
-69.8075 46.3129 161.653 1.00927e-14 152.034 -100 
-69.5948 46.3332 161.678 1.00778e-14 151.989 -100.047 
-69.3813 46.3533 161.702 -2.01264e-14 151.945 -100.095 
-69.1671 46.3732 161.726 -1.00488e-14 151.901 -100.143 
-68.9521 46.3928 161.75 -0 151.857 -100.193 
-68.7364 46.4122 161.774 -2.00407e-14 151.814 -100.243 
-68.5199 46.4314 161.797 -2.00128e-14 151.771 -100.293 
-68.3028 46.4504 161.821 -0 151.729 -100.345 
-68.0849 46.4691 161.844 -2.99372e-14 151.687 -100.397 
-67.8662 46.4876 161.867 -9.96566e-15 151.645 -100.45 
-67.6469 46.5058 161.89 -1.99048e-14 151.604 -100.504 
-67.4268 46.5238 161.913 -0 151.564 -100.558 
-67.206 46.5416 161.935 9.92648e-15 151.523 -100.613 
-66.9845 46.5591 161.958 9.91376e-15 151.483 -100.669 
-66.7623 46.5763 161.98 -2.97037e-14 151.444 -100.725 
-66.5393 46.5933 162.002 -9.88887e-15 151.405 -100.783 
-66.3157 46.61 162.024 -1.97534e-14 151.366 -100.841 
-66.0914 46.6265 162.045 -0 151.328 -100.899 
-65.8663 46.6426 162.067 9.85283e-15 151.291 -100.959 
-65.6406 46.6585 162.088 9.84117e-15 151.253 -101.019 
-65.4142 46.6742 162.109 9.82968e-15 151.217 -101.079 
-65.187 46.6895 162.13 -1.96367e-14 151.18 -101.141 
-64.9592 46.7045 162.151 -0 151.145 -101.203 
-64.7308 46.7193 162.171 9.79628e-15 151.109 -101.266 
-64.5016 46.7338 162.192 -0 151.075 -101.329 
-64.2718 46.7479 162.212 -0 151.04 -101.393 
-64.0413 46.7618 162.232 -2.92934e-14 151.006 -101.458 
-63.8101 46.7754 162.252 -1.95084e-14 150.973 -101.523 
-63.5783 46.7886 162.271 -9.74412e-15 150.94 -101.589 
-63.3459 46.8015 162.291 -9.73422e-15 150.908 -101.656 
-63.1127 46.8142 162.31 -1.9449e-14 150.876 -101.724 
-62.879 46.8265 162.329 1.94299e-14 150.844 -101.792 
-62.6446 46.8384 162.348 -0 150.813 -101.86 
-62.4096 46.8501 162.367 -1.93928e-14 150.783 -101.93 
-62.1739 46.8614 162.385 -0 150.753 -102 
-61.9377 46.8724 162.404 -0 150.724 -102.07 
-61.7008 46.883 162.422 9.66985e-15 150.695 -102.141 
-61.4633 46.8933 162.44 -1.93227e-14 150.667 -102.213 
-61.2252 46.9033 162.458 1.93061e-14 150.639 -102.286 
-60.9865 46.9129 162.475 9.64493e-15 150.612 -102.359 
-60.7472 46.9221 162.492 -9.63698e-15 150.585 -102.432 
-60.5073 46.931 162.51 -1.92584e-14 150.559 -102.506 
-60.2669 46.9396 162.527 -0 150.534 -102.581 
-60.0258 46.9478 162.543 -0 150.509 -102.656 
-59.7842 46.9556 162.56 2.88209e-14 150.484 -102.732 
-59.5421 46.963 162.576 -9.5999e-15 150.461 -102.809 
-59.2994 46.9701 162.593 9.59302e-15 150.437 -102.886 
-59.0561 46.9768 162.609 1.91726e-14 150.415 -102.963 
-58.8123 46.9831 162.624 9.5798e-15 150.392 -103.041 
-58.568 46.989 162.64 -0 150.371 -103.12 
-58.3232 46.9946 162.656 1.91346e-14 150.35 -103.199 
-58.0778 46.9998 162.671 -0 150.33 -103.279 
-57.8319 47.0045 162.686 -1.91111e-14 150.31 -103.359 
-57.5855 47.0089 162.701 9.54992e-15 150.291 -103.44 
-57.3387 47.0129 162.715 9.54449e-15 150.272 -103.521 
-57.0913 47.0165 162.73 -0 150.254 -103.602 
-56.8435 47.0196 162.744 -0 150.236 -103.685 
-56.5951 47.0224 162.758 -0 150.22 -103.767 
-56.3464 47.0248 162.772 9.52459e-15 150.204 -103.85 
-56.0971 47.0267 162.785 9.52007e-15 150.188 -103.934 
-55.8474 47.0282 162.799 9.51574e-15 150.173 -104.018 
-55.5973 47.0294 162.812 1.90232e-14 150.159 -104.102 
-55.3468 47.0301 162.825 -0 150.145 -104.187 
-55.0958 47.0303 162.838 9.50384e-15 150.132 -104.272 
-54.8444 47.0302 162.85 -0 150.119 -104.358 
-54.5926 47.0296 162.863 -9.49683e-15 150.108 -104.444 
-54.3404 47.0286 162.875 9.49361e-15 150.096 -104.531 
-54.0878 47.0272 162.887 9.49057e-15 150.086 -104.617 
-53.8349 47.0253 162.899 -9.48772e-15 150.076 -104.705 
-53.5816 47.023 162.91 -9.48505e-15 150.067 -104.792 
-53.3279 47.0202 162.922 9.48257e-15 150.058 -104.88 
-53.0738 47.0171 162.933 9.48028e-15 150.05 -104.969 
-52.8195 47.0134 162.944 9.47818e-15 150.043 -105.057 
-52.5647 47.0094 162.955 -9.47626e-15 150.036 -105.146 
-52.3097 47.0048 162.965 9.47454e-15 150.03 -105.236 
-52.0544 46.9999 162.975 -0 150.025 -105.325 
-51.7987 46.9944 162.986 -0 150.02 -105.415 
-51.5427 46.9886 162.996 9.4705e-15 150.016 -105.505 
-51.2865 46.9822 163.005 -0 150.013 -105.596 
-51.03 46.9754 163.015 -9.46875e-15 150.01 -105.687 
-50.7732 46.9682 163.024 -0 150.008 -105.778 
-50.5162 46.9605 163.033 9.46778e-15 150.006 -105.869 
-50.2589 46.9523 163.042 -9.46758e-15 150.006 -105.961 
-50.0014 46.9437 163.051 -0 150.006 -106.053 
-49.7437 46.9346 163.059 9.46775e-15 150.006 -106.145 
-49.4857 46.9251 163.067 -9.46813e-15 150.008 -106.237 
-49.2276 46.9151 163.075 -0 150.01 -106.329 
-48.9692 46.9046 163.083 -0 150.012 -106.422 
-48.7107 46.8937 163.091 -9.47044e-15 150.016 -106.515 
-48.452 46.8822 163.098 -0 150.02 -106.608 
-48.1931 46.8704 163.105 9.47295e-15 150.024 -106.701 
-47.9341 46.858 163.112 9.4745e-15 150.03 -106.794 
-47.6749 46.8452 163.119 -0 150.036 -106.888 
-47.4156 46.8319 163.125 -0 150.043 -106.981 
-47.1562 46.8181 163.132 -9.48034e-15 150.05 -107.075 
-46.8967 46.8039 163.138 -0 150.058 -107.169 
-46.6371 46.7891 163.144 -0 150.067 -107.263 
-46.3774 46.774 163.149 -9.48796e-15 150.077 -107.357 
-46.1176 46.7583 163.155 1.89818e-14 150.087 -107.451 
-45.8577 46.7422 163.16 -0 150.098 -107.545 
-45.5978 46.7256 163.165 -0 150.109 -107.639 
-45.3378 46.7085 163.17 -1.90019e-14 150.122 -107.733 
-45.0778 46.6909 163.174 9.50468e-15 150.135 -107.828 
-44.8177 46.6729 163.179 -0 150.148 -107.922 
-44.5577 46.6544 163.183 -0 150.163 -108.016 
-44.2976 46.6354 163.187 -9.51714e-15 150.178 -108.111 
-44.0376 46.6159 163.19 -0 150.194 -108.205 
-43.7776 46.596 163.194 -0 150.21 -108.299 
-43.5176 46.5756 163.197 9.53145e-15 150.227 -108.394 
