415.746 -219.621 920.636 -29.4889 178.867 -33.7508 
415.745 -219.617 920.636 -29.4888 178.867 -33.751 
415.745 -219.611 920.635 -29.4885 178.867 -33.7514 
415.744 -219.603 920.635 -29.488 178.867 -33.7507 
415.743 -219.591 920.633 -29.4875 178.867 -33.7514 
415.742 -219.577 920.632 -29.4868 178.867 -33.7511 
415.74 -219.562 920.631 -29.4861 178.867 -33.751 
415.738 -219.543 920.629 -29.4851 178.867 -33.751 
415.736 -219.522 920.628 -29.484 178.867 -33.751 
415.734 -219.498 920.626 -29.4828 178.867 -33.7513 
415.732 -219.472 920.623 -29.4817 178.867 -33.7508 
415.729 -219.444 920.621 -29.48 178.867 -33.7511 
415.726 -219.412 920.619 -29.4786 178.867 -33.7508 
415.723 -219.379 920.615 -29.477 178.867 -33.7506 
415.719 -219.343 920.612 -29.4752 178.867 -33.7515 
415.715 -219.305 920.609 -29.4733 178.867 -33.7504 
415.711 -219.264 920.606 -29.4713 178.867 -33.7507 
415.707 -219.221 920.602 -29.4693 178.867 -33.751 
415.703 -219.175 920.599 -29.4668 178.867 -33.7513 
415.698 -219.127 920.595 -29.4644 178.867 -33.7508 
415.693 -219.076 920.59 -29.462 178.867 -33.7507 
415.688 -219.022 920.585 -29.4593 178.867 -33.7514 
415.683 -218.967 920.581 -29.4565 178.867 -33.7513 
415.677 -218.909 920.576 -29.4538 178.867 -33.7515 
415.671 -218.848 920.571 -29.4507 178.867 -33.7508 
415.665 -218.785 920.565 -29.4477 178.867 -33.7511 
415.659 -218.719 920.56 -29.4443 178.867 -33.7505 
415.652 -218.651 920.554 -29.4409 178.867 -33.7511 
415.645 -218.581 920.548 -29.4375 178.867 -33.7508 
415.638 -218.508 920.542 -29.4338 178.867 -33.7507 
415.631 -218.432 920.536 -29.43 178.867 -33.7506 
415.623 -218.354 920.529 -29.4262 178.867 -33.7509 
415.616 -218.273 920.522 -29.4222 178.867 -33.7511 
415.607 -218.19 920.515 -29.4182 178.867 -33.7507 
415.599 -218.105 920.508 -29.4139 178.867 -33.7511 
415.591 -218.017 920.501 -29.4095 178.867 -33.7507 
415.582 -217.927 920.493 -29.405 178.867 -33.7505 
415.573 -217.834 920.485 -29.4005 178.867 -33.7506 
415.564 -217.738 920.477 -29.3956 178.867 -33.7505 
415.554 -217.641 920.469 -29.3909 178.867 -33.7508 
415.545 -217.54 920.46 -29.386 178.867 -33.7512 
415.534 -217.438 920.451 -29.3809 178.867 -33.7507 
415.524 -217.332 920.442 -29.3757 178.867 -33.7513 
415.514 -217.224 920.434 -29.3702 178.867 -33.751 
415.503 -217.115 920.424 -29.3649 178.867 -33.7509 
415.492 -217.002 920.415 -29.3593 178.867 -33.7509 
415.481 -216.887 920.405 -29.3536 178.867 -33.7511 
415.47 -216.769 920.395 -29.3477 178.867 -33.7513 
415.458 -216.649 920.385 -29.3418 178.867 -33.7508 
415.446 -216.526 920.374 -29.3359 178.867 -33.7515 
415.434 -216.401 920.364 -29.3295 178.867 -33.751 
415.422 -216.273 920.353 -29.3231 178.867 -33.7508 
415.409 -216.143 920.342 -29.3167 178.867 -33.7508 
415.397 -216.011 920.331 -29.3102 178.867 -33.7509 
415.383 -215.876 920.32 -29.3035 178.867 -33.7512 
415.37 -215.739 920.309 -29.2966 178.867 -33.7504 
415.356 -215.599 920.296 -29.2899 178.867 -33.7512 
415.343 -215.456 920.284 -29.2827 178.867 -33.7507 
415.329 -215.311 920.272 -29.2756 178.867 -33.7505 
415.315 -215.164 920.259 -29.2683 178.867 -33.7505 
415.3 -215.014 920.247 -29.2608 178.867 -33.7506 
415.285 -214.862 920.234 -29.2534 178.867 -33.7508 
415.27 -214.707 920.221 -29.2457 178.867 -33.7512 
415.255 -214.55 920.208 -29.2378 178.867 -33.7506 
415.239 -214.39 920.195 -29.2299 178.867 -33.7512 
415.224 -214.228 920.181 -29.2219 178.867 -33.751 
415.208 -214.063 920.167 -29.2137 178.867 -33.751 
415.192 -213.896 920.152 -29.2057 178.867 -33.7511 
415.175 -213.726 920.139 -29.1971 178.867 -33.7511 
415.159 -213.554 920.124 -29.1886 178.867 -33.7505 
415.142 -213.38 920.109 -29.1799 178.867 -33.7509 
415.125 -213.202 920.094 -29.1712 178.867 -33.7507 
415.107 -213.023 920.079 -29.1624 178.867 -33.7515 
415.09 -212.841 920.064 -29.1531 178.867 -33.7511 
415.072 -212.656 920.048 -29.1441 178.867 -33.7513 
415.053 -212.47 920.032 -29.1349 178.867 -33.7505 
415.035 -212.28 920.016 -29.1256 178.867 -33.7509 
415.017 -212.088 920 -29.116 178.867 -33.7514 
414.998 -211.893 919.984 -29.1062 178.867 -33.7508 
414.979 -211.697 919.967 -29.0966 178.867 -33.7507 
414.959 -211.497 919.95 -29.0869 178.867 -33.7507 
414.94 -211.295 919.933 -29.0769 178.867 -33.7508 
414.92 -211.091 919.916 -29.0667 178.867 -33.7509 
414.9 -210.884 919.898 -29.0563 178.867 -33.7512 
414.88 -210.675 919.881 -29.046 178.867 -33.7507 
414.859 -210.463 919.863 -29.0356 178.867 -33.7514 
414.838 -210.249 919.845 -29.025 178.867 -33.7512 
414.818 -210.033 919.827 -29.0143 178.867 -33.7511 
414.796 -209.813 919.808 -29.0033 178.867 -33.7511 
414.775 -209.592 919.79 -28.9923 178.867 -33.7513 
414.753 -209.368 919.77 -28.9815 178.867 -33.7509 
414.731 -209.141 919.751 -28.9701 178.867 -33.7514 
414.709 -208.911 919.732 -28.9587 178.867 -33.7511 
414.687 -208.68 919.712 -28.9474 178.867 -33.751 
414.664 -208.446 919.692 -28.9357 178.867 -33.7509 
414.641 -208.209 919.673 -28.9238 178.867 -33.7508 
414.618 -207.971 919.653 -28.9121 178.867 -33.7512 
414.594 -207.729 919.632 -28.9004 178.867 -33.7508 
414.571 -207.486 919.612 -28.8881 178.867 -33.7513 
414.547 -207.239 919.591 -28.8758 178.867 -33.7509 
414.523 -206.99 919.57 -28.8635 178.867 -33.7508 
414.499 -206.738 919.549 -28.8512 178.867 -33.751 
414.474 -206.485 919.527 -28.8386 178.867 -33.7511 
414.449 -206.228 919.506 -28.8259 178.867 -33.7506 
414.424 -205.97 919.483 -28.8133 178.867 -33.7512 
414.399 -205.708 919.462 -28.8001 178.867 -33.7507 
414.373 -205.444 919.44 -28.787 178.867 -33.7504 
414.348 -205.178 919.417 -28.7738 178.867 -33.7504 
414.322 -204.909 919.394 -28.7606 178.867 -33.7507 
414.295 -204.638 919.371 -28.7472 178.867 -33.7509 
414.269 -204.364 919.349 -28.7334 178.867 -33.7512 
414.242 -204.088 919.325 -28.7199 178.867 -33.751 
414.215 -203.81 919.301 -28.7062 178.867 -33.7508 
414.188 -203.529 919.278 -28.6921 178.867 -33.7506 
414.16 -203.245 919.254 -28.6782 178.867 -33.7508 
414.133 -202.959 919.23 -28.6641 178.867 -33.7511 
414.105 -202.671 919.205 -28.6497 178.867 -33.7513 
414.077 -202.38 919.181 -28.6354 178.867 -33.751 
414.048 -202.086 919.156 -28.6209 178.867 -33.7508 
414.02 -201.79 919.131 -28.6063 178.867 -33.7508 
413.991 -201.492 919.106 -28.5915 178.867 -33.7508 
413.962 -201.19 919.08 -28.5765 178.867 -33.751 
413.932 -200.887 919.054 -28.5615 178.867 -33.7514 
413.903 -200.582 919.029 -28.5463 178.867 -33.7508 
413.873 -200.273 919.003 -28.5309 178.867 -33.7505 
413.843 -199.962 918.977 -28.5157 178.867 -33.7515 
413.812 -199.649 918.95 -28.5002 178.867 -33.7506 
413.782 -199.333 918.924 -28.4845 178.867 -33.7507 
413.751 -199.015 918.897 -28.4688 178.867 -33.7511 
413.72 -198.694 918.869 -28.4531 178.867 -33.7508 
413.689 -198.371 918.842 -28.4368 178.867 -33.7514 
413.657 -198.046 918.815 -28.4207 178.867 -33.7512 
413.625 -197.717 918.787 -28.4045 178.867 -33.7513 
413.593 -197.387 918.759 -28.3881 178.867 -33.7505 
413.561 -197.053 918.731 -28.3717 178.867 -33.751 
413.529 -196.718 918.703 -28.3551 178.867 -33.7506 
413.496 -196.38 918.674 -28.3383 178.867 -33.7512 
413.463 -196.04 918.645 -28.3215 178.867 -33.7512 
413.43 -195.696 918.617 -28.3044 178.867 -33.7512 
413.396 -195.351 918.588 -28.2874 178.867 -33.7506 
413.363 -195.003 918.558 -28.2702 178.867 -33.751 
413.329 -194.653 918.529 -28.2527 178.867 -33.7505 
413.294 -194.3 918.499 -28.2353 178.867 -33.7513 
413.26 -193.944 918.468 -28.2179 178.867 -33.7515 
413.225 -193.587 918.438 -28.2 178.867 -33.7505 
413.191 -193.226 918.408 -28.1821 178.867 -33.7508 
413.155 -192.863 918.378 -28.1641 178.867 -33.7512 
413.12 -192.498 918.347 -28.1461 178.867 -33.751 
413.084 -192.13 918.316 -28.1279 178.867 -33.7509 
413.048 -191.76 918.284 -28.1095 178.867 -33.7508 
413.013 -191.387 918.253 -28.0911 178.867 -33.7511 
412.976 -191.012 918.221 -28.0725 178.867 -33.7505 
412.94 -190.634 918.189 -28.0537 178.867 -33.751 
412.903 -190.254 918.157 -28.0349 178.867 -33.7508 
412.866 -189.871 918.125 -28.0161 178.867 -33.7508 
412.828 -189.486 918.092 -27.9972 178.867 -33.7511 
412.791 -189.099 918.06 -27.9779 178.867 -33.7513 
412.753 -188.709 918.027 -27.9585 178.867 -33.7508 
412.715 -188.316 917.993 -27.939 178.867 -33.7505 
412.677 -187.921 917.961 -27.9193 178.867 -33.7512 
412.638 -187.523 917.927 -27.8998 178.867 -33.7504 
412.6 -187.124 917.893 -27.8803 178.867 -33.7509 
412.561 -186.721 917.859 -27.8599 178.867 -33.751 
412.522 -186.316 917.825 -27.84 178.867 -33.7508 
412.482 -185.908 917.791 -27.8196 178.867 -33.7504 
412.442 -185.499 917.756 -27.7994 178.867 -33.7504 
412.402 -185.087 917.721 -27.7792 178.867 -33.7509 
412.362 -184.672 917.686 -27.7585 178.867 -33.7512 
412.322 -184.254 917.65 -27.7382 178.867 -33.7512 
412.281 -183.835 917.615 -27.7172 178.867 -33.7507 
412.24 -183.412 917.58 -27.6963 178.867 -33.7507 
412.199 -182.987 917.544 -27.6751 178.867 -33.7508 
412.158 -182.56 917.508 -27.6538 178.867 -33.7511 
412.116 -182.13 917.472 -27.6327 178.867 -33.7508 
412.074 -181.699 917.435 -27.6114 178.867 -33.7506 
412.032 -181.264 917.398 -27.5899 178.867 -33.7507 
411.99 -180.826 917.362 -27.5682 178.867 -33.7508 
411.948 -180.387 917.325 -27.5464 178.867 -33.7511 
411.905 -179.945 917.287 -27.5247 178.867 -33.7509 
411.862 -179.5 917.25 -27.5025 178.867 -33.7505 
411.818 -179.053 917.212 -27.4805 178.867 -33.7507 
411.775 -178.604 917.174 -27.4584 178.867 -33.7509 
411.731 -178.151 917.136 -27.436 178.867 -33.7514 
411.687 -177.698 917.098 -27.4132 178.867 -33.7507 
411.643 -177.241 917.059 -27.3909 178.867 -33.7508 
411.598 -176.781 917.02 -27.3681 178.867 -33.7508 
411.554 -176.319 916.981 -27.3452 178.867 -33.751 
411.509 -175.855 916.942 -27.3221 178.867 -33.7513 
411.464 -175.388 916.903 -27.2988 178.867 -33.7509 
411.418 -174.919 916.863 -27.2759 178.867 -33.751 
411.372 -174.447 916.823 -27.2524 178.867 -33.7509 
411.327 -173.972 916.783 -27.2287 178.867 -33.751 
411.28 -173.495 916.743 -27.2052 178.867 -33.7507 
411.234 -173.016 916.702 -27.1813 178.867 -33.7502 
411.187 -172.535 916.662 -27.1577 178.867 -33.7504 
411.14 -172.051 916.62 -27.134 178.867 -33.7507 
411.093 -171.564 916.58 -27.1097 178.867 -33.7509 
411.046 -171.075 916.539 -27.0853 178.867 -33.7503 
410.998 -170.583 916.497 -27.0612 178.867 -33.7514 
410.951 -170.089 916.455 -27.0365 178.867 -33.7512 
410.902 -169.594 916.413 -27.0122 178.867 -33.7506 
410.855 -169.098 916.371 -26.9876 178.867 -33.7508 
410.807 -168.603 916.33 -26.963 178.867 -33.7509 
410.759 -168.107 916.288 -26.9385 178.867 -33.7513 
410.711 -167.612 916.246 -26.9139 178.867 -33.7506 
410.663 -167.117 916.205 -26.8895 178.867 -33.7512 
410.615 -166.622 916.163 -26.865 178.867 -33.7507 
410.567 -166.126 916.121 -26.8406 178.867 -33.7514 
410.519 -165.631 916.079 -26.8162 178.867 -33.7511 
410.471 -165.136 916.037 -26.7915 178.867 -33.7507 
410.423 -164.64 915.995 -26.767 178.867 -33.7505 
410.375 -164.145 915.953 -26.7424 178.867 -33.7512 
410.327 -163.65 915.912 -26.7175 178.867 -33.7508 
410.279 -163.154 915.87 -26.693 178.867 -33.7507 
410.231 -162.659 915.828 -26.6687 178.867 -33.7509 
410.183 -162.164 915.787 -26.6443 178.867 -33.7511 
410.135 -161.668 915.745 -26.6196 178.867 -33.7511 
410.087 -161.173 915.702 -26.5957 178.867 -33.7508 
410.04 -160.678 915.661 -26.5706 178.867 -33.7506 
409.991 -160.183 915.619 -26.5464 178.867 -33.751 
409.944 -159.687 915.577 -26.5218 178.867 -33.7514 
409.896 -159.192 915.535 -26.4971 178.867 -33.7506 
409.848 -158.696 915.494 -26.4726 178.867 -33.7512 
409.8 -158.201 915.452 -26.4481 178.867 -33.7507 
409.752 -157.706 915.41 -26.4237 178.867 -33.7514 
409.704 -157.211 915.369 -26.3987 178.867 -33.7506 
409.656 -156.715 915.326 -26.3745 178.867 -33.7506 
409.608 -156.22 915.285 -26.35 178.867 -33.7504 
409.56 -155.725 915.243 -26.3254 178.867 -33.7511 
409.512 -155.229 915.201 -26.3005 178.867 -33.7507 
409.464 -154.734 915.159 -26.2765 178.867 -33.7511 
409.416 -154.239 915.117 -26.2517 178.867 -33.7508 
409.368 -153.743 915.076 -26.2272 178.867 -33.751 
409.32 -153.248 915.034 -26.2031 178.867 -33.7515 
409.272 -152.752 914.992 -26.1782 178.867 -33.7503 
409.224 -152.257 914.951 -26.1536 178.867 -33.7505 
409.176 -151.762 914.908 -26.1293 178.867 -33.751 
409.128 -151.266 914.867 -26.1043 178.867 -33.7509 
409.08 -150.771 914.825 -26.0802 178.867 -33.7507 
409.032 -150.276 914.783 -26.0558 178.867 -33.7514 
408.984 -149.78 914.741 -26.0313 178.867 -33.7508 
408.937 -149.285 914.7 -26.0064 178.867 -33.7501 
408.888 -148.79 914.658 -25.982 178.867 -33.7508 
408.84 -148.295 914.616 -25.9573 178.867 -33.7504 
408.793 -147.799 914.574 -25.9329 178.867 -33.7503 
408.745 -147.304 914.532 -25.9089 178.867 -33.7517 
408.697 -146.809 914.49 -25.8841 178.867 -33.7512 
408.649 -146.313 914.448 -25.8597 178.867 -33.7513 
408.601 -145.818 914.407 -25.835 178.867 -33.7511 
408.553 -145.323 914.365 -25.8101 178.867 -33.7508 
408.505 -144.827 914.323 -25.7855 178.867 -33.7508 
408.457 -144.332 914.281 -25.7612 178.867 -33.7503 
408.409 -143.837 914.24 -25.7368 178.867 -33.7506 
408.361 -143.341 914.198 -25.7121 178.867 -33.7508 
408.313 -142.846 914.156 -25.6879 178.867 -33.7504 
408.265 -142.351 914.114 -25.6634 178.867 -33.7508 
408.217 -141.855 914.072 -25.6391 178.867 -33.7516 
408.169 -141.36 914.03 -25.6142 178.867 -33.7506 
408.121 -140.865 913.989 -25.5895 178.867 -33.7501 
408.073 -140.37 913.947 -25.5652 178.867 -33.7509 
408.025 -139.874 913.905 -25.5407 178.867 -33.7506 
407.977 -139.379 913.863 -25.5166 178.867 -33.7508 
407.929 -138.883 913.822 -25.4916 178.867 -33.7512 
407.881 -138.388 913.78 -25.4669 178.867 -33.7509 
407.833 -137.893 913.738 -25.4427 178.867 -33.7511 
407.786 -137.397 913.696 -25.4176 178.867 -33.7506 
407.737 -136.902 913.654 -25.3936 178.867 -33.7511 
407.689 -136.407 913.612 -25.3692 178.867 -33.7514 
407.642 -135.911 913.57 -25.3446 178.867 -33.7505 
407.594 -135.416 913.529 -25.3199 178.867 -33.7505 
407.546 -134.92 913.487 -25.2954 178.867 -33.7508 
407.498 -134.425 913.445 -25.2708 178.867 -33.751 
407.45 -133.93 913.403 -25.2466 178.867 -33.7507 
407.402 -133.435 913.361 -25.222 178.867 -33.7511 
407.354 -132.94 913.32 -25.1974 178.867 -33.7505 
407.306 -132.444 913.278 -25.1724 178.867 -33.7506 
407.258 -131.949 913.236 -25.1484 178.867 -33.7507 
407.21 -131.453 913.195 -25.1236 178.867 -33.7501 
407.162 -130.958 913.153 -25.0992 178.867 -33.751 
407.114 -130.463 913.111 -25.0745 178.867 -33.7506 
407.066 -129.968 913.069 -25.0503 178.867 -33.7507 
407.018 -129.472 913.027 -25.0258 178.867 -33.7507 
406.97 -128.977 912.985 -25.0017 178.867 -33.7511 
406.922 -128.481 912.944 -24.9767 178.867 -33.7506 
406.874 -127.986 912.901 -24.9522 178.867 -33.7507 
406.826 -127.491 912.859 -24.928 178.867 -33.7512 
406.778 -126.995 912.818 -24.9036 178.867 -33.7515 
406.731 -126.5 912.776 -24.8783 178.867 -33.7509 
406.683 -126.005 912.734 -24.8541 178.867 -33.7505 
406.635 -125.51 912.692 -24.8297 178.867 -33.751 
406.587 -125.014 912.651 -24.8049 178.867 -33.7501 
406.539 -124.519 912.609 -24.7807 178.867 -33.7509 
406.491 -124.024 912.567 -24.7561 178.867 -33.7514 
406.443 -123.528 912.525 -24.732 178.867 -33.7514 
406.395 -123.033 912.484 -24.707 178.867 -33.7505 
406.347 -122.537 912.442 -24.6824 178.867 -33.7511 
406.299 -122.042 912.4 -24.6583 178.867 -33.7512 
406.251 -121.547 912.358 -24.6332 178.867 -33.7505 
406.203 -121.051 912.316 -24.6092 178.867 -33.7509 
406.155 -120.556 912.275 -24.5843 178.867 -33.7504 
406.107 -120.061 912.232 -24.56 178.867 -33.7505 
406.059 -119.565 912.191 -24.5351 178.867 -33.7503 
406.011 -119.07 912.149 -24.5109 178.867 -33.7507 
405.963 -118.575 912.107 -24.4863 178.867 -33.7508 
405.915 -118.08 912.065 -24.4617 178.867 -33.7508 
405.867 -117.584 912.024 -24.4366 178.867 -33.7505 
405.819 -117.089 911.982 -24.4127 178.867 -33.7504 
405.771 -116.594 911.94 -24.388 178.867 -33.7505 
405.723 -116.098 911.898 -24.3637 178.867 -33.7512 
405.675 -115.603 911.857 -24.339 178.867 -33.7505 
405.628 -115.107 911.815 -24.3142 178.867 -33.7507 
405.58 -114.612 911.773 -24.2905 178.867 -33.7511 
405.532 -114.117 911.731 -24.2651 178.867 -33.7499 
405.484 -113.622 911.689 -24.241 178.867 -33.7509 
405.436 -113.126 911.648 -24.2165 178.867 -33.7508 
405.388 -112.631 911.605 -24.1926 178.867 -33.7512 
405.34 -112.136 911.564 -24.167 178.867 -33.7498 
405.292 -111.64 911.522 -24.1424 178.867 -33.7507 
405.244 -111.145 911.481 -24.1178 178.867 -33.7506 
405.196 -110.65 911.438 -24.0936 178.867 -33.7509 
405.148 -110.154 911.396 -24.069 178.867 -33.7509 
405.1 -109.659 911.355 -24.0451 178.867 -33.7506 
405.052 -109.164 911.313 -24.0201 178.867 -33.7503 
405.004 -108.668 911.271 -23.9955 178.867 -33.7505 
404.956 -108.173 911.229 -23.9709 178.867 -33.7505 
404.908 -107.678 911.188 -23.9466 178.867 -33.7501 
404.86 -107.182 911.146 -23.9221 178.867 -33.7506 
404.812 -106.687 911.104 -23.8982 178.867 -33.7515 
404.764 -106.192 911.062 -23.873 178.867 -33.7504 
404.716 -105.697 911.021 -23.8486 178.867 -33.751 
404.668 -105.201 910.978 -23.8245 178.867 -33.751 
404.621 -104.705 910.937 -23.7994 178.867 -33.7501 
404.572 -104.211 910.895 -23.7749 178.867 -33.7508 
404.525 -103.715 910.853 -23.7509 178.867 -33.7511 
404.477 -103.219 910.811 -23.7266 178.867 -33.7511 
404.429 -102.725 910.769 -23.7013 178.867 -33.7501 
404.381 -102.229 910.728 -23.6765 178.867 -33.7497 
404.333 -101.733 910.686 -23.6521 178.867 -33.7509 
404.285 -101.238 910.644 -23.6276 178.867 -33.7509 
404.237 -100.743 910.602 -23.6028 178.867 -33.7496 
404.189 -100.248 910.56 -23.5794 178.867 -33.7509 
404.141 -99.7523 910.518 -23.5548 178.867 -33.751 
404.093 -99.257 910.477 -23.53 178.867 -33.7509 
404.045 -98.7614 910.435 -23.5049 178.867 -33.7506 
403.997 -98.2662 910.393 -23.4803 178.867 -33.7499 
403.949 -97.7713 910.352 -23.4564 178.867 -33.7508 
403.901 -97.2754 910.31 -23.4313 178.867 -33.7507 
403.853 -96.7805 910.268 -23.4068 178.867 -33.7502 
403.805 -96.2852 910.226 -23.3829 178.867 -33.7513 
403.757 -95.7897 910.184 -23.3578 178.867 -33.7503 
403.709 -95.2945 910.142 -23.3342 178.867 -33.7508 
403.661 -94.799 910.101 -23.3085 178.867 -33.7504 
403.613 -94.3037 910.058 -23.2853 178.867 -33.7513 
403.566 -93.8082 910.017 -23.2599 178.867 -33.7502 
403.517 -93.313 909.975 -23.2361 178.867 -33.7508 
403.47 -92.8174 909.934 -23.2109 178.867 -33.751 
403.422 -92.3223 909.891 -23.1866 178.867 -33.7511 
403.374 -91.8267 909.85 -23.1619 178.867 -33.751 
403.326 -91.3315 909.808 -23.1378 178.867 -33.7514 
403.278 -90.8367 909.766 -23.1125 178.867 -33.7506 
403.23 -90.3408 909.724 -23.0887 178.867 -33.7505 
403.182 -89.8459 909.683 -23.0638 178.867 -33.7503 
403.134 -89.3507 909.641 -23.0395 178.867 -33.7507 
403.086 -88.8552 909.599 -23.0149 178.867 -33.7509 
403.038 -88.36 909.557 -22.99 178.867 -33.7508 
402.99 -87.8644 909.515 -22.9656 178.867 -33.7504 
402.942 -87.3691 909.473 -22.9411 178.867 -33.7508 
402.894 -86.8735 909.432 -22.9162 178.867 -33.7499 
402.846 -86.3783 909.39 -22.892 178.867 -33.7508 
402.798 -85.8834 909.348 -22.8675 178.867 -33.7503 
402.75 -85.3881 909.307 -22.8428 178.867 -33.7507 
402.702 -84.8925 909.264 -22.8186 178.867 -33.7507 
402.654 -84.3972 909.223 -22.7941 178.867 -33.7505 
402.606 -83.9015 909.181 -22.7694 178.867 -33.7501 
402.558 -83.4062 909.139 -22.7453 178.867 -33.7513 
402.51 -82.9112 909.097 -22.72 178.867 -33.7503 
402.463 -82.4158 909.056 -22.6953 178.867 -33.7501 
402.415 -81.9208 909.013 -22.6715 178.867 -33.7506 
402.367 -81.4254 908.972 -22.6461 178.867 -33.7498 
402.319 -80.9296 908.93 -22.6225 178.867 -33.7508 
402.271 -80.4342 908.888 -22.5986 178.867 -33.7516 
402.223 -79.9391 908.846 -22.5735 178.867 -33.7511 
402.175 -79.4436 908.804 -22.549 178.867 -33.7513 
402.127 -78.9485 908.763 -22.5242 178.867 -33.7503 
402.079 -78.4529 908.721 -22.4991 178.867 -33.75 
402.031 -77.9577 908.679 -22.4758 178.867 -33.7514 
401.983 -77.4628 908.637 -22.4512 178.867 -33.7507 
401.935 -76.9669 908.596 -22.4261 178.867 -33.7506 
401.887 -76.472 908.554 -22.4019 178.867 -33.7503 
401.839 -75.9767 908.512 -22.3774 178.867 -33.7508 
401.791 -75.481 908.47 -22.3524 178.867 -33.75 
401.743 -74.9856 908.428 -22.3283 178.867 -33.751 
401.695 -74.4905 908.386 -22.3039 178.867 -33.7507 
401.647 -73.9951 908.345 -22.2791 178.867 -33.7502 
401.599 -73.5 908.303 -22.254 178.867 -33.7503 
401.551 -73.0045 908.261 -22.2297 178.867 -33.7503 
401.503 -72.5093 908.219 -22.2061 178.867 -33.7511 
401.455 -72.0137 908.177 -22.1812 178.867 -33.7506 
401.408 -71.5185 908.135 -22.157 178.867 -33.7508 
401.36 -71.0232 908.094 -22.1315 178.867 -33.7497 
401.312 -70.5279 908.052 -22.1067 178.867 -33.7494 
401.264 -70.0326 908.01 -22.0836 178.867 -33.751 
401.216 -69.5372 907.969 -22.0582 178.867 -33.7502 
401.168 -69.0419 907.927 -22.0336 178.867 -33.7502 
401.12 -68.5465 907.885 -22.0097 178.867 -33.751 
401.072 -68.0513 907.843 -21.9843 178.867 -33.7504 
401.024 -67.5559 907.801 -21.9599 178.867 -33.7498 
400.976 -67.0606 907.759 -21.9362 178.867 -33.7509 
400.928 -66.5652 907.717 -21.9121 178.867 -33.7516 
400.88 -66.0699 907.676 -21.8867 178.867 -33.7502 
400.832 -65.5746 907.634 -21.862 178.867 -33.7504 
400.784 -65.0793 907.592 -21.8381 178.867 -33.7516 
400.736 -64.5839 907.551 -21.8128 178.867 -33.7503 
400.688 -64.0886 907.509 -21.7883 178.867 -33.7499 
400.64 -63.5933 907.467 -21.7635 178.867 -33.7502 
400.592 -63.098 907.425 -21.7396 178.867 -33.7505 
400.544 -62.6026 907.383 -21.7153 178.867 -33.7503 
400.496 -62.1073 907.341 -21.6906 178.867 -33.7509 
400.448 -61.612 907.3 -21.6657 178.867 -33.7503 
400.4 -61.1167 907.257 -21.6415 178.867 -33.7505 
400.352 -60.6213 907.216 -21.6171 178.867 -33.7504 
400.305 -60.126 907.174 -21.5924 178.867 -33.7502 
400.257 -59.6307 907.133 -21.5673 178.867 -33.7496 
400.209 -59.1353 907.091 -21.5431 178.867 -33.7499 
400.161 -58.64 907.049 -21.5185 178.867 -33.7498 
400.113 -58.1446 907.007 -21.4948 178.867 -33.7507 
400.065 -57.6494 906.965 -21.4709 178.867 -33.7514 
400.017 -57.154 906.923 -21.4453 178.867 -33.7504 
399.969 -56.6587 906.881 -21.4207 178.867 -33.7506 
399.921 -56.1634 906.839 -21.3969 178.867 -33.7515 
399.873 -55.668 906.798 -21.3716 178.867 -33.75 
399.825 -55.1727 906.756 -21.3471 178.867 -33.7503 
399.777 -54.6773 906.714 -21.3224 178.867 -33.7505 
399.729 -54.1821 906.672 -21.2985 178.867 -33.7505 
399.681 -53.6867 906.631 -21.2732 178.867 -33.7501 
399.633 -53.1913 906.589 -21.2486 178.867 -33.7505 
399.585 -52.696 906.547 -21.225 178.867 -33.7509 
399.537 -52.2007 906.505 -21.1998 178.867 -33.7508 
399.489 -51.7054 906.464 -21.1756 178.867 -33.7507 
399.441 -51.2101 906.421 -21.151 178.867 -33.7502 
399.393 -50.7147 906.379 -21.1273 178.867 -33.7517 
399.345 -50.2194 906.338 -21.1021 178.867 -33.7507 
399.297 -49.724 906.296 -21.0778 178.867 -33.7506 
399.25 -49.2287 906.254 -21.053 178.867 -33.7502 
399.202 -48.7334 906.213 -21.0281 178.867 -33.7506 
399.154 -48.2381 906.171 -21.004 178.867 -33.7508 
399.106 -47.7427 906.129 -20.9796 178.867 -33.7508 
399.058 -47.2474 906.087 -20.9548 178.867 -33.7505 
399.01 -46.7521 906.045 -20.9298 178.867 -33.75 
398.962 -46.2568 906.003 -20.9057 178.867 -33.7504 
398.914 -45.7614 905.962 -20.8813 178.867 -33.7505 
398.866 -45.2661 905.919 -20.8577 178.867 -33.7515 
398.818 -44.7707 905.878 -20.8327 178.867 -33.7511 
398.77 -44.2754 905.836 -20.8085 178.867 -33.7516 
398.722 -43.7801 905.794 -20.7841 178.867 -33.7518 
398.674 -43.2848 905.752 -20.7593 178.867 -33.7508 
398.626 -42.7895 905.711 -20.7342 178.867 -33.7504 
398.578 -42.2941 905.669 -20.7087 178.867 -33.7498 
398.53 -41.7988 905.628 -20.6842 178.867 -33.75 
398.482 -41.3034 905.585 -20.6606 178.867 -33.7503 
398.434 -40.8081 905.543 -20.6369 178.867 -33.7515 
398.386 -40.3128 905.502 -20.6113 178.867 -33.7499 
398.338 -39.8175 905.46 -20.5868 178.867 -33.7503 
398.29 -39.3221 905.418 -20.5632 178.867 -33.7518 
398.242 -38.8269 905.376 -20.5382 178.867 -33.7507 
398.194 -38.3315 905.334 -20.514 178.867 -33.7516 
398.147 -37.8362 905.293 -20.4881 178.867 -33.7498 
398.099 -37.3408 905.251 -20.4645 178.867 -33.7504 
398.051 -36.8455 905.209 -20.4394 178.867 -33.7504 
398.003 -36.3502 905.167 -20.4152 178.867 -33.7504 
397.955 -35.8548 905.126 -20.3907 178.867 -33.7502 
397.907 -35.3595 905.084 -20.3659 178.867 -33.7507 
397.859 -34.8642 905.042 -20.342 178.867 -33.7511 
397.811 -34.3688 905 -20.3165 178.867 -33.7499 
397.763 -33.8735 904.959 -20.292 178.867 -33.7498 
397.715 -33.3782 904.917 -20.2673 178.867 -33.7495 
397.667 -32.8828 904.875 -20.2434 178.867 -33.75 
397.619 -32.3875 904.833 -20.2194 178.867 -33.7505 
397.571 -31.8922 904.791 -20.1949 178.867 -33.7505 
397.523 -31.3969 904.749 -20.1701 178.867 -33.7501 
397.475 -30.9015 904.707 -20.1464 178.867 -33.751 
397.427 -30.4062 904.665 -20.121 178.867 -33.7501 
397.379 -29.9109 904.624 -20.0966 178.867 -33.7504 
397.331 -29.4155 904.582 -20.0732 178.867 -33.7516 
397.283 -28.9202 904.541 -20.0467 178.867 -33.7498 
397.235 -28.4249 904.498 -20.0241 178.867 -33.7519 
397.187 -27.9296 904.457 -19.9983 178.867 -33.7508 
397.14 -27.4342 904.415 -19.9736 178.867 -33.7499 
397.091 -26.9389 904.373 -19.95 178.867 -33.7511 
397.044 -26.4436 904.331 -19.9247 178.867 -33.7507 
396.996 -25.9483 904.289 -19.9004 178.867 -33.7502 
396.948 -25.4529 904.247 -19.8758 178.867 -33.7504 
396.9 -24.9576 904.206 -19.8509 178.867 -33.7504 
396.852 -24.4623 904.164 -19.8255 178.867 -33.749 
396.804 -23.9669 904.122 -19.8013 178.867 -33.7498 
396.756 -23.4716 904.081 -19.7768 178.867 -33.7492 
396.708 -22.9763 904.038 -19.7533 178.867 -33.7508 
396.66 -22.481 903.997 -19.7281 178.867 -33.7496 
396.612 -21.9856 903.955 -19.704 178.867 -33.7506 
396.564 -21.4903 903.913 -19.6795 178.867 -33.7502 
396.516 -20.995 903.872 -19.6548 178.867 -33.7506 
396.468 -20.4996 903.83 -19.6296 178.867 -33.7496 
396.42 -20.0043 903.788 -19.6057 178.867 -33.7499 
396.372 -19.509 903.746 -19.5814 178.867 -33.7508 
396.324 -19.0136 903.704 -19.5581 178.867 -33.7517 
396.276 -18.5183 903.662 -19.5332 178.867 -33.751 
396.228 -18.023 903.62 -19.5078 178.867 -33.7499 
396.18 -17.5276 903.578 -19.4835 178.867 -33.751 
396.132 -17.0323 903.537 -19.459 178.867 -33.7508 
396.085 -16.537 903.495 -19.4342 178.867 -33.7503 
396.037 -16.0416 903.454 -19.4088 178.867 -33.7494 
395.989 -15.5463 903.412 -19.3848 178.867 -33.7498 
395.941 -15.051 903.37 -19.3604 178.867 -33.7498 
395.893 -14.5557 903.328 -19.3371 178.867 -33.751 
395.845 -14.0604 903.286 -19.3121 178.867 -33.7504 
395.797 -13.565 903.244 -19.2881 178.867 -33.7509 
395.749 -13.0697 903.202 -19.2622 178.867 -33.7495 
395.701 -12.5744 903.16 -19.2392 178.867 -33.7511 
395.653 -12.0791 903.119 -19.2127 178.867 -33.7492 
395.605 -11.5837 903.077 -19.1904 178.867 -33.7515 
395.557 -11.0884 903.035 -19.1647 178.867 -33.7504 
395.509 -10.593 902.993 -19.1403 178.867 -33.7506 
395.461 -10.0977 902.952 -19.1154 178.867 -33.7504 
395.413 -9.60241 902.91 -19.0903 178.867 -33.75 
395.365 -9.10703 902.868 -19.0663 178.867 -33.7507 
395.317 -8.61174 902.826 -19.042 178.867 -33.7502 
395.269 -8.11638 902.785 -19.0174 178.867 -33.7503 
395.221 -7.62111 902.742 -18.9924 178.867 -33.7501 
395.173 -7.12574 902.701 -18.9686 178.867 -33.7511 
395.125 -6.63042 902.659 -18.9445 178.867 -33.7508 
395.077 -6.13508 902.617 -18.92 178.867 -33.7511 
395.029 -5.63976 902.576 -18.8951 178.867 -33.7511 
394.982 -5.14443 902.534 -18.8701 178.867 -33.75 
394.934 -4.6491 902.491 -18.8462 178.867 -33.751 
394.886 -4.15377 902.45 -18.8203 178.867 -33.749 
394.838 -3.65844 902.408 -18.7956 178.867 -33.7492 
394.79 -3.16311 902.366 -18.7722 178.867 -33.7508 
394.742 -2.66778 902.324 -18.747 178.867 -33.7495 
394.694 -2.17245 902.283 -18.7228 178.867 -33.7503 
394.646 -1.67713 902.241 -18.6985 178.867 -33.75 
394.598 -1.18179 902.199 -18.6737 178.867 -33.7502 
394.55 -0.686465 902.157 -18.6485 178.867 -33.7491 
394.502 -0.191135 902.116 -18.6248 178.867 -33.7505 
394.454 0.304193 902.073 -18.6022 178.867 -33.752 
394.406 0.799526 902.032 -18.576 178.867 -33.7509 
394.358 1.29485 901.99 -18.5511 178.867 -33.7501 
394.31 1.79018 901.948 -18.5258 178.867 -33.749 
394.262 2.28551 901.906 -18.5035 178.867 -33.7518 
394.214 2.78084 901.864 -18.4791 178.867 -33.7515 
394.166 3.27617 901.822 -18.4544 178.867 -33.7511 
394.118 3.7715 901.781 -18.4295 178.867 -33.7513 
394.07 4.26683 901.739 -18.404 178.867 -33.7501 
394.022 4.76216 901.697 -18.38 178.867 -33.7503 
393.974 5.25748 901.655 -18.3556 178.867 -33.7512 
393.927 5.75281 901.613 -18.3307 178.867 -33.7506 
393.879 6.24814 901.572 -18.3057 178.867 -33.7498 
393.831 6.74346 901.53 -18.2818 178.867 -33.7502 
393.783 7.23882 901.488 -18.2576 178.867 -33.7503 
393.735 7.73415 901.446 -18.2331 178.867 -33.7512 
393.687 8.22945 901.405 -18.2082 178.867 -33.7505 
393.639 8.72479 901.363 -18.1829 178.867 -33.7496 
393.591 9.22012 901.321 -18.1591 178.867 -33.7502 
393.543 9.71548 901.279 -18.1348 178.867 -33.7502 
393.495 10.2108 901.237 -18.1102 178.867 -33.75 
393.447 10.7061 901.195 -18.0868 178.867 -33.7521 
393.399 11.2015 901.154 -18.0597 178.867 -33.7494 
393.351 11.6968 901.112 -18.0374 178.867 -33.7515 
393.303 12.1921 901.07 -18.0115 178.867 -33.75 
393.255 12.6874 901.028 -17.9885 178.867 -33.7515 
393.207 13.1828 900.986 -17.9634 178.867 -33.7508 
393.159 13.6781 900.945 -17.9379 178.867 -33.7499 
393.111 14.1734 900.903 -17.9139 178.867 -33.7503 
393.063 14.6688 900.862 -17.8894 178.867 -33.7503 
393.015 15.1641 900.819 -17.8646 178.867 -33.75 
392.968 15.6594 900.778 -17.8396 178.867 -33.7496 
392.92 16.1547 900.736 -17.8158 178.867 -33.7503 
392.872 16.6501 900.694 -17.7916 178.867 -33.7507 
392.824 17.1454 900.652 -17.7654 178.867 -33.749 
392.776 17.6407 900.61 -17.7423 178.867 -33.7504 
392.728 18.136 900.569 -17.717 178.867 -33.7497 
392.68 18.6314 900.527 -17.6931 178.867 -33.7504 
392.632 19.1267 900.485 -17.6691 178.867 -33.751 
392.584 19.622 900.443 -17.6445 178.867 -33.751 
392.536 20.1174 900.401 -17.6195 178.867 -33.7506 
392.488 20.6127 900.36 -17.5942 178.867 -33.7499 
392.44 21.108 900.318 -17.5704 178.867 -33.7498 
392.392 21.6034 900.276 -17.5461 178.867 -33.7501 
392.344 22.0987 900.234 -17.5233 178.867 -33.7519 
392.296 22.594 900.192 -17.4966 178.867 -33.7499 
392.248 23.0893 900.15 -17.473 178.867 -33.7509 
392.2 23.5847 900.109 -17.4473 178.867 -33.7498 
392.152 24.08 900.067 -17.4231 178.867 -33.7503 
392.104 24.5753 900.025 -17.4001 178.867 -33.7521 
392.056 25.0706 899.983 -17.3752 178.867 -33.7508 
392.008 25.566 899.942 -17.3497 178.867 -33.75 
391.96 26.0613 899.9 -17.3258 178.867 -33.7508 
391.912 26.5566 899.858 -17.3016 178.867 -33.7512 
391.864 27.0519 899.816 -17.2768 178.867 -33.7511 
391.817 27.5473 899.774 -17.2518 178.867 -33.7509 
391.769 28.0426 899.732 -17.2282 178.867 -33.751 
391.721 28.538 899.69 -17.2023 178.867 -33.7498 
391.673 29.0333 899.649 -17.1779 178.867 -33.7502 
391.625 29.5286 899.607 -17.1532 178.867 -33.7502 
391.577 30.0239 899.565 -17.1281 178.867 -33.7488 
391.529 30.5192 899.523 -17.1064 178.867 -33.7518 
391.481 31.0146 899.482 -17.0805 178.867 -33.7507 
391.433 31.5099 899.44 -17.0561 178.867 -33.751 
391.385 32.0053 899.398 -17.0295 178.867 -33.7492 
391.337 32.5006 899.356 -17.0062 178.867 -33.7496 
391.289 32.9959 899.314 -16.9827 178.867 -33.7509 
391.241 33.4913 899.272 -16.9567 178.867 -33.7496 
391.193 33.9866 899.231 -16.9323 178.867 -33.75 
391.145 34.4819 899.189 -16.9074 178.867 -33.7489 
391.097 34.9772 899.147 -16.8843 178.867 -33.7505 
391.049 35.4725 899.105 -16.8605 178.867 -33.7515 
391.001 35.9679 899.064 -16.8347 178.867 -33.7504 
390.953 36.4632 899.022 -16.8101 178.867 -33.7506 
390.905 36.9586 898.98 -16.7854 178.867 -33.7496 
390.857 37.4539 898.938 -16.7622 178.867 -33.7512 
390.809 37.9492 898.896 -16.7365 178.867 -33.7502 
390.761 38.4446 898.854 -16.7125 178.867 -33.751 
390.714 38.9398 898.813 -16.688 178.867 -33.7503 
390.666 39.4352 898.771 -16.6632 178.867 -33.7503 
390.618 39.9305 898.729 -16.64 178.867 -33.7518 
390.57 40.4258 898.687 -16.6143 178.867 -33.7509 
390.522 40.9212 898.645 -16.5903 178.867 -33.7506 
390.474 41.4166 898.603 -16.5658 178.867 -33.7509 
390.426 41.9118 898.562 -16.5409 178.867 -33.7508 
390.378 42.4072 898.52 -16.5156 178.867 -33.7502 
390.33 42.9025 898.478 -16.4921 178.867 -33.7504 
390.282 43.3978 898.436 -16.466 178.867 -33.7491 
390.234 43.8932 898.395 -16.4414 178.867 -33.7493 
390.186 44.3885 898.353 -16.4186 178.867 -33.7512 
390.138 44.8838 898.311 -16.3932 178.867 -33.7506 
390.09 45.3792 898.269 -16.3677 178.867 -33.7488 
390.042 45.8745 898.227 -16.3457 178.867 -33.7515 
389.994 46.3698 898.185 -16.321 178.867 -33.7516 
389.946 46.8651 898.144 -16.2962 178.867 -33.7515 
389.898 47.3605 898.102 -16.2709 178.867 -33.7499 
389.85 47.8558 898.06 -16.2471 178.867 -33.7508 
389.802 48.3512 898.018 -16.221 178.867 -33.7494 
389.754 48.8464 897.977 -16.1965 178.867 -33.7496 
389.706 49.3418 897.935 -16.1736 178.867 -33.7514 
389.659 49.8371 897.893 -16.1483 178.867 -33.7508 
389.61 50.3325 897.851 -16.1245 178.867 -33.7508 
389.563 50.8278 897.809 -16.1004 178.867 -33.7513 
389.515 51.3231 897.768 -16.074 178.867 -33.7496 
389.467 51.8185 897.726 -16.0491 178.867 -33.7493 
389.419 52.3138 897.684 -16.0257 178.867 -33.7506 
389.371 52.8091 897.642 -15.9998 178.867 -33.7494 
389.323 53.3044 897.601 -15.9759 178.867 -33.7491 
389.275 53.7998 897.558 -15.9533 178.867 -33.7512 
389.227 54.2951 897.517 -15.9263 178.867 -33.7489 
389.179 54.7904 897.475 -15.9029 178.867 -33.7501 
389.131 55.2858 897.433 -15.8772 178.867 -33.749 
389.083 55.7811 897.391 -15.855 178.867 -33.7514 
389.035 56.2764 897.349 -15.8305 178.867 -33.7516 
388.987 56.7717 897.307 -15.8054 178.867 -33.751 
388.939 57.267 897.266 -15.7801 178.867 -33.7503 
388.891 57.7624 897.224 -15.7564 178.867 -33.7511 
388.843 58.2577 897.183 -15.7299 178.867 -33.7493 
388.795 58.753 897.14 -15.7074 178.867 -33.7514 
388.747 59.2484 897.099 -15.6825 178.867 -33.7509 
388.7 59.7437 897.057 -15.657 178.867 -33.75 
388.651 60.2391 897.015 -15.6332 178.867 -33.7508 
388.604 60.7344 896.973 -15.6088 178.867 -33.7509 
388.556 61.2297 896.932 -15.5842 178.867 -33.7508 
388.508 61.725 896.89 -15.5591 178.867 -33.7502 
388.46 62.2204 896.847 -15.5358 178.867 -33.7513 
388.412 62.7157 896.806 -15.5098 178.867 -33.7499 
388.364 63.211 896.764 -15.4856 178.867 -33.7501 
388.316 63.7064 896.722 -15.4609 178.867 -33.7498 
388.268 64.2017 896.68 -15.4378 178.867 -33.7513 
388.22 64.697 896.638 -15.4144 178.867 -33.7523 
388.172 65.1923 896.597 -15.3884 178.867 -33.7506 
388.124 65.6877 896.555 -15.3641 178.867 -33.7507 
388.076 66.183 896.513 -15.3393 178.867 -33.7503 
388.028 66.6783 896.471 -15.3162 178.867 -33.7517 
387.98 67.1736 896.429 -15.2906 178.867 -33.7514 
387.932 67.669 896.388 -15.2647 178.867 -33.7499 
387.884 68.1641 896.346 -15.2404 178.867 -33.7498 
387.836 68.6597 896.304 -15.2155 178.867 -33.7493 
387.788 69.1548 896.262 -15.1924 178.867 -33.7505 
387.74 69.65 896.22 -15.1689 178.867 -33.7522 
387.692 70.1453 896.178 -15.1449 178.867 -33.7525 
387.644 70.6408 896.137 -15.1182 178.867 -33.7501 
387.596 71.1363 896.095 -15.0955 178.867 -33.7517 
387.549 71.6319 896.054 -15.0679 178.867 -33.7494 
387.5 72.127 896.011 -15.0465 178.867 -33.7522 
387.453 72.6221 895.97 -15.0203 178.867 -33.7501 
387.405 73.1174 895.928 -14.9958 178.867 -33.7508 
387.357 73.6128 895.886 -14.9706 178.867 -33.7498 
387.309 74.1083 895.845 -14.9452 178.867 -33.7485 
387.261 74.6033 895.803 -14.9216 178.867 -33.75 
387.213 75.099 895.761 -14.8974 178.867 -33.75 
387.165 75.5942 895.719 -14.8728 178.867 -33.7505 
387.117 76.0895 895.677 -14.8476 178.867 -33.7494 
387.069 76.5849 895.635 -14.8243 178.867 -33.7502 
387.021 77.0805 895.593 -14.7983 178.867 -33.7492 
386.973 77.5754 895.551 -14.7762 178.867 -33.7511 
386.925 78.0706 895.51 -14.7494 178.867 -33.7493 
386.877 78.5665 895.468 -14.7239 178.867 -33.7479 
386.829 79.0612 895.426 -14.703 178.867 -33.7518 
386.781 79.5567 895.385 -14.6767 178.867 -33.7505 
386.733 80.0524 895.343 -14.6522 178.867 -33.75 
386.685 80.5475 895.3 -14.6298 178.867 -33.7525 
386.637 81.0427 895.259 -14.6022 178.867 -33.7487 
386.589 81.5381 895.217 -14.5786 178.867 -33.75 
386.541 82.0336 895.175 -14.5545 178.867 -33.7508 
386.494 82.5286 895.134 -14.5278 178.867 -33.7479 
386.446 83.0244 895.092 -14.505 178.867 -33.75 
386.398 83.5196 895.05 -14.4796 178.867 -33.7494 
386.35 84.015 895.009 -14.4557 178.867 -33.7502 
386.302 84.5099 894.966 -14.4316 178.867 -33.7499 
386.254 85.0056 894.925 -14.4068 178.867 -33.7498 
386.206 85.5008 894.883 -14.3818 178.867 -33.7495 
386.158 85.9961 894.841 -14.3583 178.867 -33.7507 
386.11 86.4915 894.799 -14.3321 178.867 -33.7492 
386.062 86.9865 894.757 -14.31 178.867 -33.7517 
386.014 87.4822 894.715 -14.2851 178.867 -33.7505 
385.966 87.9775 894.673 -14.2621 178.867 -33.7521 
385.918 88.4729 894.631 -14.2363 178.867 -33.7508 
385.87 88.9678 894.59 -14.2124 178.867 -33.7514 
385.822 89.4636 894.549 -14.1854 178.867 -33.749 
385.774 89.9588 894.507 -14.1602 178.867 -33.7483 
385.726 90.4541 894.465 -14.1371 178.867 -33.7497 
385.678 90.9497 894.423 -14.1133 178.867 -33.7504 
385.63 91.4447 894.381 -14.0891 178.867 -33.7506 
385.582 91.9399 894.339 -14.0644 178.867 -33.7513 
385.534 92.4353 894.297 -14.039 178.867 -33.7502 
385.486 92.9308 894.255 -14.0156 178.867 -33.7512 
385.439 93.4259 894.214 -13.9892 178.867 -33.7492 
385.39 93.9217 894.172 -13.967 178.867 -33.7513 
385.343 94.4165 894.13 -13.9397 178.867 -33.7492 
385.295 94.912 894.088 -13.9165 178.867 -33.7503 
385.247 95.4077 894.047 -13.8929 178.867 -33.751 
385.199 95.903 894.004 -13.8685 178.867 -33.7508 
385.151 96.3984 893.963 -13.8415 178.867 -33.749 
385.103 96.8933 893.921 -13.8186 178.867 -33.7502 
385.055 97.3884 893.879 -13.7953 178.867 -33.752 
385.007 97.8844 893.838 -13.7689 178.867 -33.7498 
384.959 98.3792 893.796 -13.7444 178.867 -33.7492 
384.911 98.8748 893.754 -13.7195 178.867 -33.7494 
384.863 99.37 893.712 -13.6963 178.867 -33.7502 
384.815 99.8654 893.671 -13.6702 178.867 -33.7491 
384.767 100.361 893.629 -13.6457 178.867 -33.7486 
384.719 100.856 893.587 -13.6235 178.867 -33.7513 
384.671 101.351 893.545 -13.5957 178.867 -33.7484 
384.623 101.847 893.503 -13.5721 178.867 -33.7488 
384.575 102.342 893.461 -13.5505 178.867 -33.7521 
384.527 102.838 893.42 -13.5237 178.867 -33.75 
384.479 103.333 893.378 -13.4985 178.867 -33.7486 
384.431 103.828 893.336 -13.4753 178.867 -33.7501 
384.383 104.324 893.294 -13.4514 178.867 -33.751 
384.336 104.819 893.252 -13.4248 178.867 -33.749 
384.288 105.314 893.211 -13.3998 178.867 -33.7487 
384.24 105.809 893.168 -13.3791 178.867 -33.7527 
384.192 106.305 893.127 -13.3531 178.867 -33.7503 
384.144 106.8 893.085 -13.3264 178.867 -33.7482 
384.096 107.295 893.043 -13.3019 178.867 -33.7482 
384.048 107.791 893.001 -13.279 178.867 -33.7499 
384 108.286 892.959 -13.2555 178.867 -33.7508 
383.952 108.781 892.918 -13.2316 178.867 -33.7514 
383.904 109.276 892.876 -13.2046 178.867 -33.7498 
383.856 109.772 892.834 -13.1817 178.867 -33.7513 
383.808 110.267 892.792 -13.1561 178.867 -33.7501 
383.76 110.762 892.751 -13.1322 178.867 -33.7505 
383.712 111.258 892.708 -13.1079 178.867 -33.7505 
383.664 111.753 892.667 -13.0828 178.867 -33.7506 
383.616 112.249 892.625 -13.0596 178.867 -33.7517 
383.568 112.744 892.583 -13.0335 178.867 -33.7498 
383.52 113.239 892.541 -13.0093 178.867 -33.7498 
383.472 113.735 892.5 -12.9845 178.867 -33.7501 
383.424 114.23 892.458 -12.9591 178.867 -33.7488 
383.376 114.725 892.416 -12.9354 178.867 -33.7502 
383.328 115.221 892.374 -12.9112 178.867 -33.75 
383.281 115.716 892.333 -12.8865 178.867 -33.7503 
383.232 116.212 892.29 -12.8635 178.867 -33.7514 
383.185 116.707 892.249 -12.8351 178.867 -33.7478 
383.137 117.202 892.207 -12.8136 178.867 -33.7513 
383.089 117.697 892.165 -12.789 178.867 -33.7504 
383.041 118.193 892.123 -12.7637 178.867 -33.75 
382.993 118.688 892.081 -12.7403 178.867 -33.7514 
382.945 119.183 892.04 -12.7138 178.867 -33.7486 
382.897 119.678 891.998 -12.6919 178.867 -33.7514 
382.849 120.174 891.956 -12.6666 178.867 -33.7508 
382.801 120.669 891.914 -12.6431 178.867 -33.752 
382.753 121.164 891.873 -12.6169 178.867 -33.7503 
382.705 121.66 891.831 -12.5923 178.867 -33.7504 
382.657 122.155 891.789 -12.5671 178.867 -33.7497 
382.609 122.65 891.748 -12.5412 178.867 -33.7483 
382.561 123.146 891.705 -12.5172 178.867 -33.7488 
382.513 123.641 891.664 -12.4929 178.867 -33.749 
382.465 124.136 891.622 -12.4676 178.867 -33.7481 
382.417 124.632 891.58 -12.4443 178.867 -33.7491 
382.369 125.127 891.538 -12.4206 178.867 -33.7497 
382.321 125.623 891.496 -12.3959 178.867 -33.7504 
382.273 126.118 891.455 -12.3709 178.867 -33.7495 
382.225 126.613 891.413 -12.3476 178.867 -33.7505 
382.178 127.108 891.371 -12.3213 178.867 -33.7493 
382.13 127.604 891.329 -12.2966 178.867 -33.7488 
382.081 128.099 891.287 -12.2738 178.867 -33.7502 
382.034 128.595 891.245 -12.2483 178.867 -33.7496 
381.986 129.09 891.204 -12.2242 178.867 -33.7495 
381.938 129.585 891.162 -12.1995 178.867 -33.7499 
381.89 130.08 891.12 -12.1771 178.867 -33.7513 
381.842 130.576 891.078 -12.1511 178.867 -33.7503 
381.794 131.071 891.037 -12.1271 178.867 -33.7511 
381.746 131.566 890.995 -12.1025 178.867 -33.7503 
381.698 132.062 890.953 -12.0773 178.867 -33.7499 
381.65 132.557 890.911 -12.0538 178.867 -33.7511 
381.602 133.052 890.869 -12.0299 178.867 -33.7519 
381.554 133.548 890.827 -12.0049 178.867 -33.7517 
381.506 134.043 890.785 -11.9795 178.867 -33.7509 
381.458 134.538 890.744 -11.9536 178.867 -33.7485 
381.41 135.034 890.702 -11.9294 178.867 -33.7489 
381.362 135.529 890.66 -11.9045 178.867 -33.7485 
381.314 136.024 890.619 -11.8788 178.867 -33.7483 
381.266 136.52 890.577 -11.8552 178.867 -33.7491 
381.218 137.015 890.535 -11.8311 178.867 -33.7493 
381.171 137.511 890.493 -11.8061 178.867 -33.7487 
381.122 138.006 890.451 -11.783 178.867 -33.7499 
381.075 138.501 890.409 -11.7592 178.867 -33.7503 
381.027 138.997 890.367 -11.7348 178.867 -33.7511 
380.979 139.492 890.326 -11.7096 178.867 -33.7501 
380.931 139.987 890.284 -11.6839 178.867 -33.7494 
380.883 140.482 890.242 -11.6597 178.867 -33.7493 
380.835 140.978 890.201 -11.6352 178.867 -33.7489 
380.787 141.473 890.159 -11.6124 178.867 -33.7512 
380.739 141.968 890.117 -11.5864 178.867 -33.7501 
380.691 142.463 890.075 -11.5623 178.867 -33.7498 
380.643 142.959 890.033 -11.5399 178.867 -33.7524 
380.595 143.454 889.992 -11.5117 178.867 -33.749 
380.547 143.949 889.949 -11.4908 178.867 -33.7519 
380.499 144.445 889.908 -11.4636 178.867 -33.7495 
380.451 144.94 889.866 -11.4412 178.867 -33.7516 
380.403 145.436 889.824 -11.4153 178.867 -33.7505 
380.355 145.931 889.782 -11.3914 178.867 -33.7512 
380.307 146.426 889.74 -11.3667 178.867 -33.751 
380.259 146.922 889.699 -11.3414 178.867 -33.7503 
380.211 147.417 889.657 -11.3178 178.867 -33.7511 
380.163 147.913 889.615 -11.2936 178.867 -33.7514 
380.116 148.407 889.573 -11.2686 178.867 -33.7508 
380.068 148.903 889.531 -11.2431 178.867 -33.7496 
380.02 149.398 889.49 -11.2191 178.867 -33.7499 
379.972 149.893 889.448 -11.1947 178.867 -33.7507 
379.924 150.389 889.406 -11.1694 178.867 -33.7497 
379.876 150.885 889.364 -11.146 178.867 -33.7504 
379.828 151.379 889.322 -11.1219 178.867 -33.7514 
379.78 151.875 889.28 -11.0971 178.867 -33.7507 
379.732 152.37 889.238 -11.0743 178.867 -33.7529 
379.684 152.865 889.197 -11.0477 178.867 -33.7502 
379.636 153.361 889.155 -11.0232 178.867 -33.7507 
379.588 153.856 889.113 -10.9979 178.867 -33.7493 
379.54 154.351 889.072 -10.9748 178.867 -33.751 
379.492 154.847 889.03 -10.9506 178.867 -33.7516 
379.444 155.342 888.988 -10.9256 178.867 -33.7514 
379.396 155.838 888.946 -10.9 178.867 -33.7495 
379.348 156.333 888.905 -10.8733 178.867 -33.7474 
379.3 156.828 888.863 -10.8516 178.867 -33.7503 
379.252 157.324 888.821 -10.8263 178.867 -33.7496 
379.204 157.819 888.779 -10.803 178.867 -33.7508 
379.157 158.314 888.737 -10.776 178.867 -33.7483 
379.109 158.81 888.696 -10.751 178.867 -33.7477 
379.061 159.305 888.653 -10.7308 178.867 -33.7517 
