489.007  16.974  582.742  0.000  180.000  40.000 
531.420  -48.513  564.622  109.106  165.522  148.206 
509.957  -58.239  556.364  114.003  163.180  158.328 
517.144  -56.399  550.599  125.113  162.211  168.985 
514.667  -38.110  548.033  134.447  169.345  177.869 
518.640  13.758  554.793  152.300  168.232  -142.244  
541.389  -21.269  558.094  -169.150  164.520  -147.181 
556.397  -21.183  558.094  -156.199  161.048  -138.468 
569.263  -42.071  545.815  -158.585  156.555  -148.466 
561.489  -49.781  543.321  -160.479  160.645  -158.868 
571.840  -36.887  557.122  -137.853  156.592  -146.014 
570.975  -63.977  558.850  -124.641  162.511  -138.908 
570.975  -49.241  570.858  -153.853  161.038  -161.164 
576.414  -84.139  556.683  -153.114  168.464  -170.767 
604.778  -127.209  527.073  -175.801  168.766  154.177